-10.87 -26.74
-6.91 -26.87
-8.78 -14.02
0 0 0
-6.91 -26.87
5.58 -27.28
-8.78 -14.02
0 0 0
5.58 -27.28
13.65 -14.73
-8.78 -14.02
0 0 0
20.78 -14.31
20.35 -6.21
17.22 -6.44
0 0 0
-16.32 -3.2
-16.43 -13.03
-8.78 -14.02
0 0 0
-21.09 7.68
-13.29 -0.85
-16.32 17.55
0 0 0
17.22 -6.44
-13.29 -0.85
-8.78 -14.02
0 0 0
-13.29 -0.85
-16.32 -3.2
-8.78 -14.02
0 0 0
18.97 -30.72
21.08 -30.49
19.29 -21.59
0 0 0
14.55 -12.63
20.78 -14.31
17.22 -6.44
0 0 0
14.55 -12.63
17.22 -6.44
-8.78 -14.02
0 0 0
13.65 -14.73
14.55 -12.63
-8.78 -14.02
0 0 0
13.97 -21.8
13.65 -14.73
5.58 -27.28
0 0 0
13.97 -21.8
18.97 -30.72
19.29 -21.59
0 0 0
-6.91 -26.87
-3.95 -34.64
5.58 -27.28
0 0 0
-3.95 -34.64
4.93 -33.7
5.58 -27.28
0 0 0
-3.95 -34.64
-6.91 -26.87
-6.12 -34.87
0 0 0
-3.95 -34.64
2.7 -37.68
4.93 -33.7
0 0 0
2.7 -37.68
-3.95 -34.64
-3.49 -39.05
0 0 0
2.66 27.7
-13.29 -0.85
2.69 27.7
0 0 0
-13.29 -0.85
2.66 27.7
-16.32 17.55
0 0 0
2.66 27.7
-7.05 27.7
-16.32 17.55
0 0 0
2.66 27.7
2.69 27.7
2.66 43.65
0 0 0
-13.29 -0.85
20.29 1.44
2.69 27.7
0 0 0
20.29 1.44
13.05 27.7
2.69 27.7
0 0 0
13.05 27.7
20.29 1.44
24.51 1.83
0 0 0
-17.78 0.13
-13.29 -0.85
-21.09 7.68
0 0 0
-17.78 0.12
-17.78 0.13
-32.48 0.12
0 0 0
-16.32 -3.2
-15.02 -0.85
-17.78 0.12
0 0 0
-15.02 -0.85
-17.78 0.13
-17.78 0.12
0 0 0
-17.78 0.13
-15.02 -0.85
-13.29 -0.85
0 0 0
8.08 -27.36
13.97 -21.8
5.58 -27.28
0 0 0
8.08 -27.36
8.68 -31.8
9.49 -31.72
0 0 0
18.97 -30.72
8.08 -27.36
9.49 -31.72
0 0 0
13.97 -21.8
8.08 -27.36
18.97 -30.72
0 0 0
20.06 0.15
-13.29 -0.85
17.22 -6.44
0 0 0
20.06 0.15
20.29 1.44
-13.29 -0.85
0 0 0
2.7 -37.68
2.71 -37.68
4.93 -33.7
0 0 0
2.71 -37.68
7.76 -36.56
4.93 -33.7
0 0 0
2.71 -37.68
2.7 -37.68
2.7 -43.65
0 0 0
4.93 -33.7
7.03 -33.48
5.58 -27.28
0 0 0
18.97 -30.72
9.49 -34.99
19.76 -34.99
0 0 0
9.49 -34.99
18.97 -30.72
9.49 -31.72
0 0 0
20.06 0.15
20.07 0.15
20.29 1.44
0 0 0
20.07 0.15
20.59 1.37
20.29 1.44
0 0 0
-5.24 -33.56
0.66 -27.12
-5.67 -26.91
50 98 118
5.38 -32.7
2.22 -27.17
-3.92 -33.8
64 118 137
4.16 -27.23
2.22 -27.17
5.38 -32.7
64 118 137
-2.54 -37.95
3.74 -34.04
-2.83 -34.68
218 188 155
3.74 -34.04
-2.54 -37.95
5.74 -36.12
218 188 155
12.35 0.72
11.67 14.46
-0.7 -10.2
218 188 155
11.01 -5.28
12.35 0.72
-0.7 -10.2
218 188 155
19.02 -13.21
16.63 -7.81
14.76 -12.15
188 74 75
18.68 -7.67
16.63 -7.81
19.02 -13.21
188 74 75
12.76 -21.85
11.08 -14.3
8.78 -22.02
171 44 44
12.3 -14.62
11.08 -14.3
12.76 -21.85
171 44 44
7.93 -26.2
7.48 -22.88
1.68 -26.04
171 44 44
7.48 -22.88
4.69 -20.77
1.68 -26.04
171 44 44
9.21 -13.33
9.4 -12.49
8.95 -13.29
171 44 44
2.2 -12.14
10.62 -7.0
0.8 -11.75
173 60 71
2.2 -12.14
10.21 -8.84
10.62 -7.0
173 60 71
10.21 -8.84
2.2 -12.14
7.77 -13.11
173 60 71
2.2 -12.14
2.21 -12.26
7.77 -13.11
173 60 71
-6.15 -11.28
-6.74 -11.16
-8.13 -18.8
173 60 71
2.64 -19.22
-6.15 -11.28
-8.13 -18.8
173 60 71
2.68 -19.88
2.27 -22.71
3.78 -20.08
173 60 71
2.64 -19.22
2.68 -19.88
3.78 -20.08
173 60 71
2.27 -22.71
2.68 -19.88
-8.13 -18.8
173 60 71
2.68 -19.88
2.64 -19.22
-8.13 -18.8
173 60 71
0.41 -25.95
-8.49 -19.73
-9.41 -25.54
199 88 88
-8.49 -19.73
0.41 -25.95
1.71 -23.7
199 88 88
2.95 -18.26
7.65 -21.73
9.56 -14.88
194 93 94
2.39 -15.23
9.56 -14.88
2.29 -13.53
194 93 94
2.39 -15.23
2.95 -18.26
9.56 -14.88
194 93 94
1.66 -17.5
-2.87 -11.91
-4.62 -11.57
237 183 189
1.4 -13.25
-2.87 -11.91
1.66 -17.5
237 183 189
13.79 3.34
22.11 3.08
12.04 25.7
168 107 173
11.68 15.47
-7.19 25.1
-14.57 16.68
158 96 162
11.21 25.7
-7.19 25.1
11.68 15.47
158 96 162
-6.68 15.33
3.58 1.83
9.81 14.29
125 64 125
-10.73 2.13
3.58 1.83
-6.68 15.33
125 64 125
-12.46 2.38
-6.68 15.33
-14.11 2.21
125 64 125
-12.46 2.38
-10.73 2.13
-6.68 15.33
125 64 125
-12.51 2.17
-12.46 2.38
-14.11 2.21
125 64 125
-16.42 0.9
-7.89 15.7
-19.13 7.08
164 102 170
-7.89 15.7
-14.64 16.22
-19.13 7.08
164 102 170
-2.2 -10.26
-5.4 0.87
-6.74 -9.56
220 181 143
-5.4 0.87
-2.2 -10.26
3.25 0.73
220 181 143
-9.04 -12.13
-11.04 1.04
-14.43 -11.28
133 78 120
-11.04 1.04
-9.04 -12.13
-7.21 0.48
133 78 120
12.78 -13.21
13.76 1.48
10.68 -12.65
129 61 126
13.76 1.48
12.78 -13.21
18.36 0.29
129 61 126
9.59 -30.49
17.91 -22.93
8.68 -22.63
36 81 109
17.91 -22.93
9.59 -30.49
19.47 -29.67
36 81 109
10.56 -33.77
17.68 -30.93
10.51 -31.46
214 179 144
17.68 -30.93
10.56 -33.77
18.43 -33.77
214 179 144
16.63 -11.12
19.4 0.15
-8.6 -11.2
0 0 0
7.46 -31.58
6.22 -27.26
5.5 -31.76
0 0 0
20.15 -19.0
19.72 -10.9
16.63 -11.12
0 0 0
6.22 -27.26
-3.53 -32.57
5.5 -31.76
0 0 0
-3.53 -32.57
2.71 -35.68
5.5 -31.76
0 0 0
2.71 -35.68
-3.53 -32.57
-3.07 -36.96
0 0 0
13.81 -17.28
20.15 -19.0
16.63 -11.12
0 0 0
13.81 -17.28
16.63 -11.12
-8.6 -11.2
0 0 0
6.22 -27.26
13.81 -17.28
-8.6 -11.2
0 0 0
-10.87 -26.64
-6.39 -26.8
-8.6 -11.2
0 0 0
-6.39 -26.8
6.22 -27.26
-8.6 -11.2
0 0 0
-6.39 -26.8
-3.53 -32.57
6.22 -27.26
0 0 0
13.81 -17.28
7.68 -27.31
14.07 -23.59
0 0 0
7.68 -27.31
13.81 -17.28
6.22 -27.26
0 0 0
20.39 4.21
13.06 30.45
2.69 30.45
0 0 0
20.39 4.21
24.51 4.58
13.06 30.45
0 0 0
2.67 30.45
20.39 4.21
2.69 30.45
0 0 0
2.67 30.45
2.69 30.45
2.67 43.65
0 0 0
-16.31 20.3
2.67 30.45
-7.04 30.45
0 0 0
-6.39 -26.8
-5.7 -32.77
-3.53 -32.57
0 0 0
18.82 -32.51
9.34 -36.79
19.61 -36.79
0 0 0
18.82 -32.51
19.14 -23.38
14.07 -23.59
0 0 0
18.82 -32.51
20.94 -32.29
19.14 -23.38
0 0 0
-16.57 0.14
-15.99 0.13
-21.09 10.43
0 0 0
-15.99 0.13
-14.04 0.13
-21.09 10.43
0 0 0
-14.04 0.13
-16.31 20.3
-21.09 10.43
0 0 0
-16.31 20.3
-14.04 0.13
2.67 30.45
0 0 0
2.67 30.45
-14.04 0.13
20.39 4.21
0 0 0
-14.04 0.13
19.4 0.16
20.39 4.21
0 0 0
19.4 0.16
-14.04 0.13
19.4 0.15
0 0 0
19.4 0.15
-14.04 0.13
-8.6 -11.2
0 0 0
-14.04 0.13
-15.45 -11.2
-8.6 -11.2
0 0 0
2.72 -35.68
2.71 -35.68
2.71 -43.65
0 0 0
2.71 -35.68
2.72 -35.68
5.5 -31.76
0 0 0
2.72 -35.68
8.18 -34.47
5.5 -31.76
0 0 0
18.82 -32.51
9.34 -33.51
9.34 -36.79
0 0 0
9.34 -33.51
7.68 -27.31
7.46 -31.58
0 0 0
7.68 -27.31
9.34 -33.51
14.07 -23.59
0 0 0
9.34 -33.51
18.82 -32.51
14.07 -23.59
0 0 0
-16.56 0.13
-16.57 0.14
-32.48 0.13
0 0 0
-16.56 0.13
-16.31 -0.45
-15.99 0.13
0 0 0
-16.57 0.14
-16.56 0.13
-15.99 0.13
0 0 0
8.53 -33.6
9.34 -33.51
7.46 -31.58
0 0 0
13.79 -16.75
18.05 -12.36
13.63 -12.65
188 74 75
18.05 -12.36
13.79 -16.75
18.39 -17.9
188 74 75
7.22 -23.87
10.97 -19.82
5.99 -17.39
171 44 44
7.22 -23.87
5.85 -25.98
7.51 -26.02
171 44 44
10.97 -19.82
7.22 -23.87
12.91 -23.64
171 44 44
12.23 -11.64
10.97 -19.82
12.91 -23.64
171 44 44
12.23 -11.64
11.83 -11.6
10.97 -19.82
171 44 44
5.17 -23.59
5.99 -17.39
2.74 -23.79
171 44 44
5.17 -23.59
7.22 -23.87
5.99 -17.39
171 44 44
7.22 -23.87
5.17 -23.59
5.85 -25.98
171 44 44
12.02 -8.05
11.89 -5.78
9.93 -9.63
171 44 44
11.94 -9.55
12.02 -8.05
9.93 -9.63
171 44 44
-0.9 -9.53
-6.29 -8.49
-6.29 -9.08
173 60 71
2.75 -9.83
11.67 -3.74
-0.4 -9.57
173 60 71
2.75 -9.83
8.63 -9.69
11.67 -3.74
173 60 71
8.63 -9.69
2.75 -9.83
2.78 -9.93
173 60 71
4.72 -17.32
2.28 -22.13
4.96 -16.89
173 60 71
-6.29 -11.2
-7.06 -11.2
-8.13 -17.74
173 60 71
-6.29 -11.2
4.56 -16.69
-6.29 -10.15
173 60 71
4.56 -16.69
4.72 -17.32
4.96 -16.89
173 60 71
4.56 -16.69
-6.29 -11.2
-8.13 -17.74
173 60 71
2.28 -22.13
4.56 -16.69
-8.13 -17.74
173 60 71
4.72 -17.32
4.56 -16.69
2.28 -22.13
173 60 71
-6.65 -24.57
-8.48 -18.79
-9.4 -25.28
199 88 88
-8.48 -18.79
-6.65 -24.57
1.71 -23.22
199 88 88
-6.55 -25.42
-6.65 -24.57
-9.4 -25.28
199 88 88
-6.65 -24.57
1.36 -23.91
1.71 -23.22
199 88 88
4.67 -15.69
9.95 -18.19
10.51 -11.1
194 93 94
3.53 -12.81
10.51 -11.1
3.1 -11.18
194 93 94
3.53 -12.81
4.67 -15.69
10.51 -11.1
194 93 94
3.26 -15.19
2.19 -11.08
-4.45 -10.34
237 183 189
13.8 6.09
22.12 5.83
12.05 28.45
168 107 173
11.69 18.22
-7.18 27.85
-14.56 19.42
158 96 162
11.22 28.45
-7.18 27.85
11.69 18.22
158 96 162
3.59 4.58
-6.67 18.08
-14.1 4.96
125 64 125
-6.67 18.08
3.59 4.58
9.82 17.04
125 64 125
-16.41 3.65
-7.88 18.45
-19.12 9.83
164 102 170
-7.88 18.45
-14.63 18.97
-19.12 9.83
164 102 170
12.49 0.76
11.68 17.21
-0.69 -7.44
218 188 155
12.35 -1.97
12.49 0.76
-0.69 -7.44
218 188 155
-2.12 -35.85
4.16 -31.94
-2.41 -32.59
218 188 155
4.16 -31.94
-2.12 -35.85
6.16 -34.02
218 188 155
-2.19 -7.51
3.26 3.48
-6.29 3.64
220 181 143
-6.29 -6.88
-2.19 -7.51
-6.29 3.64
220 181 143
-8.23 -9.36
-11.91 3.44
-13.69 -9.21
133 78 120
-11.91 3.44
-8.23 -9.36
-8.04 3.38
133 78 120
15.37 -10.42
13.9 4.22
13.2 -10.23
129 61 126
13.9 4.22
15.37 -10.42
18.63 3.82
129 61 126
9.44 -32.29
17.76 -24.73
8.53 -24.43
36 81 109
17.76 -24.73
9.44 -32.29
19.32 -31.47
36 81 109
10.41 -35.57
17.53 -32.73
10.36 -33.26
214 179 144
17.53 -32.73
10.41 -35.57
18.28 -35.57
214 179 144
-4.81 -31.72
3.68 -24.29
-5.31 -24.98
50 98 118
5.81 -30.97
4.24 -25.21
-3.49 -31.91
64 118 137
-10.87 -26.74
-3.36 -26.98
-8.78 -14.02
0 0 0
-3.36 -26.98
14.05 -13.78
-8.78 -14.02
0 0 0
14.05 -13.78
-13.29 -0.85
-8.78 -14.02
0 0 0
-13.29 -0.85
14.05 -13.78
20.06 0.15
0 0 0
15.62 -34.31
6.14 -38.6
16.41 -38.6
0 0 0
13.91 -20.53
14.05 -13.78
-3.36 -26.98
0 0 0
17.53 -13.53
13.91 -20.53
17.96 -21.63
0 0 0
13.91 -20.53
17.53 -13.53
14.05 -13.78
0 0 0
-21.09 7.68
-13.29 -0.85
-16.32 17.55
0 0 0
2.66 27.7
-13.29 -0.85
2.69 27.7
0 0 0
-13.29 -0.85
2.66 27.7
-16.32 17.55
0 0 0
2.66 27.7
-7.05 27.7
-16.32 17.55
0 0 0
2.66 27.7
2.69 27.7
2.66 43.65
0 0 0
-16.32 -3.2
-16.42 -13.03
-8.78 -14.02
0 0 0
-13.29 -0.85
-16.32 -3.2
-8.78 -14.02
0 0 0
20.29 1.45
-13.29 -0.85
20.06 0.15
0 0 0
-13.29 -0.85
20.29 1.45
2.69 27.7
0 0 0
20.29 1.45
13.05 27.7
2.69 27.7
0 0 0
20.29 1.45
24.51 1.83
13.05 27.7
0 0 0
15.62 -34.31
17.74 -34.09
15.94 -25.18
0 0 0
-3.0 -30.05
-0.83 -29.85
-3.36 -26.98
0 0 0
-0.83 -29.85
13.91 -20.53
-3.36 -26.98
0 0 0
14.13 -25.25
15.62 -34.31
15.94 -25.18
0 0 0
14.13 -25.25
5.01 -33.05
15.62 -34.31
0 0 0
-0.83 -29.85
14.13 -25.25
13.91 -20.53
0 0 0
14.13 -25.25
-0.83 -29.85
5.01 -33.05
0 0 0
15.62 -34.31
6.14 -35.31
6.14 -38.6
0 0 0
5.01 -33.05
6.14 -35.31
15.62 -34.31
0 0 0
-17.78 0.13
-17.78 0.14
-32.48 0.13
0 0 0
-21.09 7.68
-17.78 0.14
-13.29 -0.85
0 0 0
-16.32 -3.2
-15.02 -0.85
-17.78 0.13
0 0 0
-15.02 -0.85
-17.78 0.14
-17.78 0.13
0 0 0
-17.78 0.14
-15.02 -0.85
-13.29 -0.85
0 0 0
20.07 0.16
20.29 1.45
20.06 0.15
0 0 0
20.29 1.45
20.07 0.16
20.59 1.37
0 0 0
-0.37 -34.24
2.7 -33.56
-0.83 -29.85
0 0 0
-0.83 -29.85
2.72 -33.56
5.01 -33.05
0 0 0
2.7 -33.56
2.72 -33.56
-0.83 -29.85
0 0 0
5.33 -35.4
6.14 -35.31
5.01 -33.05
0 0 0
13.88 -19.95
15.87 -14.99
13.66 -15.14
188 74 75
15.87 -14.99
13.88 -19.95
16.2 -20.53
188 74 75
7.87 -20.87
8.57 -13.94
4.47 -21.15
171 44 44
7.87 -20.87
9.18 -25.46
12.98 -25.3
171 44 44
12.3 -14.62
7.87 -20.87
12.98 -25.3
171 44 44
7.87 -20.87
11.97 -14.53
8.57 -13.94
171 44 44
12.3 -14.62
11.97 -14.53
7.87 -20.87
171 44 44
-0.48 -12.36
-6.74 -11.16
-8.13 -18.8
173 60 71
3.1 -21.27
0.08 -12.09
-0.48 -12.36
173 60 71
-0.74 -21.58
-0.48 -12.36
-8.13 -18.8
173 60 71
-0.74 -21.58
3.1 -21.27
-0.48 -12.36
173 60 71
6.75 -14.13
3.1 -21.27
7.41 -13.74
173 60 71
6.75 -14.13
0.08 -12.09
3.1 -21.27
173 60 71
6.42 -13.57
6.75 -14.13
7.41 -13.74
173 60 71
-3.95 -21.85
-8.48 -19.74
-9.41 -25.53
199 88 88
-8.48 -19.74
-3.95 -21.85
-3.2 -21.79
199 88 88
-3.49 -25.78
-3.95 -21.85
-9.41 -25.53
199 88 88
6.25 -12.58
9.27 -13.07
10.62 -7.0
194 93 94
4.37 -10.14
10.62 -7.0
4.31 -10.05
194 93 94
4.37 -10.14
6.25 -12.58
10.62 -7.0
194 93 94
4.76 -12.49
3.53 -10.42
1.31 -11.49
237 183 189
13.79 3.34
22.11 3.08
12.04 25.7
168 107 173
11.68 15.47
-7.19 25.1
-14.57 16.67
158 96 162
11.21 25.7
-7.19 25.1
11.68 15.47
158 96 162
-6.68 15.33
3.58 1.83
9.81 14.29
125 64 125
-10.73 2.14
3.58 1.83
-6.68 15.33
125 64 125
-12.46 2.38
-6.68 15.33
-14.11 2.21
125 64 125
-12.46 2.38
-10.73 2.14
-6.68 15.33
125 64 125
-12.51 2.18
-12.46 2.38
-14.11 2.21
125 64 125
-10.73 2.14
-12.51 2.18
3.58 1.83
125 64 125
-16.42 0.9
-7.89 15.7
-19.13 7.08
164 102 170
-7.89 15.7
-14.64 16.22
-19.13 7.08
164 102 170
12.35 0.72
11.67 14.46
-0.7 -10.19
218 188 155
11.01 -5.27
12.35 0.72
-0.7 -10.19
218 188 155
0.58 -33.13
6.86 -29.22
0.29 -29.87
218 188 155
6.86 -29.22
0.58 -33.13
8.86 -31.29
218 188 155
-2.2 -10.26
-5.4 0.87
-6.74 -9.56
220 181 143
-5.4 0.87
-2.2 -10.26
3.25 0.73
220 181 143
-9.03 -12.13
-11.04 1.03
-14.43 -11.28
133 78 120
-11.04 1.03
-9.03 -12.13
-7.21 0.48
133 78 120
12.79 -13.21
13.76 1.48
10.68 -12.66
129 61 126
13.76 1.48
12.79 -13.21
18.36 0.29
129 61 126
14.56 -26.53
10.88 -31.75
16.12 -33.27
36 81 109
6.24 -34.09
10.88 -31.75
6.09 -32.81
36 81 109
10.88 -31.75
6.24 -34.09
16.12 -33.27
36 81 109
10.16 -28.86
8.2 -29.04
10.88 -31.75
36 81 109
10.16 -28.86
14.56 -26.53
9.44 -26.36
36 81 109
10.16 -28.86
10.88 -31.75
14.56 -26.53
36 81 109
7.21 -37.37
14.33 -34.53
7.16 -35.06
214 179 144
14.33 -34.53
7.21 -37.37
15.08 -37.37
214 179 144
-2.11 -29.0
6.38 -21.57
-2.61 -22.26
50 98 118
8.51 -28.25
6.94 -22.49
-0.79 -29.19
64 118 137
18.86 -1.23
13.22 25.16
2.7 25.16
0 0 0
-10.87 -26.73
-6.39 -26.88
-9.34 -17.38
0 0 0
-6.39 -26.88
6.23 -27.29
-9.34 -17.38
0 0 0
-12.1 -3.39
18.86 -1.23
2.7 25.16
0 0 0
-12.1 -3.39
14.75 -11.25
18.86 -1.23
0 0 0
14.75 -11.25
-12.1 -3.39
-9.34 -17.38
0 0 0
6.23 -27.29
13.76 -17.28
-9.34 -17.38
0 0 0
13.76 -17.28
14.75 -11.25
-9.34 -17.38
0 0 0
13.76 -17.28
19.72 -10.9
14.75 -11.25
0 0 0
18.81 -32.52
20.94 -32.3
19.14 -23.39
0 0 0
18.81 -32.52
9.34 -36.8
19.61 -36.8
0 0 0
-16.15 -5.74
-17.82 -14.13
-9.34 -17.38
0 0 0
-12.1 -3.39
-16.15 -5.74
-9.34 -17.38
0 0 0
2.67 25.16
-12.1 -3.39
2.7 25.16
0 0 0
2.67 25.16
2.7 25.16
2.67 43.64
0 0 0
24.29 0.16
13.22 25.16
18.86 -1.23
0 0 0
-6.39 -26.88
-3.53 -32.58
6.23 -27.29
0 0 0
14.05 -23.59
18.81 -32.52
19.14 -23.39
0 0 0
20.15 -19.01
19.72 -10.9
13.76 -17.28
0 0 0
-14.85 -3.39
-12.1 -3.39
-18.73 0.13
0 0 0
-16.15 -5.74
-14.85 -3.39
-18.73 0.13
0 0 0
-18.73 0.13
-18.73 0.14
-32.47 0.13
0 0 0
-12.1 -3.39
-18.73 0.14
-18.73 0.13
0 0 0
-20.92 5.14
-18.73 0.14
-12.1 -3.39
0 0 0
-16.15 15.02
-20.92 5.14
-12.1 -3.39
0 0 0
2.67 25.16
-16.15 15.02
-12.1 -3.39
0 0 0
-16.15 15.02
2.67 25.16
-6.88 25.16
0 0 0
24.29 0.15
24.29 0.16
21.23 -2.48
0 0 0
24.29 0.16
24.29 0.15
32.48 0.15
0 0 0
-3.53 -32.58
5.49 -31.76
6.23 -27.29
0 0 0
5.49 -31.76
-3.53 -32.58
2.71 -35.68
0 0 0
5.49 -31.76
7.46 -31.59
6.23 -27.29
0 0 0
-5.7 -32.78
-3.53 -32.58
-6.39 -26.88
0 0 0
7.68 -27.34
13.76 -17.28
6.23 -27.29
0 0 0
7.68 -27.34
14.05 -23.59
13.76 -17.28
0 0 0
2.72 -35.68
5.49 -31.76
2.71 -35.68
0 0 0
2.72 -35.68
2.71 -35.68
2.71 -43.65
0 0 0
2.72 -35.68
8.18 -34.48
5.49 -31.76
0 0 0
-3.53 -32.58
-3.07 -36.95
2.71 -35.68
0 0 0
8.53 -33.61
9.34 -33.52
7.46 -31.59
0 0 0
9.34 -33.52
7.68 -27.34
7.46 -31.59
0 0 0
18.81 -32.52
9.34 -33.52
9.34 -36.8
0 0 0
14.05 -23.59
9.34 -33.52
18.81 -32.52
0 0 0
7.68 -27.34
9.34 -33.52
14.05 -23.59
0 0 0
18.05 -12.37
13.72 -12.65
13.56 -12.86
188 74 75
13.74 -16.74
18.05 -12.37
13.56 -12.86
188 74 75
18.05 -12.37
13.74 -16.74
18.39 -17.9
188 74 75
12.3 -14.57
10.97 -19.82
12.88 -23.64
171 44 44
11.34 -15.87
10.97 -19.82
12.3 -14.57
171 44 44
7.22 -23.88
10.97 -19.82
6.48 -17.63
171 44 44
10.97 -19.82
7.22 -23.88
12.88 -23.64
171 44 44
7.22 -23.88
5.9 -26.15
7.53 -26.19
171 44 44
5.18 -23.59
6.48 -17.63
2.98 -23.78
171 44 44
5.18 -23.59
7.22 -23.88
6.48 -17.63
171 44 44
7.22 -23.88
5.18 -23.59
5.9 -26.15
171 44 44
2.28 -22.72
-0.31 -14.9
-8.13 -18.81
173 60 71
4.72 -17.33
2.28 -22.72
5.47 -17.14
173 60 71
4.72 -17.33
-0.31 -14.9
2.28 -22.72
173 60 71
-0.31 -14.9
-7.18 -13.58
-8.13 -18.81
173 60 71
4.72 -17.33
4.55 -16.69
-0.31 -14.9
173 60 71
4.55 -16.69
0.43 -14.53
-0.31 -14.9
173 60 71
4.55 -16.69
4.72 -17.33
5.47 -17.14
173 60 71
-6.65 -24.58
-8.48 -19.74
-9.4 -25.53
199 88 88
-8.48 -19.74
-6.65 -24.58
1.71 -23.69
199 88 88
-6.53 -25.65
-6.65 -24.58
-9.4 -25.53
199 88 88
-6.65 -24.58
1.59 -23.89
1.71 -23.69
199 88 88
6.62 -14.64
9.95 -18.2
10.08 -16.46
194 93 94
6.62 -14.64
7.47 -11.13
3.6 -13.0
194 93 94
7.47 -11.13
6.62 -14.64
8.3 -11.13
194 93 94
4.67 -15.7
6.62 -14.64
3.6 -13.0
194 93 94
6.62 -14.64
4.67 -15.7
9.95 -18.2
194 93 94
3.26 -15.2
2.79 -13.4
1.44 -14.05
237 183 189
14.23 1.21
22.28 0.54
12.21 23.16
168 107 173
13.96 0.8
14.23 1.21
12.21 23.16
168 107 173
14.23 1.21
15.07 0.77
22.28 0.54
168 107 173
14.03 0.8
14.23 1.21
13.96 0.8
168 107 173
11.85 12.93
-7.02 22.56
-14.4 14.13
158 96 162
11.38 23.16
-7.02 22.56
11.85 12.93
158 96 162
-6.51 12.79
3.75 -0.71
9.98 11.75
125 64 125
-9.49 -0.42
3.75 -0.71
-6.51 12.79
125 64 125
-10.33 -0.09
-6.51 12.79
-13.94 -0.33
125 64 125
-10.33 -0.09
-9.49 -0.42
-6.51 12.79
125 64 125
-10.5 -0.4
-10.33 -0.09
-13.94 -0.33
125 64 125
-16.25 -1.64
-7.72 13.16
-18.96 4.54
164 102 170
-7.72 13.16
-14.47 13.68
-18.96 4.54
164 102 170
12.54 -2.3
11.84 11.92
-0.53 -12.73
218 188 155
9.57 -8.48
12.54 -2.3
-0.53 -12.73
218 188 155
-2.12 -35.84
4.16 -31.94
-2.41 -32.59
218 188 155
4.16 -31.94
-2.12 -35.84
6.16 -34.02
218 188 155
-6.4 -1.64
-3.64 -2.74
3.42 -1.81
220 181 143
-3.64 -2.74
-2.03 -12.8
3.42 -1.81
220 181 143
-2.03 -12.8
-6.88 -11.17
-6.88 -12.05
220 181 143
-6.88 -11.17
-2.03 -12.8
-3.64 -2.74
220 181 143
-10.42 -15.0
-9.28 -1.73
-15.47 -12.9
133 78 120
-9.28 -1.73
-10.42 -15.0
-5.68 -3.17
133 78 120
10.33 -14.91
14.61 -0.83
8.4 -13.9
129 61 126
14.61 -0.83
10.33 -14.91
18.82 -3.03
129 61 126
9.44 -32.3
17.76 -24.73
8.53 -24.44
36 81 109
17.76 -24.73
9.44 -32.3
19.32 -31.48
36 81 109
10.41 -35.58
17.53 -32.73
10.36 -33.27
214 179 144
17.53 -32.73
10.41 -35.58
18.28 -35.58
214 179 144
-4.81 -31.73
3.68 -24.3
-5.31 -24.98
50 98 118
5.81 -30.98
4.24 -25.22
-3.49 -31.92
64 118 137
