-27.9 -19.47
-22.24 -26.67
-24.5 -17.41
0 0 0
27.69 -29.48
24.37 -29.27
20.96 -38.84
0 0 0
24.37 -29.27
17.77 -35.93
20.96 -38.84
0 0 0
18.7 -23.09
17.77 -35.93
24.37 -29.27
0 0 0
-34.54 6.43
-33.36 0.14
-22.45 22.49
0 0 0
-33.36 0.13
-33.36 0.14
-34.87 0.13
0 0 0
3.2 10.18
1.37 10.07
2.7 4.35
0 0 0
18.7 -23.09
25.17 -12.99
23.58 -10.81
0 0 0
10.04 -31.57
18.7 -23.09
7.85 -29.76
0 0 0
18.7 -23.09
10.04 -31.57
17.77 -35.93
0 0 0
10.04 -31.57
16.07 -37.65
17.77 -35.93
0 0 0
-22.24 -26.67
-9.89 -16.95
-24.5 -17.41
0 0 0
25.63 -3.41
15.81 -0.87
23.58 -10.81
0 0 0
15.81 -0.87
18.7 -23.09
23.58 -10.81
0 0 0
11.87 0.15
15.81 -0.87
15.81 -0.87
0 0 0
15.81 -0.87
11.87 0.15
18.7 -23.09
0 0 0
18.7 -23.09
-5.12 -17.33
7.85 -29.76
0 0 0
11.87 0.15
-5.12 -17.33
18.7 -23.09
0 0 0
-5.12 -17.33
11.87 0.15
11.85 0.16
0 0 0
1.37 10.07
0.27 17.22
-22.45 22.49
0 0 0
0.32 17.21
3.2 10.18
5.11 16.09
0 0 0
0.32 17.21
1.37 10.07
3.2 10.18
0 0 0
0.32 17.21
0.27 17.22
1.37 10.07
0 0 0
0.27 17.22
0.32 17.21
0.27 43.64
0 0 0
-32.01 -7.08
-26.99 -16.83
-24.5 -17.41
0 0 0
25.17 -12.99
25.73 -12.31
23.58 -10.81
0 0 0
9.87 -31.78
10.04 -31.57
7.85 -29.76
0 0 0
30.96 -18.11
25.17 -12.99
18.7 -23.09
0 0 0
26.07 -26.29
30.96 -18.11
18.7 -23.09
0 0 0
25.17 -12.99
30.96 -18.11
32.06 -16.29
0 0 0
30.96 -18.11
28.69 -28.27
34.87 -20.06
0 0 0
30.96 -18.11
26.07 -26.29
28.69 -28.27
0 0 0
25.65 -26.98
18.7 -23.09
24.37 -29.27
0 0 0
25.65 -26.98
26.07 -26.29
18.7 -23.09
0 0 0
-32.01 -7.08
-12.51 -11.76
-33.36 0.13
0 0 0
1.37 10.07
-12.51 -11.76
2.7 4.35
0 0 0
-12.51 -11.76
-33.36 0.14
-33.36 0.13
0 0 0
-33.36 0.14
-12.51 -11.76
-22.45 22.49
0 0 0
-12.51 -11.76
1.37 10.07
-22.45 22.49
0 0 0
5.37 1.84
-5.12 -17.33
11.85 0.16
0 0 0
25.38 -28.26
25.65 -26.98
24.37 -29.27
0 0 0
0.33 -33.08
0.31 -33.09
0.31 -43.65
0 0 0
-9.89 -16.95
-13.19 -12.66
-24.5 -17.41
0 0 0
-13.19 -12.66
-32.01 -7.08
-24.5 -17.41
0 0 0
-13.19 -12.66
-12.51 -11.76
-32.01 -7.08
0 0 0
2.7 4.35
4.37 2.53
4.5 3.19
0 0 0
-12.51 -11.76
4.37 2.53
2.7 4.35
0 0 0
4.37 2.53
-12.51 -11.76
-5.12 -17.33
0 0 0
5.37 1.84
4.37 2.53
-5.12 -17.33
0 0 0
-3.08 -24.3
0.31 -33.09
0.33 -33.08
0 0 0
-3.08 -24.3
0.33 -33.08
7.85 -29.76
0 0 0
0.31 -33.09
-3.08 -24.3
-0.46 -33.44
0 0 0
-5.12 -17.33
-3.08 -24.3
7.85 -29.76
0 0 0
-3.08 -24.3
-5.12 -17.33
-3.09 -24.3
0 0 0
15.93 -36.08
16.13 -24.1
10.84 -30.59
50 98 118
16.13 -24.1
15.93 -36.08
16.65 -23.59
50 98 118
21.61 -30.78
17.81 -24.12
17.1 -35.44
64 118 137
17.81 -24.12
22.95 -29.19
23.62 -28.7
64 118 137
21.61 -30.78
22.95 -29.19
17.81 -24.12
64 118 137
22.95 -29.19
23.13 -29.2
23.62 -28.7
64 118 137
23.13 -29.2
21.61 -30.78
17.1 -35.44
64 118 137
25.15 -25.48
22.93 -15.74
18.32 -21.48
36 81 109
22.93 -15.74
25.15 -25.48
30.44 -17.09
36 81 109
24.12 -14.28
22.93 -15.74
30.44 -17.09
36 81 109
20.93 -37.38
23.01 -30.28
18.55 -35.15
218 188 155
23.01 -30.28
20.93 -37.38
25.88 -30.5
218 188 155
-0.45 -11.28
0.48 -7.6
-2.19 -7.77
218 188 155
3.09 2.72
2.59 3.07
2.28 -0.49
218 188 155
-3.11 -5.9
-4.52 7.89
-12.7 13.43
218 188 155
28.36 -26.67
30.37 -19.28
26.48 -25.33
214 179 144
30.37 -19.28
28.36 -26.67
33.09 -20.39
214 179 144
0.56 -31.58
2.68 -24.62
-1.77 -24.37
194 93 94
2.68 -24.62
0.56 -31.58
6.96 -28.88
194 93 94
-1.98 -23.5
1.76 -23.7
-3.65 -18.31
237 183 189
15.8 -5.4
14.93 -2.01
8.44 -0.29
237 183 189
18.57 -7.33
22.14 -9.62
23.59 -4.27
188 74 75
18.02 -6.95
23.59 -4.27
16.31 -2.34
188 74 75
18.02 -6.95
18.57 -7.33
23.59 -4.27
188 74 75
16.76 -21.26
23.87 -12.37
5.98 -0.37
171 44 44
4.02 -23.95
1.41 -12.41
-3.17 -16.56
173 60 71
1.41 -12.41
4.02 -23.95
13.97 -18.42
173 60 71
4.11 0.77
3.79 -0.4
13.97 -18.42
173 60 71
3.79 -0.4
1.41 -12.41
13.97 -18.42
173 60 71
9.61 -29.75
15.91 -22.2
4.69 -24.89
199 88 88
15.91 -22.2
14.55 -19.56
4.69 -24.89
199 88 88
-4.51 9.69
2.67 14.92
-21.46 20.48
168 107 173
-4.51 9.69
-1.37 9.89
2.67 14.92
168 107 173
-30.25 -6.21
-13.5 14.04
-32.55 4.76
158 96 162
-13.5 14.04
-21.96 19.82
-32.55 4.76
158 96 162
-7.48 -0.63
-13.68 11.84
-24.43 -0.71
125 64 125
-17.24 -13.03
-7.48 -0.63
-24.43 -0.71
125 64 125
-18.69 -13.91
-17.24 -13.03
-24.43 -0.71
125 64 125
-19.85 -14.61
-25.46 -1.46
-29.93 -6.54
164 102 170
-25.33 -15.62
-19.85 -14.61
-29.93 -6.54
164 102 170
-25.33 -15.62
-22.59 -16.26
-19.85 -14.61
164 102 170
-1.29 -12.52
-6.8 -1.56
-13.1 -9.64
220 181 143
-4.81 -15.94
-1.29 -12.52
-13.1 -9.64
220 181 143
-22.0 -24.0
-14.21 -13.2
-25.25 -19.62
133 78 120
-14.21 -13.2
-22.0 -24.0
-11.87 -16.28
133 78 120
0.39 -6.12
1.42 8.45
-3.32 8.13
129 61 126
-1.78 -6.26
0.39 -6.12
-3.32 8.13
129 61 126
1.33 -36.57
13.02 -20.47
-9.48 -21.93
0 0 0
-20.69 -15.99
-23.3 -15.31
-24.52 -25.55
0 0 0
-11.39 -36.08
1.33 -36.57
-9.48 -21.93
0 0 0
-11.39 -36.08
-9.45 -39.46
1.33 -36.57
0 0 0
-16.62 6.26
18.48 -9.98
2.66 16.41
0 0 0
-17.25 -13.06
18.48 -9.98
-16.62 6.26
0 0 0
13.02 -20.47
18.48 -9.98
-9.48 -21.93
0 0 0
18.48 -9.98
-17.25 -13.06
-9.48 -21.93
0 0 0
-7.36 16.41
-16.62 6.26
2.66 16.41
0 0 0
-11.39 -36.08
-11.83 -39.13
-9.45 -39.46
0 0 0
-9.45 -39.46
-0.16 -40.73
1.33 -36.57
0 0 0
1.68 -43.51
-0.16 -40.73
-9.84 -43.76
0 0 0
-0.16 -40.73
-9.45 -39.46
-9.84 -43.76
0 0 0
-15.63 -23.45
-17.25 -13.06
-20.69 -15.99
0 0 0
-17.25 -13.06
-15.63 -23.45
-9.48 -21.93
0 0 0
18.48 -9.98
19.89 0.27
2.66 16.41
0 0 0
1.33 -36.57
1.93 -36.6
13.02 -20.47
0 0 0
1.93 -36.6
13.47 -32.22
13.02 -20.47
0 0 0
-0.16 -40.73
1.27 -40.93
1.33 -36.57
0 0 0
-15.63 -23.45
-16.86 -23.76
-16.34 -24.23
0 0 0
-16.86 -23.76
-15.63 -23.45
-20.69 -15.99
0 0 0
-19.53 0.25
-17.25 -13.06
-16.62 6.26
0 0 0
19.89 0.26
18.48 -9.98
24.2 -9.47
0 0 0
19.89 0.26
19.89 0.27
18.48 -9.98
0 0 0
19.89 0.27
19.89 0.26
32.48 0.26
0 0 0
20.12 -20.87
24.41 -14.27
18.48 -9.98
0 0 0
24.41 -14.27
20.12 -20.87
20.12 -20.87
0 0 0
20.12 -20.87
18.48 -9.98
13.02 -20.47
0 0 0
1.93 -36.6
12.73 -39.29
13.47 -32.22
0 0 0
12.73 -39.29
1.93 -36.6
3.25 -40.29
0 0 0
12.73 -39.29
14.85 -39.07
13.47 -32.22
0 0 0
12.73 -39.29
3.25 -43.57
13.53 -43.57
0 0 0
3.25 -43.57
12.73 -39.29
3.25 -40.29
0 0 0
25.95 -21.2
24.41 -14.27
20.12 -20.87
0 0 0
-18.34 -24.04
-16.86 -23.76
-20.69 -15.99
0 0 0
-16.86 -23.76
-18.34 -24.04
-18.41 -24.14
0 0 0
-18.34 -24.04
-20.69 -15.99
-24.52 -25.55
0 0 0
-19.53 0.24
-21.4 -3.62
-17.25 -13.06
0 0 0
-19.53 0.25
-19.53 0.24
-17.25 -13.06
0 0 0
-19.53 0.24
-19.53 0.25
-32.48 0.24
0 0 0
19.89 0.27
2.72 16.41
2.66 16.41
0 0 0
12.74 16.41
2.72 16.41
19.89 0.27
0 0 0
2.66 16.41
2.72 16.41
2.66 43.76
0 0 0
24.41 -14.27
27.81 -16.73
26.96 -13.54
0 0 0
25.95 -21.2
27.81 -16.73
24.41 -14.27
0 0 0
1.93 -36.6
2.72 -40.35
3.25 -40.29
0 0 0
28.32 -18.63
27.81 -16.73
25.95 -21.2
0 0 0
28.32 -18.63
28.9 -17.51
27.81 -16.73
0 0 0
2.71 -40.35
2.71 -43.53
2.72 -40.35
0 0 0
2.44 -40.38
2.71 -40.35
1.93 -36.6
0 0 0
2.71 -40.35
2.72 -40.35
1.93 -36.6
0 0 0
26.97 -21.26
25.95 -21.2
26.8 -21.6
0 0 0
26.97 -21.26
28.32 -18.63
25.95 -21.2
0 0 0
28.32 -18.63
26.97 -21.26
29.06 -21.38
0 0 0
-17.77 -22.92
-22.43 -18.66
-23.18 -24.18
194 93 94
-22.06 -17.17
-22.22 -17.13
-22.25 -17.32
194 93 94
-9.35 -20.99
-12.02 -19.51
-14.46 -22.17
237 183 189
-12.02 -19.51
-9.35 -20.99
-9.23 -20.15
237 183 189
13.01 -20.14
17.04 -17.77
12.96 -18.92
237 183 189
17.04 -17.77
13.01 -20.14
19.64 -20.39
237 183 189
22.23 -20.48
24.6 -20.57
19.26 -18.07
188 74 75
1.75 -35.28
1.35 -34.77
1.34 -35.27
171 44 44
1.61 -34.22
1.35 -34.77
1.75 -35.28
171 44 44
12.19 -30.2
8.97 -18.95
3.37 -30.56
171 44 44
11.51 -17.72
8.97 -18.95
12.19 -30.2
171 44 44
-0.79 -23.65
2.05 -30.61
7.3 -19.75
173 60 71
2.05 -30.61
-0.79 -23.65
1.29 -30.64
173 60 71
-0.79 -23.65
-8.02 -22.26
-8.71 -26.7
173 60 71
-0.4 -30.39
-0.79 -23.65
-8.71 -26.7
173 60 71
-0.79 -23.65
-0.4 -30.39
1.29 -30.64
173 60 71
-4.83 -29.74
-9.06 -27.8
-9.23 -29.09
199 88 88
14.5 -7.11
21.8 -8.22
11.73 14.4
168 107 173
13.48 -7.96
14.5 -7.11
11.73 14.4
168 107 173
14.5 -7.11
15.78 -8.03
21.8 -8.22
168 107 173
14.05 -7.98
14.5 -7.11
13.48 -7.96
168 107 173
11.37 4.17
-7.5 13.81
-14.88 5.38
158 96 162
10.9 14.4
-7.5 13.81
11.37 4.17
158 96 162
-6.99 4.03
3.27 -9.47
9.5 2.99
125 64 125
-9.41 -9.2
3.27 -9.47
-6.99 4.03
125 64 125
-10.99 -7.72
-6.99 4.03
-14.42 -9.09
125 64 125
-10.99 -7.72
-9.41 -9.2
-6.99 4.03
125 64 125
-12.64 -9.13
-10.99 -7.72
-14.42 -9.09
125 64 125
-16.73 -10.4
-8.2 4.4
-19.44 -4.22
164 102 170
-8.2 4.4
-14.95 4.92
-19.44 -4.22
164 102 170
12.1 -11.78
11.36 3.16
-1.01 -21.49
218 188 155
12.3 -15.9
10.88 -14.14
-1.01 -21.49
218 188 155
10.88 -14.14
12.1 -11.78
-1.01 -21.49
218 188 155
12.24 -14.78
10.88 -14.14
12.3 -15.9
218 188 155
-0.21 -42.67
-1.77 -40.25
-8.69 -42.86
218 188 155
-1.77 -40.25
-8.34 -39.61
-8.69 -42.86
218 188 155
-7.31 -10.4
-5.73 -12.64
2.94 -10.57
220 181 143
-5.73 -12.64
-2.51 -21.56
2.94 -10.57
220 181 143
-2.51 -21.56
-7.33 -14.39
-7.36 -20.81
220 181 143
-7.33 -14.39
-2.51 -21.56
-5.73 -12.64
220 181 143
-7.31 -11.16
-5.73 -12.64
-7.31 -10.4
220 181 143
-16.53 -21.56
-10.61 -9.64
-20.46 -17.77
133 78 120
-10.61 -9.64
-16.53 -21.56
-7.79 -12.29
133 78 120
27.04 -17.88
15.07 -9.52
12.91 -13.75
129 61 126
26.04 -19.82
27.04 -17.88
12.91 -13.75
129 61 126
-0.25 -31.14
-9.17 -29.76
-10.66 -38.07
50 98 118
-2.9 -39.44
0.02 -32.4
-9.44 -38.63
64 118 137
-0.94 -39.55
-0.14 -39.78
0.02 -32.4
64 118 137
-2.9 -39.44
-0.94 -39.55
0.02 -32.4
64 118 137
-0.94 -39.55
-0.85 -39.69
-0.14 -39.78
64 118 137
-0.85 -39.69
-2.9 -39.44
-9.44 -38.63
64 118 137
3.35 -39.07
11.67 -31.51
2.44 -31.21
36 81 109
11.67 -31.51
3.35 -39.07
13.23 -38.25
36 81 109
4.32 -42.35
11.44 -39.51
4.27 -40.04
214 179 144
11.44 -39.51
4.32 -42.35
12.19 -42.35
214 179 144
1.56 -33.82
13.58 -18.21
-8.77 -17.95
0 0 0
13.58 -18.21
-13.67 -8.25
-8.77 -17.95
0 0 0
-18.07 -29.87
-14.18 -24.85
-23.49 -21.1
0 0 0
-13.67 -8.25
20.96 -5.96
2.7 20.3
0 0 0
20.96 -5.96
-13.67 -8.25
13.58 -18.21
0 0 0
2.66 20.3
-13.67 -8.25
2.7 20.3
0 0 0
-13.67 -8.25
2.66 20.3
-15.58 10.15
0 0 0
2.66 20.3
-6.31 20.3
-15.58 10.15
0 0 0
2.66 20.3
2.7 20.3
2.66 43.76
0 0 0
1.56 -33.82
17.41 -23.93
13.58 -18.21
0 0 0
13.88 -34.29
17.41 -23.93
1.56 -33.82
0 0 0
-14.18 -24.85
-18.79 -19.02
-23.49 -21.1
0 0 0
1.68 -43.51
-0.16 -40.73
-9.84 -43.76
0 0 0
-0.16 -40.73
-9.45 -39.46
-9.84 -43.76
0 0 0
1.36 -33.81
1.56 -33.82
-8.77 -17.95
0 0 0
-0.16 -40.73
1.36 -33.81
-9.45 -39.46
0 0 0
22.65 0.27
13.79 20.3
2.7 20.3
0 0 0
20.96 -5.96
22.65 0.27
2.7 20.3
0 0 0
-20.35 0.25
-13.67 -8.25
-15.58 10.15
0 0 0
17.41 -23.93
17.41 -23.93
13.58 -18.21
0 0 0
23.85 -21.57
21.4 -29.89
26.4 -23.49
0 0 0
21.4 -29.89
23.85 -21.57
17.41 -23.93
0 0 0
23.85 -21.57
17.41 -23.93
17.41 -23.93
0 0 0
17.41 -23.93
23.85 -21.57
13.58 -18.21
0 0 0
23.85 -21.57
20.96 -5.96
13.58 -18.21
0 0 0
20.96 -5.96
23.85 -21.57
24.94 -21.1
0 0 0
-11.92 -22.05
-18.79 -19.02
-14.18 -24.85
0 0 0
-10.29 -28.94
-11.83 -39.13
-9.45 -39.46
0 0 0
1.36 -33.81
-10.29 -28.94
-9.45 -39.46
0 0 0
-10.29 -28.94
1.36 -33.81
-8.77 -17.95
0 0 0
22.66 0.27
20.96 -5.96
25.24 -5.57
0 0 0
22.66 0.27
22.65 0.27
20.96 -5.96
0 0 0
22.65 0.27
22.66 0.27
32.48 0.27
0 0 0
-20.36 0.28
-20.35 0.26
-15.58 10.15
0 0 0
-20.35 0.26
-20.35 0.25
-15.58 10.15
0 0 0
-20.35 0.25
-20.35 0.26
-32.48 0.25
0 0 0
-13.67 -8.25
-15.58 -10.59
-8.77 -17.95
0 0 0
12.73 -39.29
14.85 -39.07
13.88 -34.29
0 0 0
12.73 -39.29
13.88 -34.29
1.56 -33.82
0 0 0
3.25 -40.29
12.73 -39.29
1.56 -33.82
0 0 0
12.73 -39.29
3.25 -43.57
13.52 -43.57
0 0 0
3.25 -43.57
12.73 -39.29
3.25 -40.29
0 0 0
2.44 -40.38
1.36 -33.81
-0.16 -40.73
0 0 0
-11.92 -22.05
-10.58 -20.31
-18.79 -19.02
0 0 0
-15.58 -10.59
-10.58 -20.31
-8.77 -17.95
0 0 0
-10.58 -20.31
-15.58 -10.59
-18.79 -19.02
0 0 0
-10.29 -28.94
-10.35 -28.93
-11.83 -39.13
0 0 0
-20.35 0.25
-14.28 -8.25
-13.67 -8.25
0 0 0
-15.58 -10.59
-14.28 -8.25
-20.35 0.25
0 0 0
-15.58 -10.59
-19.82 -18.57
-18.79 -19.02
0 0 0
2.71 -40.35
3.25 -40.29
1.56 -33.82
0 0 0
1.27 -40.93
2.44 -40.38
-0.16 -40.73
0 0 0
-11.44 -22.26
-10.58 -20.31
-11.92 -22.05
0 0 0
2.44 -40.38
2.7 -40.35
1.56 -33.82
0 0 0
2.7 -40.35
2.71 -40.35
1.56 -33.82
0 0 0
2.7 -40.35
2.7 -43.53
2.71 -40.35
0 0 0
-17.88 -27.96
-14.29 -23.45
-21.51 -21.85
194 93 94
-14.29 -23.45
-17.15 -19.75
-21.51 -21.85
194 93 94
-14.5 -20.91
-17.15 -19.75
-14.29 -23.45
194 93 94
-13.5 -22.48
-12.84 -21.65
-13.6 -21.31
237 183 189
-8.53 -16.22
-8.55 -15.7
-9.11 -16.96
237 183 189
-8.55 -15.7
-8.53 -16.22
-8.45 -15.65
237 183 189
13.55 -17.53
17.04 -18.12
13.47 -15.41
237 183 189
13.55 -17.53
16.52 -21.77
17.04 -18.12
237 183 189
20.79 -27.89
20.72 -22.92
18.0 -23.89
188 74 75
20.72 -22.92
20.79 -27.89
24.18 -23.5
188 74 75
22.44 -22.18
20.72 -22.92
24.18 -23.5
188 74 75
19.19 -19.71
18.18 -18.94
18.0 -23.89
188 74 75
20.72 -22.92
19.19 -19.71
18.0 -23.89
188 74 75
12.87 -30.17
10.08 -15.01
2.58 -30.59
171 44 44
12.0 -14.09
10.08 -15.01
12.87 -30.17
171 44 44
2.24 -28.58
0.25 -19.76
-8.16 -23.95
173 60 71
0.25 -19.76
2.24 -28.58
8.42 -15.82
173 60 71
0.25 -19.76
-7.29 -18.31
-8.16 -23.95
173 60 71
1.24 -30.64
-8.52 -25.06
-9.07 -29.12
199 88 88
-8.52 -25.06
1.24 -30.64
1.68 -29.73
199 88 88
20.42 -3.91
22.85 -4.32
12.78 18.3
168 107 173
14.53 -4.06
20.42 -3.91
12.78 18.3
168 107 173
19.7 -4.22
20.42 -3.91
14.53 -4.06
168 107 173
20.42 -3.91
20.51 -4.25
22.85 -4.32
168 107 173
12.42 8.07
-6.45 17.7
-13.83 9.27
158 96 162
11.95 18.3
-6.45 17.7
12.42 8.07
158 96 162
-5.94 7.93
4.32 -5.57
10.55 6.89
125 64 125
-10.91 -5.24
4.32 -5.57
-5.94 7.93
125 64 125
-11.67 -4.9
-5.94 7.93
-13.37 -5.19
125 64 125
-11.67 -4.9
-10.91 -5.24
-5.94 7.93
125 64 125
-11.86 -5.22
-11.67 -4.9
-13.37 -5.19
125 64 125
-10.91 -5.24
-11.86 -5.22
4.32 -5.57
125 64 125
-15.68 -6.5
-7.15 8.3
-18.39 -0.32
164 102 170
-7.15 8.3
-13.9 8.82
-18.39 -0.32
164 102 170
13.35 -12.0
12.41 7.06
0.04 -17.59
218 188 155
-0.22 -42.67
-1.77 -40.25
-8.69 -42.86
218 188 155
-1.77 -40.25
-8.34 -39.61
-8.69 -42.86
218 188 155
-1.46 -17.66
-6.28 -10.53
-6.31 -16.91
220 181 143
-6.26 -6.5
-5.11 -7.87
3.99 -6.67
220 181 143
-5.11 -7.87
-1.46 -17.66
3.99 -6.67
220 181 143
-1.46 -17.66
-5.11 -7.87
-6.28 -10.53
220 181 143
-6.26 -7.35
-5.11 -7.87
-6.26 -6.5
220 181 143
-12.48 -19.79
-10.69 -6.59
-17.41 -17.46
133 78 120
-10.69 -6.59
-12.48 -19.79
-7.17 -8.21
133 78 120
23.26 -20.2
19.33 -6.13
14.98 -8.03
129 61 126
21.26 -21.07
23.26 -20.2
14.98 -8.03
129 61 126
-0.25 -31.14
-9.17 -29.76
-10.66 -38.07
50 98 118
-2.91 -39.44
0.02 -32.39
-9.44 -38.63
64 118 137
-0.94 -39.55
-0.15 -39.78
0.02 -32.39
64 118 137
-2.91 -39.44
-0.94 -39.55
0.02 -32.39
64 118 137
-0.94 -39.55
-0.84 -39.69
-0.15 -39.78
64 118 137
3.35 -39.07
11.67 -31.51
2.44 -31.21
36 81 109
11.67 -31.51
3.35 -39.07
13.23 -38.25
36 81 109
4.32 -42.35
11.44 -39.51
4.27 -40.04
214 179 144
11.44 -39.51
4.32 -42.35
12.19 -42.35
214 179 144
