18.91 16.63
22.52 17.02
13.26 41.7
0 0 0
-8.48 -0.8
-12.46 -9.23
-6.05 -14.96
0 0 0
2.67 41.7
18.91 16.63
13.26 41.7
0 0 0
18.91 16.63
2.67 41.7
-7.25 14.47
0 0 0
2.67 41.7
-10.46 32.02
-7.25 14.47
0 0 0
-10.46 32.02
-14.32 22.59
-7.25 14.47
0 0 0
17.62 2.91
18.91 16.63
-7.25 14.47
0 0 0
2.38 -21.59
7.17 -38.65
9.09 -38.3
0 0 0
8.82 -39.22
7.17 -38.65
6.63 -46.41
0 0 0
-7.91 -36.31
2.38 -21.59
-9.16 -35.45
0 0 0
2.38 -21.59
-5.66 -18.66
-9.16 -35.45
0 0 0
-5.66 -18.66
2.38 -21.59
-6.05 -14.96
0 0 0
-6.37 -18.61
-5.66 -18.66
-6.05 -14.96
0 0 0
2.38 -21.59
13.79 -14.73
-6.05 -14.96
0 0 0
-8.19 2.9
17.62 2.91
-7.25 14.47
0 0 0
-14.32 22.59
-9.41 14.47
-7.25 14.47
0 0 0
-10.46 12.23
-9.41 14.47
-14.32 22.59
0 0 0
2.67 41.7
2.66 41.7
-10.46 32.02
0 0 0
2.66 41.7
-2.97 41.7
-10.46 32.02
0 0 0
2.66 41.7
2.67 41.7
2.66 46.41
0 0 0
1.47 -39.69
7.17 -38.65
2.38 -21.59
0 0 0
-7.91 -36.31
1.47 -39.69
2.38 -21.59
0 0 0
1.47 -39.69
-7.91 -36.31
0.12 -39.94
0 0 0
7.17 -38.65
1.47 -39.69
6.63 -46.41
0 0 0
-2.07 -40.27
-7.91 -36.31
-9.5 -39.72
0 0 0
-7.91 -36.31
-2.07 -40.27
0.12 -39.94
0 0 0
-2.5 -44.25
-2.07 -40.27
-9.5 -39.72
0 0 0
16.27 -5.05
13.79 -14.73
18.22 -11.74
0 0 0
16.27 -5.05
-8.48 -0.8
-6.05 -14.96
0 0 0
13.79 -14.73
16.27 -5.05
-6.05 -14.96
0 0 0
13.79 -14.73
11.01 -19.69
13.91 -19.86
0 0 0
11.01 -19.69
13.79 -14.73
2.38 -21.59
0 0 0
11.01 -19.69
2.38 -21.59
9.09 -38.3
0 0 0
1.47 -39.69
0.46 -42.19
6.63 -46.41
0 0 0
16.27 -5.05
-8.19 2.88
-8.48 -0.8
0 0 0
-8.19 2.88
-8.19 2.9
-32.48 2.88
0 0 0
-2.07 -40.27
-0.89 -41.08
0.12 -39.94
0 0 0
16.87 -5.05
17.62 2.91
16.27 -5.05
0 0 0
17.62 2.91
-8.19 2.88
16.27 -5.05
0 0 0
17.62 2.91
17.62 2.91
32.48 2.91
0 0 0
-8.19 2.9
17.62 2.91
17.62 2.91
0 0 0
-8.19 2.88
17.62 2.91
-8.19 2.9
0 0 0
-5.91 -13.35
-5.24 -5.62
-10.76 -8.84
194 93 94
-5.24 -5.62
-8.34 -3.34
-10.76 -8.84
194 93 94
-6.19 -3.34
-8.34 -3.34
-5.24 -5.62
194 93 94
-5.1 -3.93
-5.04 -3.34
-5.35 -3.34
237 183 189
13.73 -12.34
16.63 -10.35
13.55 -5.05
188 74 75
16.63 -10.35
15.1 -5.05
13.55 -5.05
188 74 75
11.23 -17.57
11.2 -17.9
12.96 -17.98
171 44 44
12.04 9.01
11.7 8.82
12.96 -17.98
171 44 44
11.7 8.82
11.23 -17.57
12.96 -17.98
171 44 44
11.23 -17.57
11.7 8.82
3.82 -17.39
171 44 44
2.33 3.48
4.25 -12.46
10.47 8.12
173 60 71
4.25 -12.46
-1.3 -3.34
-4.15 -6.48
173 60 71
2.33 3.48
-1.3 -3.34
4.25 -12.46
173 60 71
-1.3 4.3
-1.3 -3.34
2.33 3.48
173 60 71
-1.3 -3.34
-3.85 -3.34
-4.15 -6.48
173 60 71
-4.29 -12.1
-4.44 -7.89
-5.13 -16.11
199 88 88
-4.44 -7.89
-4.29 -12.1
3.8 -13.95
199 88 88
-4.29 -12.1
2.81 -17.22
3.8 -13.95
199 88 88
13.86 18.45
20.58 18.2
12.45 39.8
168 107 173
12.15 30.03
-3.09 39.22
-9.05 31.19
158 96 162
11.77 39.8
-3.09 39.22
12.15 30.03
158 96 162
5.61 17.02
-2.68 29.89
-8.68 17.38
125 64 125
-2.68 29.89
5.61 17.02
10.64 28.91
125 64 125
-10.54 16.12
-3.65 30.25
-12.73 22.03
164 102 170
-3.65 30.25
-9.11 30.75
-12.73 22.03
164 102 170
12.79 10.82
12.64 17.27
2.15 5.55
218 188 155
12.64 17.27
12.15 29.06
2.15 5.55
218 188 155
-2.69 -38.28
-6.23 -34.62
-8.3 -38.95
218 188 155
-3.15 -42.28
-2.69 -38.28
-8.3 -38.95
218 188 155
0.94 5.48
5.35 15.97
-1.3 16.09
220 181 143
-1.3 5.89
0.94 5.48
-1.3 16.09
220 181 143
-2.87 -1.06
-5.84 14.78
-7.28 -0.88
133 78 120
-5.84 14.78
-2.87 -1.06
-2.71 14.7
133 78 120
15.91 -3.12
17.5 15.75
13.66 15.73
129 61 126
14.15 -3.12
15.91 -3.12
13.66 15.73
129 61 126
1.77 -18.33
-3.8 -14.16
-7.96 -33.16
50 98 118
-6.56 -33.42
1.48 -21.27
-7.34 -34.56
64 118 137
-7.15 -34.68
-6.56 -33.42
-7.34 -34.56
64 118 137
-1.79 -37.66
-1.42 -38.27
1.48 -21.27
64 118 137
-6.56 -33.42
-1.79 -37.66
1.48 -21.27
64 118 137
-1.79 -37.66
-1.83 -38.01
-1.42 -38.27
64 118 137
8.29 -36.23
3.58 -18.8
1.23 -37.03
36 81 109
3.58 -18.8
8.29 -36.23
9.78 -20.53
36 81 109
6.51 -44.16
7.65 -39.91
1.79 -40.94
214 179 144
7.65 -39.91
3.05 -37.7
1.79 -40.94
214 179 144
18.82 10.68
22.26 11.05
13.01 35.74
0 0 0
-8.45 -3.49
-12.46 -11.99
-6.05 -17.72
0 0 0
2.67 35.74
18.82 10.68
13.01 35.74
0 0 0
18.82 10.68
2.67 35.74
-7.32 8.49
0 0 0
-1.71 -36.41
-7.73 -31.09
-9.5 -33.37
0 0 0
-5.97 -21.4
2.7 -24.89
-6.05 -17.72
0 0 0
-10.72 26.05
-14.58 16.63
-7.32 8.49
0 0 0
2.67 35.74
-10.72 26.05
-7.32 8.49
0 0 0
2.66 35.74
2.67 35.74
2.66 43.65
0 0 0
-10.72 26.05
2.66 35.74
-3.23 35.74
0 0 0
2.66 35.74
-10.72 26.05
2.67 35.74
0 0 0
-6.37 -21.38
-5.97 -21.4
-6.05 -17.72
0 0 0
-5.97 -21.4
-6.37 -21.38
-7.73 -31.09
0 0 0
10.89 -33.05
9.04 -32.66
8.45 -37.86
0 0 0
9.04 -32.66
2.71 -35.5
8.45 -37.86
0 0 0
-1.24 -33.75
-7.73 -31.09
-1.71 -36.41
0 0 0
2.7 -24.89
13.78 -17.5
-6.05 -17.72
0 0 0
17.71 0.16
18.82 10.68
-7.32 8.49
0 0 0
17.71 0.16
17.71 0.15
32.48 0.15
0 0 0
-8.11 0.15
17.71 0.16
-7.32 8.49
0 0 0
17.71 0.16
-8.11 0.15
17.71 0.15
0 0 0
-14.58 16.63
-9.67 8.49
-7.32 8.49
0 0 0
-10.72 6.25
-9.67 8.49
-14.58 16.63
0 0 0
-6.37 -21.38
-9.12 -30.52
-7.73 -31.09
0 0 0
-1.24 -33.75
2.7 -26.2
-7.73 -31.09
0 0 0
2.7 -26.2
-5.97 -21.4
-7.73 -31.09
0 0 0
2.7 -26.2
2.7 -24.89
-5.97 -21.4
0 0 0
16.27 -7.82
13.78 -17.5
18.22 -14.51
0 0 0
16.27 -7.82
-8.45 -3.49
-6.05 -17.72
0 0 0
13.78 -17.5
16.27 -7.82
-6.05 -17.72
0 0 0
13.78 -17.5
12.88 -22.56
13.9 -22.62
0 0 0
12.88 -22.56
13.78 -17.5
2.7 -24.89
0 0 0
2.7 -26.2
12.88 -22.56
2.7 -24.89
0 0 0
12.88 -22.56
2.7 -26.2
9.04 -32.66
0 0 0
12.88 -22.56
9.04 -32.66
11.18 -32.43
0 0 0
2.7 -26.2
2.7 -33.36
9.04 -32.66
0 0 0
16.27 -7.82
16.86 -7.82
17.71 0.15
0 0 0
-8.11 0.15
-8.11 0.13
17.71 0.15
0 0 0
-8.11 0.13
16.27 -7.82
17.71 0.15
0 0 0
16.27 -7.82
-8.11 0.13
-8.45 -3.49
0 0 0
9.04 -32.66
2.7 -33.37
2.71 -35.5
0 0 0
2.7 -33.36
2.7 -33.37
9.04 -32.66
0 0 0
2.7 -33.37
2.7 -35.5
2.71 -35.5
0 0 0
2.7 -35.5
2.7 -33.37
1.59 -35.04
0 0 0
1.2 -33.52
2.7 -26.2
-1.24 -33.75
0 0 0
1.2 -33.52
2.7 -33.36
2.7 -26.2
0 0 0
0.08 -34.29
1.2 -33.52
-1.24 -33.75
0 0 0
-5.91 -16.11
-5.24 -8.38
-10.77 -11.59
194 93 94
-5.24 -8.38
-8.35 -6.1
-10.77 -11.59
194 93 94
-6.19 -6.1
-8.35 -6.1
-5.24 -8.38
194 93 94
-5.1 -6.71
-5.05 -6.1
-5.35 -6.1
237 183 189
13.72 -15.1
16.63 -13.11
13.55 -7.82
188 74 75
16.63 -13.11
15.11 -7.82
13.55 -7.82
188 74 75
12.14 3.25
10.59 2.37
12.88 -18.52
171 44 44
4.41 -18.39
10.59 2.37
4.35 -18.37
171 44 44
10.59 2.37
4.41 -18.39
12.88 -18.52
171 44 44
2.07 -2.49
4.25 -15.22
9.35 1.66
173 60 71
4.25 -15.22
-1.3 -6.1
-4.16 -9.23
173 60 71
2.07 -2.49
-1.3 -6.1
4.25 -15.22
173 60 71
-1.3 -1.73
-1.3 -6.1
2.07 -2.49
173 60 71
-1.3 -6.1
-3.86 -6.1
-4.16 -9.23
173 60 71
-3.71 -14.87
-4.44 -10.66
-5.15 -19.03
199 88 88
-4.44 -10.66
-3.71 -14.87
3.79 -16.71
199 88 88
-3.71 -14.87
3.41 -17.96
3.79 -16.71
199 88 88
19.02 12.54
20.32 12.24
12.19 33.82
168 107 173
13.6 12.54
19.02 12.54
12.19 33.82
168 107 173
19.02 12.54
18.99 12.29
20.32 12.24
168 107 173
11.9 24.06
-3.34 33.26
-9.31 25.21
158 96 162
11.52 33.82
-3.34 33.26
11.9 24.06
158 96 162
5.36 11.05
-2.93 23.93
-8.93 11.41
125 64 125
-2.93 23.93
5.36 11.05
10.39 22.94
125 64 125
-10.8 10.16
-3.91 24.28
-12.99 16.06
164 102 170
-3.91 24.28
-9.36 24.78
-12.99 16.06
164 102 170
12.65 4.91
11.89 23.1
1.9 -0.42
218 188 155
-1.92 -32.41
-5.87 -29.96
-8.16 -32.86
218 188 155
-2.43 -35.1
-1.92 -32.41
-8.16 -32.86
218 188 155
0.69 -0.49
5.09 10.0
-1.3 10.12
220 181 143
-1.3 -0.13
0.69 -0.49
-1.3 10.12
220 181 143
-2.87 -4.15
-5.84 9.4
-7.28 -3.99
133 78 120
-5.84 9.4
-2.87 -4.15
-2.72 9.34
133 78 120
15.91 -6.09
17.5 10.67
13.66 10.65
129 61 126
14.15 -6.09
15.91 -6.09
13.66 10.65
129 61 126
3.04 -19.04
-3.16 -16.24
-7.79 -28.98
50 98 118
-6.23 -29.16
2.72 -21.0
-7.1 -29.92
64 118 137
-6.88 -30.0
-6.23 -29.16
-7.1 -29.92
64 118 137
-0.93 -32.0
-0.52 -32.41
2.72 -21.0
64 118 137
-6.23 -29.16
-0.93 -32.0
2.72 -21.0
64 118 137
-0.93 -32.0
-0.97 -32.24
-0.52 -32.41
64 118 137
10.3 -31.05
5.06 -19.35
2.44 -31.57
36 81 109
5.06 -19.35
10.3 -31.05
11.95 -20.51
36 81 109
8.32 -36.36
4.46 -32.03
3.06 -34.19
214 179 144
4.46 -32.03
8.32 -36.36
9.58 -33.51
214 179 144
