15.32 -16.16
-9.41 11.18
-10.05 -8.11
0 0 0
-10.18 -17.82
15.32 -16.16
-10.05 -8.11
0 0 0
-15.5 -11.93
-10.18 -17.82
-10.05 -8.11
0 0 0
25.65 -5.06
-9.41 11.18
15.32 -16.16
0 0 0
-9.41 11.18
25.65 -5.06
2.7 21.32
0 0 0
25.65 -5.06
19.96 21.32
2.7 21.32
0 0 0
25.65 -5.06
29.33 0.15
19.96 21.32
0 0 0
-6.62 -36.11
-5.64 -37.16
0.63 -29.7
0 0 0
-6.96 -39.42
-6.62 -36.11
-16.04 -32.32
0 0 0
5.46 -29.83
15.76 -24.66
15.32 -16.16
0 0 0
29.33 0.15
25.65 -5.06
31.41 -4.54
0 0 0
25.65 -5.06
29.33 0.15
29.33 0.15
0 0 0
29.33 0.15
29.33 0.15
32.48 0.15
0 0 0
-9.41 11.18
-13.67 0.12
-10.05 -8.11
0 0 0
2.66 21.32
-9.41 11.18
2.7 21.32
0 0 0
2.66 21.32
-0.14 21.32
-9.41 11.18
0 0 0
2.66 21.32
2.7 21.32
2.66 43.65
0 0 0
27.78 -7.25
25.65 -5.06
15.32 -16.16
0 0 0
16.42 -33.75
16.74 -24.62
15.76 -24.66
0 0 0
5.46 -29.83
16.42 -33.75
15.76 -24.66
0 0 0
16.42 -33.75
6.94 -38.04
17.21 -38.04
0 0 0
-10.18 -17.82
-12.69 -25.69
0.63 -29.7
0 0 0
-14.19 1.3
-13.68 0.14
-9.41 11.18
0 0 0
-13.68 0.14
-13.67 0.12
-9.41 11.18
0 0 0
-13.67 0.12
-13.68 0.14
-32.48 0.12
0 0 0
16.42 -33.75
18.53 -33.52
16.74 -24.62
0 0 0
2.73 -29.75
5.46 -29.83
15.32 -16.16
0 0 0
6.94 -34.75
16.42 -33.75
5.46 -29.83
0 0 0
6.13 -34.84
6.94 -34.75
5.46 -29.83
0 0 0
16.42 -33.75
6.94 -34.75
6.94 -38.04
0 0 0
-10.87 -18.51
-12.69 -25.69
-10.18 -17.82
0 0 0
-12.69 -25.69
-10.87 -18.51
-16.59 -24.09
0 0 0
-13.0 -29.24
-6.62 -36.11
0.63 -29.7
0 0 0
-12.69 -25.69
-13.0 -29.24
0.63 -29.7
0 0 0
-6.62 -36.11
-13.0 -29.24
-16.04 -32.32
0 0 0
-10.18 -17.82
2.7 -29.75
15.32 -16.16
0 0 0
2.7 -29.75
2.73 -29.75
15.32 -16.16
0 0 0
2.7 -29.75
-10.18 -17.82
0.63 -29.7
0 0 0
-10.87 -18.5
-10.87 -18.51
-10.18 -17.82
0 0 0
-14.64 -27.48
-13.0 -29.24
-12.69 -25.69
0 0 0
-8.75 -27.83
-11.59 -26.14
-13.07 -27.4
50 98 118
-11.59 -26.14
-8.75 -27.83
-8.66 -27.35
50 98 118
-9.05 -29.42
-8.96 -28.97
-12.47 -28.6
64 118 137
-2.83 -29.6
-6.01 -35.38
-1.21 -29.76
64 118 137
-7.96 -33.34
-2.83 -29.6
-9.05 -29.42
64 118 137
-7.96 -33.34
-9.05 -29.42
-12.47 -28.6
64 118 137
-2.83 -29.6
-6.47 -34.7
-6.01 -35.38
64 118 137
-7.96 -33.34
-6.47 -34.7
-2.83 -29.6
64 118 137
-6.47 -34.7
-6.49 -34.88
-6.01 -35.38
64 118 137
-7.56 -34.71
-12.24 -30.05
-14.57 -32.35
218 188 155
-7.89 -37.57
-7.56 -34.71
-14.57 -32.35
218 188 155
10.12 -14.29
18.58 8.09
6.21 -16.56
218 188 155
18.58 8.09
10.12 -14.29
19.21 -4.77
218 188 155
10.55 -14.74
10.12 -14.29
6.21 -16.56
218 188 155
-8.48 -26.43
-7.66 -22.03
-14.5 -23.87
194 93 94
-7.66 -22.03
-10.14 -19.31
-14.5 -23.87
194 93 94
-7.48 -21.08
-9.36 -18.72
-9.56 -18.8
237 183 189
-9.36 -18.72
-7.48 -21.08
-6.55 -16.19
237 183 189
-9.36 -18.72
-9.42 -18.66
-9.56 -18.8
237 183 189
9.76 -19.07
11.39 -16.34
7.3 -18.31
237 183 189
14.55 -24.71
10.48 -20.32
7.75 -24.98
171 44 44
10.48 -20.32
10.48 -20.32
7.75 -24.98
171 44 44
13.99 -17.11
13.32 -17.58
14.55 -24.71
171 44 44
10.7 -19.95
10.48 -20.32
14.55 -24.71
171 44 44
10.99 -19.45
13.32 -17.58
12.55 -16.79
171 44 44
10.99 -19.45
10.99 -19.45
12.55 -16.79
171 44 44
13.32 -17.58
10.99 -19.45
14.55 -24.71
171 44 44
10.99 -19.45
10.7 -19.95
14.55 -24.71
171 44 44
5.32 -28.86
5.01 -26.51
3.5 -28.81
171 44 44
-1.44 -17.22
-4.69 -14.79
-6.31 -22.51
173 60 71
-1.44 -17.22
-1.44 -15.15
-4.69 -14.79
173 60 71
4.52 -25.28
0.79 -21.73
4.09 -25.92
173 60 71
4.09 -25.92
0.79 -21.73
-6.31 -22.51
173 60 71
0.79 -21.73
-1.44 -17.22
-6.31 -22.51
173 60 71
-1.44 -17.22
0.79 -21.73
5.4 -18.54
173 60 71
2.23 -28.73
-6.67 -23.32
-7.59 -28.37
199 88 88
-6.67 -23.32
2.23 -28.73
3.53 -26.76
199 88 88
6.19 -25.05
5.23 -19.27
2.32 -21.4
188 74 75
5.23 -19.27
6.25 -25.05
9.23 -20.03
188 74 75
6.25 -25.05
5.23 -19.27
6.19 -25.05
188 74 75
22.26 -1.57
29.02 -3.29
18.95 19.33
168 107 173
20.7 -3.03
22.26 -1.57
18.95 19.33
168 107 173
22.26 -1.57
23.77 -3.13
29.02 -3.29
168 107 173
20.86 -3.04
22.26 -1.57
20.7 -3.03
168 107 173
18.59 9.1
-0.28 18.73
-7.66 10.3
158 96 162
18.12 19.33
-0.28 18.73
18.59 9.1
158 96 162
0.23 8.96
10.49 -4.54
16.72 7.92
125 64 125
-1.14 -4.3
10.49 -4.54
0.23 8.96
125 64 125
-2.48 -2.78
0.23 8.96
-7.2 -4.16
125 64 125
-2.48 -2.78
-1.14 -4.3
0.23 8.96
125 64 125
-4.53 -4.22
-2.48 -2.78
-7.2 -4.16
125 64 125
-9.51 -5.47
-0.98 9.33
-12.22 0.71
164 102 170
-0.98 9.33
-7.73 9.85
-12.22 0.71
164 102 170
-0.09 -5.47
2.3 -8.18
10.16 -5.64
220 181 143
2.3 -8.18
4.71 -16.63
10.16 -5.64
220 181 143
4.71 -16.63
-0.11 -10.37
-0.14 -15.88
220 181 143
-0.11 -10.37
4.71 -16.63
2.3 -8.18
220 181 143
-0.09 -5.48
2.3 -8.18
-0.09 -5.47
220 181 143
-9.3 -16.04
-2.28 -4.73
-12.85 -11.9
133 78 120
-2.28 -4.73
-9.3 -16.04
0.28 -7.64
133 78 120
13.56 -15.7
21.99 -3.63
12.04 -14.13
129 61 126
21.99 -3.63
13.56 -15.7
25.31 -7.02
129 61 126
7.04 -33.52
15.36 -25.96
6.13 -25.66
36 81 109
15.36 -25.96
7.04 -33.52
16.92 -32.7
36 81 109
8.01 -36.8
15.13 -33.96
7.96 -34.49
214 179 144
15.13 -33.96
8.01 -36.8
15.88 -36.8
214 179 144
26.17 17.47
33.78 -8.76
37.62 -8.41
0 0 0
-5.99 -7.1
-7.86 -26.99
9.35 -21.97
0 0 0
-2.47 8.11
-2.41 8.19
-2.47 43.65
0 0 0
-5.99 -7.1
-2.41 8.19
-2.47 8.11
0 0 0
-16.52 -28.1
-22.31 -19.76
-18.62 -30.68
0 0 0
-16.94 -15.43
-7.86 -26.99
-5.99 -7.1
0 0 0
-12.65 -7.4
-16.94 -15.43
-5.99 -7.1
0 0 0
-16.94 -15.43
-12.65 -7.4
-20.64 -7.7
0 0 0
33.78 -8.76
26.9 -14.9
35.32 -13.53
0 0 0
12.63 -22.59
26.9 -14.9
9.35 -21.97
0 0 0
26.9 -14.9
-5.99 -7.1
9.35 -21.97
0 0 0
26.9 -14.9
-2.41 8.19
-5.99 -7.1
0 0 0
-2.41 8.19
26.9 -14.9
6.07 17.47
0 0 0
6.07 17.47
26.9 -14.9
26.17 17.47
0 0 0
26.9 -14.9
33.78 -8.76
26.17 17.47
0 0 0
-3.2 7.32
-5.99 -7.1
-2.47 8.11
0 0 0
-6.67 0.15
-6.68 0.14
-5.99 -7.1
0 0 0
-3.2 7.32
-6.67 0.15
-5.99 -7.1
0 0 0
-12.65 -7.38
-12.65 -7.4
-5.99 -7.1
0 0 0
-16.52 -28.1
-18.08 -18.86
-22.31 -19.76
0 0 0
-18.08 -18.86
-16.52 -28.1
-7.86 -26.99
0 0 0
-16.94 -15.43
-18.08 -18.86
-7.86 -26.99
0 0 0
-1.67 -37.25
4.92 -30.91
3.27 -29.45
0 0 0
-1.67 -37.25
0.01 -38.56
4.92 -30.91
0 0 0
26.95 -15.68
26.9 -14.9
12.63 -22.59
0 0 0
-6.68 0.14
-7.98 -2.56
-5.99 -7.1
0 0 0
-2.43 -38.4
-11.45 -33.73
-4.08 -40.88
0 0 0
-7.33 -27.5
-1.67 -37.25
3.27 -29.45
0 0 0
-7.86 -26.99
-7.33 -27.5
9.35 -21.97
0 0 0
-7.33 -27.5
3.27 -29.45
9.35 -21.97
0 0 0
-9.18 -31.38
-2.43 -38.4
-2.42 -38.38
0 0 0
-9.18 -31.38
-11.45 -33.73
-2.43 -38.4
0 0 0
-1.67 -37.25
-9.18 -31.38
-2.42 -38.38
0 0 0
-7.33 -27.5
-9.18 -31.38
-1.67 -37.25
0 0 0
-18.41 -16.92
-18.08 -18.86
-16.94 -15.43
0 0 0
-18.41 -16.92
-18.47 -16.59
-18.62 -16.71
0 0 0
-18.47 -16.59
-18.26 -16.44
-18.48 -16.47
0 0 0
-18.26 -16.44
-18.41 -16.92
-16.94 -15.43
0 0 0
-18.41 -16.92
-18.26 -16.44
-18.47 -16.59
0 0 0
-9.81 -30.87
-9.18 -31.38
-7.33 -27.5
0 0 0
-16.13 -25.0
-12.85 -22.23
-17.29 -18.6
64 118 137
-15.62 -26.99
-15.61 -27.82
-9.0 -25.91
64 118 137
-12.85 -22.23
-15.62 -26.99
-9.0 -25.91
64 118 137
-16.13 -25.0
-15.62 -26.99
-12.85 -22.23
64 118 137
-15.62 -26.99
-15.74 -27.14
-15.61 -27.82
64 118 137
-16.54 -26.41
-17.89 -19.95
-21.1 -20.59
218 188 155
-18.39 -28.62
-16.54 -26.41
-21.1 -20.59
218 188 155
24.79 -15.24
17.77 -16.38
12.42 -20.43
218 188 155
17.77 -16.38
16.48 -12.34
12.42 -20.43
218 188 155
25.42 -8.71
24.79 4.22
16.71 -11.87
218 188 155
-16.2 -14.87
-12.64 -12.17
-18.94 -8.93
194 93 94
-12.64 -12.17
-12.65 -8.48
-18.94 -8.93
194 93 94
-11.87 -11.58
-9.07 -9.45
-11.88 -8.48
237 183 189
-9.07 -9.45
-9.24 -8.29
-11.88 -8.48
237 183 189
2.28 -21.63
4.77 -19.36
0.68 -18.93
237 183 189
4.77 -19.36
2.28 -21.63
4.77 -20.86
237 183 189
-6.74 -26.71
-5.59 -25.15
-8.89 -24.67
171 44 44
-5.59 -25.15
-5.69 -23.83
-8.89 -24.67
171 44 44
2.36 -28.64
1.98 -23.04
-2.37 -24.42
171 44 44
6.88 -21.49
2.36 -28.64
7.77 -21.66
171 44 44
6.88 -21.49
1.98 -23.04
2.36 -28.64
171 44 44
1.98 -23.04
1.97 -23.04
-2.37 -24.42
171 44 44
-6.52 -22.91
-8.06 -16.58
-11.96 -13.42
173 60 71
-6.15 -17.58
-8.06 -16.58
-6.52 -22.91
173 60 71
2.67 -15.07
0.39 -18.44
4.77 -19.01
173 60 71
4.77 -16.08
2.67 -15.07
4.77 -19.01
173 60 71
-8.06 -16.58
-8.83 -11.14
-11.96 -13.42
173 60 71
-5.77 -22.72
-6.15 -17.58
-6.52 -22.91
173 60 71
0.39 -18.43
2.67 -15.07
-6.15 -17.58
173 60 71
0.39 -18.43
0.39 -18.44
2.67 -15.07
173 60 71
-9.78 -23.76
-12.77 -13.78
-16.83 -16.91
199 88 88
-12.77 -13.78
-9.78 -23.76
-7.5 -23.16
199 88 88
-1.22 -18.74
-3.46 -23.44
1.24 -21.98
188 74 75
-3.98 -22.98
-1.22 -18.74
-4.8 -18.38
188 74 75
-3.98 -22.98
-3.46 -23.44
-1.22 -18.74
188 74 75
-4.39 -23.53
-3.98 -22.98
-4.8 -18.38
188 74 75
32.9 -6.0
35.23 -7.16
25.16 15.46
168 107 173
26.91 -6.9
32.9 -6.0
25.16 15.46
168 107 173
30.13 -7.01
32.9 -6.0
26.91 -6.9
168 107 173
32.9 -6.0
33.25 -7.1
35.23 -7.16
168 107 173
24.8 5.23
5.92 14.87
-1.46 6.44
158 96 162
24.33 15.46
5.92 14.87
24.8 5.23
158 96 162
6.44 5.09
16.7 -8.41
22.93 4.05
125 64 125
6.57 -7.24
6.44 5.09
-0.62 -7.37
125 64 125
6.44 5.09
6.57 -7.24
16.7 -8.41
125 64 125
6.57 -7.24
6.69 -8.2
16.7 -8.41
125 64 125
-2.18 -7.39
-1.52 5.98
-6.01 -3.16
164 102 170
-1.52 5.98
-2.18 -7.39
5.23 5.46
164 102 170
-4.15 -7.43
-2.18 -7.39
-6.01 -3.16
164 102 170
6.84 -9.36
7.5 -14.38
16.37 -9.51
220 181 143
10.92 -20.51
7.5 -14.38
6.07 -19.75
220 181 143
7.5 -14.38
10.92 -20.51
16.37 -9.51
220 181 143
7.5 -14.38
6.09 -14.58
6.07 -19.75
220 181 143
-6.51 -14.4
5.65 -8.96
-7.13 -8.97
133 78 120
5.65 -8.96
-6.51 -14.4
6.13 -12.8
133 78 120
18.83 -14.78
31.73 -7.72
18.16 -12.71
129 61 126
31.73 -7.72
18.83 -14.78
33.2 -12.23
129 61 126
2.99 -30.92
-3.43 -24.29
-8.25 -30.56
36 81 109
-0.58 -36.85
2.99 -30.92
-8.25 -30.56
36 81 109
-4.18 -39.07
-2.74 -36.51
-9.83 -33.59
214 179 144
-2.74 -36.51
-8.26 -31.9
-9.83 -33.59
214 179 144
27.28 14.91
34.89 -11.3
38.73 -10.95
0 0 0
-23.84 -29.7
-21.74 -27.13
-27.53 -18.78
0 0 0
28.01 -17.44
7.18 14.91
-2.09 4.78
0 0 0
34.89 -11.3
28.01 -17.44
36.43 -16.08
0 0 0
7.18 14.91
28.01 -17.44
27.28 14.91
0 0 0
28.01 -17.44
34.89 -11.3
27.28 14.91
0 0 0
-21.76 -7.7
-18.42 -14.65
-13.77 -7.4
0 0 0
28.01 -17.44
-3.58 1.7
6.76 -23.79
0 0 0
13.74 -25.13
28.01 -17.44
6.76 -23.79
0 0 0
-7.05 -40.04
-4.64 -36.41
-14.43 -32.88
0 0 0
-23.3 -17.88
-18.42 -14.65
-23.7 -15.5
0 0 0
-21.74 -27.13
-23.3 -17.88
-27.53 -18.78
0 0 0
-6.01 -7.07
-9.9 -26.1
6.76 -23.79
0 0 0
-4.32 0.16
-6.01 -7.07
6.76 -23.79
0 0 0
-3.58 1.7
-4.32 0.16
6.76 -23.79
0 0 0
-3.5 1.85
28.01 -17.44
-2.09 4.78
0 0 0
-3.5 1.85
-3.58 1.7
28.01 -17.44
0 0 0
13.74 -25.13
28.07 -18.22
28.01 -17.44
0 0 0
-11.88 -24.21
-9.9 -26.1
-6.01 -7.07
0 0 0
-11.88 -24.21
-23.3 -17.88
-21.74 -27.13
0 0 0
-23.3 -17.88
-11.88 -24.21
-18.42 -14.65
0 0 0
-9.9 -26.1
1.78 -29.92
6.76 -23.79
0 0 0
1.78 -29.92
-9.9 -26.1
-4.64 -36.41
0 0 0
-3.54 -37.27
1.78 -29.92
-4.64 -36.41
0 0 0
-4.32 0.16
-4.33 0.15
-6.01 -7.07
0 0 0
-4.33 0.15
-6.87 -5.1
-6.01 -7.07
0 0 0
-6.25 0.17
-4.33 0.15
-4.32 0.16
0 0 0
-18.42 -14.65
-7.11 -7.11
-13.77 -7.4
0 0 0
-7.11 -7.11
-13.77 -7.39
-13.77 -7.4
0 0 0
-11.88 -24.21
-7.11 -7.11
-18.42 -14.65
0 0 0
-11.66 -25.59
-11.88 -24.21
-21.74 -27.13
0 0 0
-4.64 -36.41
-12.15 -30.53
-14.43 -32.88
0 0 0
-9.9 -26.1
-12.15 -30.53
-4.64 -36.41
0 0 0
-12.79 -30.02
-12.15 -30.53
-9.9 -26.1
0 0 0
-3.54 -37.27
1.94 -30.06
1.78 -29.92
0 0 0
-6.25 0.15
-4.33 0.15
-6.25 0.17
0 0 0
1.94 -30.06
-3.53 -37.28
-2.97 -37.71
0 0 0
-3.53 -37.28
1.94 -30.06
-3.54 -37.27
0 0 0
-6.84 -7.1
-6.94 -6.98
-7.11 -7.11
0 0 0
-6.84 -7.1
-11.88 -24.21
-6.01 -7.07
0 0 0
-6.84 -7.1
-7.11 -7.11
-11.88 -24.21
0 0 0
-6.25 0.14
-6.25 0.15
-38.73 0.14
0 0 0
-12.61 -24.16
-19.73 -16.71
-22.35 -16.3
50 98 118
-19.73 -16.71
-18.55 -15.82
-22.35 -16.3
50 98 118
-12.73 -23.4
-19.73 -16.71
-12.61 -24.16
50 98 118
-21.34 -24.05
-13.73 -24.79
-22.51 -17.62
64 118 137
-20.84 -26.02
-20.83 -26.84
-13.73 -24.79
64 118 137
-21.34 -24.05
-20.84 -26.02
-13.73 -24.79
64 118 137
-20.84 -26.02
-20.95 -26.16
-20.83 -26.84
64 118 137
-21.76 -25.43
-23.12 -18.97
-26.32 -19.61
218 188 155
-23.61 -27.65
-21.76 -25.43
-26.32 -19.61
218 188 155
25.89 -17.79
18.88 -18.91
13.53 -22.98
218 188 155
18.88 -18.91
17.59 -14.88
13.53 -22.98
218 188 155
26.54 -11.25
25.9 1.68
17.83 -14.41
218 188 155
-17.3 -14.87
-13.75 -12.16
-20.05 -8.93
194 93 94
-13.75 -12.16
-13.76 -8.48
-20.05 -8.93
194 93 94
-12.98 -11.58
-8.48 -8.16
-13.0 -8.48
237 183 189
1.16 -21.63
5.88 -19.59
-0.43 -18.94
237 183 189
5.88 -19.59
1.16 -21.63
5.88 -20.17
237 183 189
-9.32 -25.32
-8.56 -24.29
-10.01 -24.67
171 44 44
0.88 -29.12
1.82 -22.74
-4.15 -24.63
171 44 44
1.82 -22.74
1.82 -22.74
5.88 -21.46
171 44 44
1.82 -22.74
5.88 -22.68
5.88 -21.46
171 44 44
5.88 -22.68
1.82 -22.74
0.88 -29.12
171 44 44
-7.63 -22.92
-7.27 -17.59
-13.07 -13.42
173 60 71
-7.27 -17.59
-8.23 -10.05
-13.07 -13.42
173 60 71
-8.23 -10.05
-6.69 -8.77
-13.07 -13.42
173 60 71
-6.69 -8.77
-8.23 -10.05
-5.59 -10.01
173 60 71
-6.96 -22.12
-7.27 -17.59
-7.63 -22.92
173 60 71
-7.53 -22.9
-6.96 -22.12
-7.63 -22.92
173 60 71
-0.72 -18.45
5.88 -19.3
5.88 -17.31
173 60 71
-0.73 -18.43
5.88 -17.31
-1.43 -18.34
173 60 71
-0.73 -18.43
-0.72 -18.45
5.88 -17.31
173 60 71
-10.89 -23.76
-13.88 -13.78
-17.94 -16.91
199 88 88
-13.88 -13.78
-10.89 -23.76
-8.61 -23.17
199 88 88
-5.5 -23.42
-3.45 -18.63
-5.86 -18.97
188 74 75
-3.45 -18.63
-5.5 -23.42
-5.25 -23.65
188 74 75
-2.33 -18.74
-5.25 -23.65
0.12 -21.99
188 74 75
-2.33 -18.74
-3.45 -18.63
-5.25 -23.65
188 74 75
34.01 -8.54
36.34 -9.7
26.27 12.91
168 107 173
28.02 -9.45
34.01 -8.54
26.27 12.91
168 107 173
31.25 -9.55
34.01 -8.54
28.02 -9.45
168 107 173
34.01 -8.54
34.36 -9.64
36.34 -9.7
168 107 173
25.91 2.69
7.04 12.33
-0.34 3.9
158 96 162
25.44 12.91
7.04 12.33
25.91 2.69
158 96 162
7.55 2.55
17.81 -10.95
24.04 1.51
125 64 125
7.68 -9.78
7.55 2.55
0.5 -9.91
125 64 125
7.55 2.55
7.68 -9.78
17.81 -10.95
125 64 125
7.68 -9.78
7.8 -10.74
17.81 -10.95
125 64 125
-1.07 -9.93
-0.41 3.44
-4.9 -5.7
164 102 170
-0.41 3.44
-1.07 -9.93
6.34 2.92
164 102 170
-3.03 -9.97
-1.07 -9.93
-4.9 -5.7
164 102 170
7.96 -11.9
8.61 -16.92
17.48 -12.05
220 181 143
12.03 -23.04
8.61 -16.92
7.18 -22.29
220 181 143
8.61 -16.92
12.03 -23.04
17.48 -12.05
220 181 143
8.61 -16.92
7.2 -17.12
7.18 -22.29
220 181 143
-5.4 -16.95
6.76 -11.5
-6.02 -11.51
133 78 120
6.76 -11.5
-5.4 -16.95
7.24 -15.34
133 78 120
19.94 -17.33
32.85 -10.26
19.27 -15.25
129 61 126
32.85 -10.26
19.94 -17.33
34.32 -14.78
129 61 126
0.01 -30.07
-6.41 -23.45
-11.23 -29.71
36 81 109
-3.56 -36.01
0.01 -30.07
-11.23 -29.71
36 81 109
-7.16 -38.23
-5.72 -35.66
-12.81 -32.76
214 179 144
-5.72 -35.66
-11.24 -31.05
-12.81 -32.76
214 179 144
26.16 17.45
33.78 -8.76
37.61 -8.42
0 0 0
-2.48 8.1
-2.41 8.18
-2.48 43.64
0 0 0
-5.99 -7.11
-2.41 8.18
-2.48 8.1
0 0 0
-16.52 -28.11
-22.32 -19.77
-18.63 -30.69
0 0 0
-16.94 -15.43
-12.65 -7.4
-20.65 -7.71
0 0 0
-5.99 -7.11
-5.99 -7.11
9.34 -21.97
0 0 0
-5.99 -7.11
-7.86 -27.0
9.34 -21.97
0 0 0
-5.99 -7.11
-16.94 -15.43
-7.86 -27.0
0 0 0
-16.94 -15.43
-5.99 -7.11
-12.65 -7.4
0 0 0
33.78 -8.76
26.9 -14.9
35.31 -13.55
0 0 0
12.62 -22.61
26.9 -14.9
9.34 -21.97
0 0 0
26.9 -14.9
-5.99 -7.11
9.34 -21.97
0 0 0
26.9 -14.9
-2.41 8.18
-5.99 -7.11
0 0 0
-2.41 8.18
26.9 -14.9
6.06 17.45
0 0 0
6.06 17.45
26.9 -14.9
26.16 17.45
0 0 0
26.9 -14.9
33.78 -8.76
26.16 17.45
0 0 0
-3.21 7.3
-5.99 -7.11
-2.48 8.1
0 0 0
-6.67 0.14
-6.68 0.13
-5.99 -7.11
0 0 0
-3.21 7.3
-6.67 0.14
-5.99 -7.11
0 0 0
-5.99 -7.11
-12.66 -7.4
-12.65 -7.4
0 0 0
-16.52 -28.11
-18.08 -18.86
-22.32 -19.77
0 0 0
-18.08 -18.86
-16.52 -28.11
-7.86 -27.0
0 0 0
-16.94 -15.43
-18.08 -18.86
-7.86 -27.0
0 0 0
-1.67 -37.25
4.91 -30.92
3.27 -29.45
0 0 0
-1.67 -37.25
0.0 -38.56
4.91 -30.92
0 0 0
26.95 -15.69
26.9 -14.9
12.62 -22.61
0 0 0
-6.68 0.13
-7.99 -2.57
-5.99 -7.11
0 0 0
-2.44 -38.4
-11.46 -33.73
-4.09 -40.89
0 0 0
-7.33 -27.5
-1.67 -37.25
3.27 -29.45
0 0 0
-7.86 -27.0
-7.33 -27.5
9.34 -21.97
0 0 0
-7.33 -27.5
3.27 -29.45
9.34 -21.97
0 0 0
-9.17 -31.38
-2.44 -38.4
-2.42 -38.38
0 0 0
-9.17 -31.38
-11.46 -33.73
-2.44 -38.4
0 0 0
-1.67 -37.25
-9.17 -31.38
-2.42 -38.38
0 0 0
-7.33 -27.5
-9.17 -31.38
-1.67 -37.25
0 0 0
-18.41 -16.92
-18.08 -18.86
-16.94 -15.43
0 0 0
-18.41 -16.92
-18.47 -16.59
-18.63 -16.72
0 0 0
-18.47 -16.59
-18.28 -16.45
-18.49 -16.49
0 0 0
-18.28 -16.45
-18.41 -16.92
-16.94 -15.43
0 0 0
-18.41 -16.92
-18.28 -16.45
-18.47 -16.59
0 0 0
-9.82 -30.88
-9.17 -31.38
-7.33 -27.5
0 0 0
-16.12 -25.03
-12.81 -22.27
-17.3 -18.61
64 118 137
-15.63 -27.01
-15.62 -27.83
-8.99 -25.91
64 118 137
-12.81 -22.27
-15.63 -27.01
-8.99 -25.91
64 118 137
-16.12 -25.03
-15.63 -27.01
-12.81 -22.27
64 118 137
-15.63 -27.01
-15.74 -27.14
-15.62 -27.83
64 118 137
-16.55 -26.42
-17.9 -19.96
-21.11 -20.59
218 188 155
-18.4 -28.62
-16.55 -26.42
-21.11 -20.59
218 188 155
24.77 -15.25
17.76 -16.38
12.41 -20.44
218 188 155
17.76 -16.38
16.48 -12.34
12.41 -20.44
218 188 155
25.42 -8.71
24.78 4.21
16.71 -11.87
218 188 155
-16.2 -14.87
-12.64 -12.17
-18.95 -8.95
194 93 94
-12.64 -12.17
-12.65 -8.49
-18.95 -8.95
194 93 94
-11.87 -11.58
-9.07 -9.45
-11.89 -8.49
237 183 189
-9.07 -9.45
-9.24 -8.29
-11.89 -8.49
237 183 189
2.28 -21.64
4.76 -19.36
0.68 -18.94
237 183 189
4.76 -19.36
2.28 -21.64
4.76 -20.86
237 183 189
-6.74 -26.71
-5.59 -25.15
-8.9 -24.67
171 44 44
-5.59 -25.15
-5.69 -23.83
-8.9 -24.67
171 44 44
2.36 -28.64
2.93 -22.75
-2.36 -24.42
171 44 44
6.86 -21.5
2.36 -28.64
7.77 -21.67
171 44 44
6.86 -21.5
2.93 -22.75
2.36 -28.64
171 44 44
6.86 -21.5
2.93 -22.74
2.93 -22.75
171 44 44
-6.53 -22.92
-8.07 -16.59
-11.97 -13.43
173 60 71
-6.16 -17.6
-8.07 -16.59
-6.53 -22.92
173 60 71
2.67 -15.07
-0.36 -18.35
4.76 -19.01
173 60 71
-0.36 -18.35
2.67 -15.07
-6.16 -17.6
173 60 71
4.76 -16.08
2.67 -15.07
4.76 -19.01
173 60 71
-8.07 -16.59
-8.83 -11.14
-11.97 -13.43
173 60 71
-5.77 -22.73
-6.16 -17.6
-6.53 -22.92
173 60 71
-9.79 -23.77
-12.78 -13.8
-16.83 -16.92
199 88 88
-12.78 -13.8
-9.79 -23.77
-7.51 -23.17
199 88 88
-1.23 -18.75
-3.46 -23.44
1.23 -22.0
188 74 75
-3.99 -22.98
-1.23 -18.75
-4.81 -18.38
188 74 75
-3.99 -22.98
-3.46 -23.44
-1.23 -18.75
188 74 75
-4.39 -23.53
-3.99 -22.98
-4.81 -18.38
188 74 75
32.89 -6.01
35.22 -7.17
25.15 15.45
168 107 173
26.9 -6.91
32.89 -6.01
25.15 15.45
168 107 173
30.13 -7.01
32.89 -6.01
26.9 -6.91
168 107 173
32.89 -6.01
33.25 -7.1
35.22 -7.17
168 107 173
24.79 5.22
5.91 14.86
-1.47 6.43
158 96 162
24.32 15.45
5.91 14.86
24.79 5.22
158 96 162
6.43 5.08
16.69 -8.42
22.92 4.04
125 64 125
6.56 -7.25
6.43 5.08
-0.62 -7.37
125 64 125
6.43 5.08
6.56 -7.25
16.69 -8.42
125 64 125
6.56 -7.25
6.69 -8.2
16.69 -8.42
125 64 125
-4.14 -7.43
-2.18 -7.4
-6.02 -3.17
164 102 170
-2.18 -7.4
-1.53 5.97
-6.02 -3.17
164 102 170
-1.53 5.97
-2.18 -7.4
5.22 5.45
164 102 170
6.84 -9.36
7.49 -14.39
16.36 -9.52
220 181 143
10.91 -20.51
7.49 -14.39
6.06 -19.76
220 181 143
7.49 -14.39
10.91 -20.51
16.36 -9.52
220 181 143
7.49 -14.39
6.09 -14.58
6.06 -19.76
220 181 143
-6.52 -14.41
5.64 -8.97
-7.14 -8.98
133 78 120
5.64 -8.97
-6.52 -14.41
6.12 -12.81
133 78 120
18.82 -14.8
31.73 -7.73
18.15 -12.72
129 61 126
31.73 -7.73
18.82 -14.8
33.2 -12.25
129 61 126
2.98 -30.94
-3.44 -24.3
-8.26 -30.58
36 81 109
-0.59 -36.86
2.98 -30.94
-8.26 -30.58
36 81 109
-4.19 -39.08
-2.75 -36.52
-9.84 -33.61
214 179 144
-2.75 -36.52
-8.27 -31.91
-9.84 -33.61
214 179 144
15.32 -16.15
-9.42 11.18
-10.06 -8.11
0 0 0
-10.18 -17.82
15.32 -16.15
-10.06 -8.11
0 0 0
-15.51 -11.93
-10.18 -17.82
-10.06 -8.11
0 0 0
25.64 -5.06
-9.42 11.18
15.32 -16.15
0 0 0
-9.42 11.18
25.64 -5.06
2.7 21.32
0 0 0
25.64 -5.06
19.95 21.32
2.7 21.32
0 0 0
25.64 -5.06
29.33 0.15
19.95 21.32
0 0 0
-6.62 -36.12
-5.65 -37.16
0.63 -29.7
0 0 0
-6.96 -39.42
-6.62 -36.12
-16.04 -32.32
0 0 0
5.45 -29.83
15.76 -24.66
15.32 -16.15
0 0 0
29.33 0.15
25.64 -5.06
31.41 -4.54
0 0 0
25.64 -5.06
29.33 0.15
29.33 0.15
0 0 0
29.33 0.15
29.33 0.15
32.48 0.15
0 0 0
-9.42 11.18
-13.68 0.14
-10.06 -8.11
0 0 0
2.66 21.32
-9.42 11.18
2.7 21.32
0 0 0
2.66 21.32
-0.15 21.32
-9.42 11.18
0 0 0
2.66 21.32
2.7 21.32
2.66 43.65
0 0 0
27.77 -7.25
25.64 -5.06
15.32 -16.15
0 0 0
16.41 -33.75
16.73 -24.62
15.76 -24.66
0 0 0
5.45 -29.83
16.41 -33.75
15.76 -24.66
0 0 0
16.41 -33.75
6.93 -38.04
17.2 -38.04
0 0 0
-10.18 -17.82
-12.69 -25.69
0.63 -29.7
0 0 0
-14.19 1.3
-13.68 0.14
-9.42 11.18
0 0 0
-13.68 0.14
-13.68 0.14
-9.42 11.18
0 0 0
-13.68 0.14
-13.68 0.14
-32.48 0.14
0 0 0
16.41 -33.75
18.53 -33.52
16.73 -24.62
0 0 0
2.73 -29.75
5.45 -29.83
15.32 -16.15
0 0 0
6.93 -34.75
16.41 -33.75
5.45 -29.83
0 0 0
6.12 -34.84
6.93 -34.75
5.45 -29.83
0 0 0
16.41 -33.75
6.93 -34.75
6.93 -38.04
0 0 0
-10.87 -18.51
-12.69 -25.69
-10.18 -17.82
0 0 0
-12.69 -25.69
-10.87 -18.51
-16.59 -24.09
0 0 0
-13.0 -29.24
-6.62 -36.12
0.63 -29.7
0 0 0
-12.69 -25.69
-13.0 -29.24
0.63 -29.7
0 0 0
-6.62 -36.12
-13.0 -29.24
-16.04 -32.32
0 0 0
-10.18 -17.82
2.7 -29.75
15.32 -16.15
0 0 0
2.7 -29.75
2.73 -29.75
15.32 -16.15
0 0 0
2.7 -29.75
-10.18 -17.82
0.63 -29.7
0 0 0
-10.87 -18.5
-10.87 -18.51
-10.18 -17.82
0 0 0
-14.64 -27.48
-13.0 -29.24
-12.69 -25.69
0 0 0
-8.76 -27.83
-11.59 -26.14
-13.07 -27.4
50 98 118
-11.59 -26.14
-8.76 -27.83
-8.67 -27.34
50 98 118
-9.06 -29.42
-8.97 -28.97
-12.48 -28.6
64 118 137
-2.82 -29.6
-6.01 -35.38
-1.21 -29.76
64 118 137
-7.93 -33.38
-2.82 -29.6
-9.06 -29.42
64 118 137
-7.93 -33.38
-9.06 -29.42
-12.48 -28.6
64 118 137
-2.82 -29.6
-6.48 -34.7
-6.01 -35.38
64 118 137
-7.93 -33.38
-6.48 -34.7
-2.82 -29.6
64 118 137
-6.48 -34.7
-6.5 -34.87
-6.01 -35.38
64 118 137
-6.01 -35.38
-6.5 -34.87
-12.48 -28.6
64 118 137
-7.56 -34.71
-12.25 -30.05
-14.58 -32.35
218 188 155
-7.9 -37.57
-7.56 -34.71
-14.58 -32.35
218 188 155
10.11 -14.29
18.57 8.09
6.2 -16.56
218 188 155
18.57 8.09
10.11 -14.29
19.2 -4.77
218 188 155
10.54 -14.74
10.11 -14.29
6.2 -16.56
218 188 155
-8.49 -26.42
-7.66 -22.03
-14.5 -23.87
194 93 94
-7.66 -22.03
-10.14 -19.31
-14.5 -23.87
194 93 94
-7.48 -21.08
-9.36 -18.72
-9.57 -18.8
237 183 189
-9.36 -18.72
-7.48 -21.08
-6.55 -16.19
237 183 189
-9.36 -18.72
-9.42 -18.65
-9.57 -18.8
237 183 189
9.76 -19.07
11.38 -16.34
7.3 -18.31
237 183 189
14.55 -24.7
10.48 -20.32
7.75 -24.98
171 44 44
10.48 -20.32
10.48 -20.32
7.75 -24.98
171 44 44
13.99 -17.1
13.31 -17.58
14.55 -24.7
171 44 44
10.7 -19.95
10.48 -20.32
14.55 -24.7
171 44 44
10.99 -19.45
13.31 -17.58
12.55 -16.8
171 44 44
10.99 -19.45
10.99 -19.45
12.55 -16.8
171 44 44
13.31 -17.58
10.99 -19.45
14.55 -24.7
171 44 44
10.99 -19.45
10.7 -19.95
14.55 -24.7
171 44 44
5.31 -28.85
5.0 -26.52
3.5 -28.81
171 44 44
-1.44 -17.22
-4.69 -14.79
-6.32 -22.51
173 60 71
-1.44 -17.22
-1.44 -15.15
-4.69 -14.79
173 60 71
4.52 -25.28
0.79 -21.73
4.09 -25.92
173 60 71
4.09 -25.92
0.79 -21.73
-6.32 -22.51
173 60 71
0.79 -21.73
-1.44 -17.22
-6.32 -22.51
173 60 71
-1.44 -17.22
0.79 -21.73
5.4 -18.54
173 60 71
2.23 -28.73
-6.67 -23.32
-7.59 -28.37
199 88 88
-6.67 -23.32
2.23 -28.73
3.53 -26.76
199 88 88
6.18 -25.05
5.23 -19.27
2.32 -21.4
188 74 75
5.23 -19.27
6.24 -25.05
9.22 -20.03
188 74 75
6.24 -25.05
5.23 -19.27
6.18 -25.05
188 74 75
22.26 -1.57
29.01 -3.29
18.94 19.33
168 107 173
20.69 -3.03
22.26 -1.57
18.94 19.33
168 107 173
22.26 -1.57
23.77 -3.13
29.01 -3.29
168 107 173
20.86 -3.04
22.26 -1.57
20.69 -3.03
168 107 173
23.77 -3.13
20.86 -3.04
29.01 -3.29
168 107 173
18.58 9.1
-0.29 18.73
-7.67 10.3
158 96 162
18.11 19.33
-0.29 18.73
18.58 9.1
158 96 162
0.22 8.96
10.48 -4.54
16.71 7.92
125 64 125
-1.15 -4.3
10.48 -4.54
0.22 8.96
125 64 125
-2.48 -2.78
0.22 8.96
-7.21 -4.16
125 64 125
-2.48 -2.78
-1.15 -4.3
0.22 8.96
125 64 125
-4.53 -4.22
-2.48 -2.78
-7.21 -4.16
125 64 125
-9.52 -5.47
-0.99 9.33
-12.23 0.71
164 102 170
-0.99 9.33
-7.74 9.85
-12.23 0.71
164 102 170
-0.1 -5.47
2.29 -8.18
10.15 -5.64
220 181 143
2.29 -8.18
4.7 -16.63
10.15 -5.64
220 181 143
4.7 -16.63
-0.12 -10.37
-0.15 -15.88
220 181 143
-0.12 -10.37
4.7 -16.63
2.29 -8.18
220 181 143
-0.1 -5.48
2.29 -8.18
-0.1 -5.47
220 181 143
-9.3 -16.04
-2.28 -4.73
-12.85 -11.9
133 78 120
-2.28 -4.73
-9.3 -16.04
0.27 -7.64
133 78 120
13.56 -15.7
21.98 -3.63
12.04 -14.13
129 61 126
21.98 -3.63
13.56 -15.7
25.31 -7.02
129 61 126
7.03 -33.52
15.35 -25.96
6.12 -25.66
36 81 109
15.35 -25.96
7.03 -33.52
16.91 -32.7
36 81 109
8.0 -36.8
15.12 -33.96
7.95 -34.49
214 179 144
15.12 -33.96
8.0 -36.8
15.87 -36.8
214 179 144
27.28 14.91
34.89 -11.3
38.73 -10.95
0 0 0
-23.85 -29.7
-21.74 -27.12
-27.53 -18.78
0 0 0
28.01 -17.44
7.18 14.91
-2.09 4.78
0 0 0
34.89 -11.3
28.01 -17.44
36.43 -16.08
0 0 0
7.18 14.91
28.01 -17.44
27.28 14.91
0 0 0
28.01 -17.44
34.89 -11.3
27.28 14.91
0 0 0
-21.76 -7.7
-18.42 -14.65
-13.77 -7.4
0 0 0
28.01 -17.44
-3.59 1.67
6.76 -23.79
0 0 0
13.74 -25.13
28.01 -17.44
6.76 -23.79
0 0 0
-7.06 -40.04
-4.65 -36.4
-14.43 -32.88
0 0 0
-23.3 -17.88
-18.42 -14.65
-23.7 -15.5
0 0 0
-21.74 -27.12
-23.3 -17.88
-27.53 -18.78
0 0 0
-6.01 -7.06
-9.9 -26.1
6.76 -23.79
0 0 0
-4.32 0.16
-6.01 -7.06
6.76 -23.79
0 0 0
-3.59 1.67
-4.32 0.16
6.76 -23.79
0 0 0
-3.5 1.85
28.01 -17.44
-2.09 4.78
0 0 0
-3.5 1.85
-3.59 1.67
28.01 -17.44
0 0 0
13.74 -25.13
28.07 -18.22
28.01 -17.44
0 0 0
-11.89 -24.2
-9.9 -26.1
-6.01 -7.06
0 0 0
-11.89 -24.2
-23.3 -17.88
-21.74 -27.12
0 0 0
-23.3 -17.88
-11.89 -24.2
-18.42 -14.65
0 0 0
-9.9 -26.1
1.78 -29.92
6.76 -23.79
0 0 0
1.78 -29.92
-9.9 -26.1
-4.65 -36.4
0 0 0
-3.54 -37.27
1.78 -29.92
-4.65 -36.4
0 0 0
-4.32 0.16
-4.33 0.15
-6.01 -7.06
0 0 0
-4.33 0.15
-6.87 -5.1
-6.01 -7.06
0 0 0
-6.25 0.17
-4.33 0.15
-4.32 0.16
0 0 0
-18.42 -14.65
-7.1 -7.1
-13.77 -7.4
0 0 0
-7.1 -7.1
-13.77 -7.39
-13.77 -7.4
0 0 0
-11.89 -24.2
-7.1 -7.1
-18.42 -14.65
0 0 0
-11.67 -25.59
-11.89 -24.2
-21.74 -27.12
0 0 0
-4.65 -36.4
-12.15 -30.53
-14.43 -32.88
0 0 0
-9.9 -26.1
-12.15 -30.53
-4.65 -36.4
0 0 0
-12.79 -30.02
-12.15 -30.53
-9.9 -26.1
0 0 0
-3.54 -37.27
1.94 -30.06
1.78 -29.92
0 0 0
-6.25 0.15
-4.33 0.15
-6.25 0.17
0 0 0
1.94 -30.06
-3.53 -37.28
-2.97 -37.71
0 0 0
-3.53 -37.28
1.94 -30.06
-3.54 -37.27
0 0 0
-6.84 -7.09
-6.94 -6.98
-7.1 -7.1
0 0 0
-6.84 -7.09
-11.89 -24.2
-6.01 -7.06
0 0 0
-6.84 -7.09
-7.1 -7.1
-11.89 -24.2
0 0 0
-6.25 0.14
-6.25 0.15
-38.73 0.14
0 0 0
-12.62 -24.16
-19.73 -16.71
-22.35 -16.29
50 98 118
-19.73 -16.71
-18.55 -15.81
-22.35 -16.29
50 98 118
-12.74 -23.39
-19.73 -16.71
-12.62 -24.16
50 98 118
-21.34 -24.05
-13.73 -24.79
-22.51 -17.62
64 118 137
-20.84 -26.02
-20.83 -26.84
-13.73 -24.79
64 118 137
-21.34 -24.05
-20.84 -26.02
-13.73 -24.79
64 118 137
-20.84 -26.02
-20.95 -26.16
-20.83 -26.84
64 118 137
-21.76 -25.43
-23.12 -18.97
-26.32 -19.61
218 188 155
-23.61 -27.65
-21.76 -25.43
-26.32 -19.61
218 188 155
25.89 -17.79
18.88 -18.91
13.53 -22.98
218 188 155
18.88 -18.91
17.59 -14.88
13.53 -22.98
218 188 155
26.54 -11.25
25.9 1.68
17.83 -14.41
218 188 155
-17.31 -14.87
-13.75 -12.16
-20.05 -8.93
194 93 94
-13.75 -12.16
-13.76 -8.48
-20.05 -8.93
194 93 94
-12.98 -11.58
-8.48 -8.16
-13.0 -8.48
237 183 189
1.16 -21.63
5.88 -19.59
-0.43 -18.94
237 183 189
5.88 -19.59
1.16 -21.63
5.88 -20.17
237 183 189
-9.32 -25.32
-8.56 -24.29
-10.01 -24.67
171 44 44
0.88 -29.12
1.82 -22.74
-4.15 -24.63
171 44 44
1.82 -22.74
1.82 -22.74
5.88 -21.45
171 44 44
1.82 -22.74
5.88 -22.68
5.88 -21.45
171 44 44
5.88 -22.68
1.82 -22.74
0.88 -29.12
171 44 44
-7.63 -22.92
-7.27 -17.58
-13.08 -13.42
173 60 71
-7.27 -17.58
-8.23 -10.05
-13.08 -13.42
173 60 71
-8.23 -10.05
-6.69 -8.77
-13.08 -13.42
173 60 71
-6.69 -8.77
-8.23 -10.05
-5.6 -10.01
173 60 71
-6.96 -22.12
-7.27 -17.58
-7.63 -22.92
173 60 71
-7.53 -22.9
-6.96 -22.12
-7.63 -22.92
173 60 71
-0.73 -18.44
5.88 -19.3
5.88 -17.31
173 60 71
-0.73 -18.43
5.88 -17.31
-1.43 -18.34
173 60 71
-0.73 -18.43
-0.73 -18.44
5.88 -17.31
173 60 71
-10.9 -23.76
-13.88 -13.78
-17.94 -16.91
199 88 88
-13.88 -13.78
-10.9 -23.76
-8.62 -23.17
199 88 88
-5.5 -23.42
-3.45 -18.63
-5.86 -18.97
188 74 75
-3.45 -18.63
-5.5 -23.42
-5.25 -23.65
188 74 75
-2.33 -18.74
-5.25 -23.65
0.12 -21.99
188 74 75
-2.33 -18.74
-3.45 -18.63
-5.25 -23.65
188 74 75
34.01 -8.54
36.34 -9.7
26.27 12.91
168 107 173
28.02 -9.45
34.01 -8.54
26.27 12.91
168 107 173
31.25 -9.55
34.01 -8.54
28.02 -9.45
168 107 173
34.01 -8.54
34.36 -9.64
36.34 -9.7
168 107 173
25.91 2.69
7.03 12.33
-0.35 3.9
158 96 162
25.44 12.91
7.03 12.33
25.91 2.69
158 96 162
7.55 2.55
17.81 -10.95
24.04 1.51
125 64 125
7.68 -9.78
7.55 2.55
0.5 -9.91
125 64 125
7.55 2.55
7.68 -9.78
17.81 -10.95
125 64 125
7.68 -9.78
7.8 -10.74
17.81 -10.95
125 64 125
-1.07 -9.93
-0.41 3.44
-4.9 -5.7
164 102 170
-0.41 3.44
-1.07 -9.93
6.34 2.92
164 102 170
-3.03 -9.97
-1.07 -9.93
-4.9 -5.7
164 102 170
7.96 -11.9
8.61 -16.92
17.48 -12.05
220 181 143
12.03 -23.04
8.61 -16.92
7.18 -22.29
220 181 143
8.61 -16.92
12.03 -23.04
17.48 -12.05
220 181 143
8.61 -16.92
7.2 -17.12
7.18 -22.29
220 181 143
-5.4 -16.95
6.76 -11.5
-6.02 -11.51
133 78 120
6.76 -11.5
-5.4 -16.95
7.24 -15.34
133 78 120
19.94 -17.33
32.85 -10.26
19.27 -15.25
129 61 126
32.85 -10.26
19.94 -17.33
34.32 -14.78
129 61 126
0.01 -30.07
-6.41 -23.45
-11.23 -29.71
36 81 109
-3.56 -36.01
0.01 -30.07
-11.23 -29.71
36 81 109
-7.16 -38.23
-5.72 -35.66
-12.81 -32.74
214 179 144
-5.72 -35.66
-11.24 -31.05
-12.81 -32.74
214 179 144
27.27 14.93
34.88 -11.3
38.73 -10.95
0 0 0
-23.85 -29.7
-21.75 -27.12
-27.53 -18.78
0 0 0
28.0 -17.44
7.17 14.93
-2.1 4.78
0 0 0
34.88 -11.3
28.0 -17.44
36.42 -16.07
0 0 0
7.17 14.93
28.0 -17.44
27.27 14.93
0 0 0
28.0 -17.44
34.88 -11.3
27.27 14.93
0 0 0
-21.76 -7.7
-18.43 -14.64
-13.77 -7.4
0 0 0
28.0 -17.44
-3.59 1.69
6.75 -23.79
0 0 0
13.74 -25.13
28.0 -17.44
6.75 -23.79
0 0 0
-7.06 -40.02
-4.65 -36.4
-14.44 -32.88
0 0 0
-23.31 -17.88
-18.43 -14.64
-23.71 -15.49
0 0 0
-21.75 -27.12
-23.31 -17.88
-27.53 -18.78
0 0 0
-6.01 -7.06
-9.9 -26.11
6.75 -23.79
0 0 0
-4.33 0.16
-6.01 -7.06
6.75 -23.79
0 0 0
-3.59 1.69
-4.33 0.16
6.75 -23.79
0 0 0
-3.51 1.85
28.0 -17.44
-2.1 4.78
0 0 0
-3.51 1.85
-3.59 1.69
28.0 -17.44
0 0 0
13.74 -25.13
28.06 -18.22
28.0 -17.44
0 0 0
-11.89 -24.21
-9.9 -26.11
-6.01 -7.06
0 0 0
-11.89 -24.21
-23.31 -17.88
-21.75 -27.12
0 0 0
-23.31 -17.88
-11.89 -24.21
-18.43 -14.64
0 0 0
-9.9 -26.11
1.78 -29.92
6.75 -23.79
0 0 0
1.78 -29.92
-9.9 -26.11
-4.65 -36.4
0 0 0
-3.55 -37.26
1.78 -29.92
-4.65 -36.4
0 0 0
-4.33 0.16
-4.33 0.16
-6.01 -7.06
0 0 0
-4.33 0.16
-6.87 -5.09
-6.01 -7.06
0 0 0
-6.25 0.17
-4.33 0.16
-4.33 0.16
0 0 0
-18.43 -14.64
-7.09 -7.1
-13.77 -7.4
0 0 0
-7.09 -7.1
-13.77 -7.38
-13.77 -7.4
0 0 0
-11.89 -24.21
-7.09 -7.1
-18.43 -14.64
0 0 0
-11.67 -25.59
-11.89 -24.21
-21.75 -27.12
0 0 0
-4.65 -36.4
-12.15 -30.53
-14.44 -32.88
0 0 0
-9.9 -26.11
-12.15 -30.53
-4.65 -36.4
0 0 0
-12.79 -30.02
-12.15 -30.53
-9.9 -26.11
0 0 0
-3.55 -37.26
1.94 -30.06
1.78 -29.92
0 0 0
-6.25 0.16
-4.33 0.16
-6.25 0.17
0 0 0
1.94 -30.06
-3.54 -37.27
-2.97 -37.71
0 0 0
-3.54 -37.27
1.94 -30.06
-3.55 -37.26
0 0 0
-6.85 -7.09
-6.94 -6.98
-7.09 -7.1
0 0 0
-6.85 -7.09
-11.89 -24.21
-6.01 -7.06
0 0 0
-6.85 -7.09
-7.09 -7.1
-11.89 -24.21
0 0 0
-6.25 0.14
-6.25 0.16
-38.73 0.14
0 0 0
-12.62 -24.15
-19.74 -16.71
-22.35 -16.29
50 98 118
-19.74 -16.71
-18.56 -15.82
-22.35 -16.29
50 98 118
-12.73 -23.41
-19.74 -16.71
-12.62 -24.15
50 98 118
-21.32 -24.16
-13.74 -24.79
-22.51 -17.62
64 118 137
-20.85 -26.01
-20.83 -26.84
-13.74 -24.79
64 118 137
-21.32 -24.16
-20.85 -26.01
-13.74 -24.79
64 118 137
-20.85 -26.01
-20.96 -26.15
-20.83 -26.84
64 118 137
-21.76 -25.43
-23.12 -18.97
-26.33 -19.6
218 188 155
-23.61 -27.65
-21.76 -25.43
-26.33 -19.6
218 188 155
25.89 -17.78
18.88 -18.91
13.52 -22.98
218 188 155
18.88 -18.91
17.58 -14.88
13.52 -22.98
218 188 155
26.53 -11.25
25.89 1.68
17.82 -14.41
218 188 155
-17.31 -14.87
-13.76 -12.17
-20.06 -8.93
194 93 94
-13.76 -12.17
-13.77 -8.48
-20.06 -8.93
194 93 94
-12.98 -11.58
-8.48 -8.16
-13.0 -8.48
237 183 189
1.16 -21.63
5.88 -19.59
-0.44 -18.93
237 183 189
5.88 -19.59
1.16 -21.63
5.88 -20.17
237 183 189
-9.32 -25.32
-8.57 -24.3
-10.01 -24.67
171 44 44
0.88 -29.12
0.86 -23.04
-4.16 -24.63
171 44 44
0.86 -23.04
0.86 -23.04
-4.16 -24.63
171 44 44
0.86 -23.04
5.88 -22.66
5.88 -21.45
171 44 44
5.88 -22.66
0.86 -23.04
0.88 -29.12
171 44 44
-7.63 -22.91
-7.27 -17.58
-13.08 -13.42
173 60 71
-7.27 -17.58
-8.24 -10.05
-13.08 -13.42
173 60 71
-8.24 -10.05
-6.7 -8.77
-13.08 -13.42
173 60 71
-6.7 -8.77
-8.24 -10.05
-5.6 -10.01
173 60 71
-6.97 -22.12
-7.27 -17.58
-7.63 -22.91
173 60 71
-7.53 -22.89
-6.97 -22.12
-7.63 -22.91
173 60 71
-0.73 -18.44
5.88 -19.3
5.88 -17.31
173 60 71
-0.73 -18.43
5.88 -17.31
-1.43 -18.34
173 60 71
-0.73 -18.43
-0.73 -18.44
5.88 -17.31
173 60 71
-10.9 -23.76
-13.89 -13.78
-17.94 -16.91
199 88 88
-13.89 -13.78
-10.9 -23.76
-8.62 -23.16
199 88 88
-5.5 -23.43
-3.45 -18.63
-5.87 -18.97
188 74 75
-3.45 -18.63
-5.5 -23.43
-5.25 -23.65
188 74 75
-2.34 -18.74
-5.25 -23.65
0.12 -21.98
188 74 75
-2.34 -18.74
-3.45 -18.63
-5.25 -23.65
188 74 75
34.0 -8.54
36.33 -9.7
26.26 12.91
168 107 173
28.01 -9.45
34.0 -8.54
26.26 12.91
168 107 173
31.24 -9.55
34.0 -8.54
28.01 -9.45
168 107 173
34.0 -8.54
34.35 -9.64
36.33 -9.7
168 107 173
34.35 -9.64
31.24 -9.55
28.01 -9.45
168 107 173
25.9 2.69
7.03 12.33
-0.35 3.9
158 96 162
25.43 12.91
7.03 12.33
25.9 2.69
158 96 162
7.54 2.55
17.8 -10.95
24.03 1.51
125 64 125
7.68 -9.78
7.54 2.55
0.49 -9.91
125 64 125
7.54 2.55
7.68 -9.78
17.8 -10.95
125 64 125
7.68 -9.78
7.8 -10.74
17.8 -10.95
125 64 125
-1.08 -9.93
-0.42 3.44
-4.91 -5.7
164 102 170
-0.42 3.44
-1.08 -9.93
6.33 2.92
164 102 170
-3.04 -9.97
-1.08 -9.93
-4.91 -5.7
164 102 170
7.96 -11.9
8.61 -16.92
17.47 -12.05
220 181 143
12.02 -23.04
8.61 -16.92
7.17 -22.29
220 181 143
8.61 -16.92
12.02 -23.04
17.47 -12.05
220 181 143
8.61 -16.92
7.19 -17.13
7.17 -22.29
220 181 143
-5.4 -16.95
6.75 -11.5
-6.02 -11.51
133 78 120
6.75 -11.5
-5.4 -16.95
7.24 -15.34
133 78 120
19.93 -17.32
32.85 -10.26
19.27 -15.25
129 61 126
32.85 -10.26
19.93 -17.32
34.32 -14.77
129 61 126
0.01 -30.07
-6.42 -23.43
-11.23 -29.71
36 81 109
-3.56 -36.01
0.01 -30.07
-11.23 -29.71
36 81 109
-7.16 -38.23
-5.73 -35.66
-12.82 -32.74
214 179 144
-5.73 -35.66
-11.24 -31.05
-12.82 -32.74
214 179 144
27.28 14.91
34.89 -11.3
38.73 -10.96
0 0 0
-23.84 -29.7
-21.74 -27.13
-27.53 -18.79
0 0 0
28.01 -17.44
7.18 14.91
-2.09 4.76
0 0 0
34.89 -11.3
28.01 -17.44
36.43 -16.09
0 0 0
7.18 14.91
28.01 -17.44
27.28 14.91
0 0 0
28.01 -17.44
34.89 -11.3
27.28 14.91
0 0 0
-21.76 -7.71
-18.42 -14.65
-13.77 -7.4
0 0 0
28.01 -17.44
-3.59 1.67
6.75 -23.8
0 0 0
13.74 -25.15
28.01 -17.44
6.75 -23.8
0 0 0
-7.06 -40.04
-4.65 -36.4
-14.43 -32.89
0 0 0
-23.3 -17.88
-18.42 -14.65
-23.7 -15.51
0 0 0
-21.74 -27.13
-23.3 -17.88
-27.53 -18.79
0 0 0
-6.01 -7.07
-9.9 -26.1
6.75 -23.8
0 0 0
-4.32 0.16
-6.01 -7.07
6.75 -23.8
0 0 0
-3.59 1.67
-4.32 0.16
6.75 -23.8
0 0 0
-3.5 1.85
28.01 -17.44
-2.09 4.76
0 0 0
-3.5 1.85
-3.59 1.67
28.01 -17.44
0 0 0
13.74 -25.15
28.07 -18.23
28.01 -17.44
0 0 0
-11.88 -24.21
-9.9 -26.1
-6.01 -7.07
0 0 0
-11.88 -24.21
-23.3 -17.88
-21.74 -27.13
0 0 0
-23.3 -17.88
-11.88 -24.21
-18.42 -14.65
0 0 0
-9.9 -26.1
1.78 -29.92
6.75 -23.8
0 0 0
1.78 -29.92
-9.9 -26.1
-4.65 -36.4
0 0 0
-3.54 -37.27
1.78 -29.92
-4.65 -36.4
0 0 0
-4.32 0.16
-4.33 0.14
-6.01 -7.07
0 0 0
-4.33 0.14
-6.87 -5.11
-6.01 -7.07
0 0 0
-6.25 0.16
-4.33 0.14
-4.32 0.16
0 0 0
-18.42 -14.65
-7.11 -7.11
-13.77 -7.4
0 0 0
-7.11 -7.11
-13.77 -7.4
-13.77 -7.4
0 0 0
-11.88 -24.21
-7.11 -7.11
-18.42 -14.65
0 0 0
-11.66 -25.59
-11.88 -24.21
-21.74 -27.13
0 0 0
-4.65 -36.4
-12.15 -30.53
-14.43 -32.89
0 0 0
-9.9 -26.1
-12.15 -30.53
-4.65 -36.4
0 0 0
-12.79 -30.03
-12.15 -30.53
-9.9 -26.1
0 0 0
-3.54 -37.27
1.94 -30.06
1.78 -29.92
0 0 0
-6.25 0.14
-4.33 0.14
-6.25 0.16
0 0 0
1.94 -30.06
-3.53 -37.28
-2.97 -37.72
0 0 0
-3.53 -37.28
1.94 -30.06
-3.54 -37.27
0 0 0
-6.84 -7.1
-6.94 -6.99
-7.11 -7.11
0 0 0
-6.84 -7.1
-11.88 -24.21
-6.01 -7.07
0 0 0
-6.84 -7.1
-7.11 -7.11
-11.88 -24.21
0 0 0
-6.25 0.13
-6.25 0.14
-38.73 0.13
0 0 0
-12.61 -24.17
-19.73 -16.72
-22.35 -16.31
50 98 118
-19.73 -16.72
-18.55 -15.82
-22.35 -16.31
50 98 118
-12.73 -23.4
-19.73 -16.72
-12.61 -24.17
50 98 118
-21.34 -24.04
-13.73 -24.8
-22.51 -17.64
64 118 137
-20.84 -26.03
-20.83 -26.84
-13.73 -24.8
64 118 137
-21.34 -24.04
-20.84 -26.03
-13.73 -24.8
64 118 137
-20.84 -26.03
-20.95 -26.16
-20.83 -26.84
64 118 137
-21.76 -25.44
-23.12 -18.98
-26.32 -19.62
218 188 155
-23.61 -27.65
-21.76 -25.44
-26.32 -19.62
218 188 155
25.89 -17.79
18.88 -18.92
13.53 -22.98
218 188 155
18.88 -18.92
17.59 -14.88
13.53 -22.98
218 188 155
26.54 -11.25
25.9 1.67
17.83 -14.41
218 188 155
-17.3 -14.87
-13.75 -12.16
-20.05 -8.95
194 93 94
-13.75 -12.16
-13.76 -8.49
-20.05 -8.95
194 93 94
-12.98 -11.58
-8.48 -8.16
-13.0 -8.49
237 183 189
1.16 -21.64
5.88 -19.59
-0.44 -18.94
237 183 189
5.88 -19.59
1.16 -21.64
5.88 -20.17
237 183 189
-9.32 -25.32
-8.56 -24.29
-10.01 -24.67
171 44 44
0.88 -29.12
1.82 -22.75
-4.15 -24.63
171 44 44
1.82 -22.74
1.82 -22.75
5.88 -21.45
171 44 44
1.82 -22.75
5.88 -22.68
5.88 -21.45
171 44 44
5.88 -22.68
1.82 -22.75
0.88 -29.12
171 44 44
-7.63 -22.92
-7.27 -17.6
-13.08 -13.43
173 60 71
-7.27 -17.6
-8.23 -10.07
-13.08 -13.43
173 60 71
-8.23 -10.07
-6.69 -8.78
-13.08 -13.43
173 60 71
-6.69 -8.78
-8.23 -10.07
-5.59 -10.02
173 60 71
-6.96 -22.12
-7.27 -17.6
-7.63 -22.92
173 60 71
-7.53 -22.9
-6.96 -22.12
-7.63 -22.92
173 60 71
5.88 -19.3
5.88 -17.31
-1.46 -18.35
173 60 71
-10.9 -23.77
-13.88 -13.8
-17.94 -16.92
199 88 88
-13.88 -13.8
-10.9 -23.77
-8.62 -23.17
199 88 88
-5.5 -23.42
-3.45 -18.63
-5.86 -18.97
188 74 75
-3.45 -18.63
-5.5 -23.42
-5.25 -23.65
188 74 75
-2.33 -18.75
-5.25 -23.65
0.12 -22.0
188 74 75
-2.33 -18.75
-3.45 -18.63
-5.25 -23.65
188 74 75
34.01 -8.55
36.34 -9.71
26.27 12.91
168 107 173
28.02 -9.45
34.01 -8.55
26.27 12.91
168 107 173
31.25 -9.55
34.01 -8.55
28.02 -9.45
168 107 173
34.01 -8.55
34.36 -9.64
36.34 -9.71
168 107 173
25.91 2.68
7.03 12.32
-0.35 3.89
158 96 162
25.44 12.91
7.03 12.32
25.91 2.68
158 96 162
7.55 2.54
17.81 -10.96
24.04 1.5
125 64 125
7.68 -9.79
7.55 2.54
0.5 -9.91
125 64 125
7.55 2.54
7.68 -9.79
17.81 -10.96
125 64 125
7.68 -9.79
7.8 -10.74
17.81 -10.96
125 64 125
-3.03 -9.97
-1.07 -9.94
-4.9 -5.71
164 102 170
-1.07 -9.94
-0.41 3.43
-4.9 -5.71
164 102 170
-0.41 3.43
-1.07 -9.94
6.34 2.91
164 102 170
7.96 -11.9
8.61 -16.93
17.48 -12.06
220 181 143
12.03 -23.05
8.61 -16.93
7.18 -22.3
220 181 143
8.61 -16.93
12.03 -23.05
17.48 -12.06
220 181 143
8.61 -16.93
7.2 -17.12
7.18 -22.3
220 181 143
-5.4 -16.95
6.76 -11.51
-6.02 -11.52
133 78 120
6.76 -11.51
-5.4 -16.95
7.24 -15.35
133 78 120
19.94 -17.34
32.85 -10.27
19.27 -15.26
129 61 126
32.85 -10.27
19.94 -17.34
34.32 -14.79
129 61 126
0.01 -30.08
-6.41 -23.45
-11.23 -29.73
36 81 109
-3.56 -36.01
0.01 -30.08
-11.23 -29.73
36 81 109
-7.16 -38.23
-5.72 -35.67
-12.81 -32.76
214 179 144
-5.72 -35.67
-11.24 -31.06
-12.81 -32.76
214 179 144
