-25.66 -18.51
-35.73 1.91
-35.78 -12.05
0 0 0
-7.26 -16.84
-25.66 -18.51
-15.8 -21.85
0 0 0
-7.26 -16.84
-9.45 6.87
-25.66 -18.51
0 0 0
-9.45 6.87
-9.82 9.82
-35.73 1.91
0 0 0
-25.66 -18.51
-9.45 6.87
-35.73 1.91
0 0 0
-9.45 6.87
-7.26 -16.84
2.31 5.61
0 0 0
2.31 5.61
2.38 5.6
2.31 43.65
0 0 0
2.38 5.6
6.48 4.15
6.48 5.16
0 0 0
6.48 4.15
2.38 5.6
2.31 5.61
0 0 0
35.57 -6.13
32.78 -7.4
35.78 -14.13
0 0 0
2.4 -17.69
2.35 -17.69
2.35 -43.65
0 0 0
-7.26 -17.64
-7.26 -16.84
-15.8 -21.85
0 0 0
-4.91 -18.55
-7.26 -17.64
-15.8 -21.85
0 0 0
31.48 -13.85
32.78 -7.4
24.46 -6.32
0 0 0
31.48 -13.85
22.68 -14.64
31.15 -15.5
0 0 0
22.68 -14.64
31.48 -13.85
24.46 -6.32
0 0 0
32.78 -7.4
31.48 -13.85
35.78 -14.13
0 0 0
5.59 -14.89
6.48 4.15
2.31 5.61
0 0 0
-7.26 -16.84
5.59 -14.89
2.31 5.61
0 0 0
2.35 -17.69
5.59 -14.89
-7.26 -16.84
0 0 0
2.4 -17.69
5.59 -14.89
2.35 -17.69
0 0 0
5.59 -14.89
2.4 -17.69
5.58 -17.97
0 0 0
8.9 4.84
21.08 2.55
18.29 7.52
0 0 0
5.59 -14.89
8.9 4.84
6.48 4.15
0 0 0
8.9 4.84
5.59 -14.89
6.82 -15.53
0 0 0
19.85 -14.54
22.68 -14.64
24.46 -6.32
0 0 0
19.85 -14.54
8.9 4.84
6.82 -15.53
0 0 0
19.85 -14.54
6.82 -15.53
15.4 -20.04
0 0 0
21.08 2.55
19.85 -14.54
24.46 -6.32
0 0 0
8.9 4.84
19.85 -14.54
21.08 2.55
0 0 0
22.68 -14.64
19.85 -14.54
22.67 -14.82
0 0 0
32.78 -7.4
32.44 -5.59
24.46 -6.32
0 0 0
32.98 -6.41
32.44 -5.59
32.78 -7.4
0 0 0
8.9 4.84
8.9 4.84
6.48 4.15
0 0 0
23.66 2.0
21.08 2.55
24.46 -6.32
0 0 0
23.66 2.0
23.7 2.61
21.08 2.55
0 0 0
31.38 1.56
23.66 2.0
24.46 -6.32
0 0 0
23.66 2.0
31.38 1.56
31.16 3.03
0 0 0
32.36 -5.03
35.63 -5.03
35.66 2.1
0 0 0
31.38 1.56
32.36 -5.03
35.66 2.1
0 0 0
32.36 -5.03
31.38 1.56
24.46 -6.32
0 0 0
32.44 -5.59
32.36 -5.03
24.46 -6.32
0 0 0
30.09 -14.69
23.08 -7.95
22.73 -13.76
50 98 118
23.19 -7.45
23.08 -7.95
30.09 -14.69
50 98 118
30.65 -13.84
31.47 -9.36
24.44 -7.26
64 118 137
31.59 -7.94
31.83 -7.39
24.44 -7.26
64 118 137
31.47 -9.36
31.59 -7.94
24.44 -7.26
64 118 137
31.59 -7.94
31.74 -7.87
31.83 -7.39
64 118 137
31.13 -4.96
23.56 0.25
23.27 -5.57
36 81 109
30.34 1.91
23.56 0.25
31.13 -4.96
36 81 109
23.6 0.84
23.56 0.25
30.34 1.91
36 81 109
34.88 -13.33
32.29 -8.52
31.64 -13.08
218 188 155
34.72 -7.44
32.29 -8.52
34.88 -13.33
218 188 155
2.13 -7.71
-3.43 1.54
-22.49 0.92
218 188 155
34.41 -4.29
34.43 1.18
31.59 0.66
214 179 144
32.1 -4.32
34.41 -4.29
31.59 0.66
214 179 144
15.1 -18.59
12.63 -13.83
8.91 -15.55
194 93 94
12.63 -13.83
15.1 -18.59
18.6 -14.42
194 93 94
8.22 -15.15
5.6 -13.14
5.59 -13.86
237 183 189
5.6 -13.14
8.22 -15.15
11.34 -13.71
237 183 189
11.61 2.31
8.88 3.84
6.47 2.18
237 183 189
8.88 3.84
6.47 3.16
6.47 2.18
237 183 189
14.31 2.38
17.17 6.19
10.18 4.23
188 74 75
17.17 6.19
15.03 2.4
19.22 2.61
188 74 75
14.31 2.38
15.03 2.4
17.17 6.19
188 74 75
21.88 -6.1
22.25 1.8
0.73 1.03
171 44 44
4.3 -7.57
13.29 -12.9
17.95 -5.68
173 60 71
-1.05 0.17
17.95 -5.68
-1.45 0.88
173 60 71
-1.05 0.17
4.3 -7.57
17.95 -5.68
173 60 71
5.6 -11.61
4.3 -7.57
3.16 -11.61
173 60 71
4.3 -7.57
5.6 -11.61
13.29 -12.9
173 60 71
5.6 -11.61
5.6 -12.06
13.29 -12.9
173 60 71
21.24 -13.8
19.1 -6.08
14.39 -13.15
199 88 88
19.1 -6.08
21.24 -13.8
21.77 -6.98
199 88 88
-11.36 2.38
-11.08 8.15
-33.73 1.2
168 107 173
-33.19 -12.16
-23.5 0.93
-33.73 0.63
158 96 162
-33.19 -12.16
-24.78 -17.3
-23.5 0.93
158 96 162
-10.31 -17.01
-9.88 -4.72
-23.41 -11.82
125 64 125
-9.88 -4.72
-22.32 -0.37
-23.41 -11.82
125 64 125
-15.19 -20.48
-23.78 -12.66
-24.32 -17.35
164 102 170
-23.78 -12.66
-15.19 -20.48
-9.0 -18.61
164 102 170
2.19 -8.76
-8.78 -4.95
-8.97 -11.58
220 181 143
1.55 -11.6
2.19 -8.76
-8.97 -11.58
220 181 143
3.59 -16.75
3.76 -12.96
-9.05 -15.49
133 78 120
3.76 -12.96
-8.98 -12.8
-9.05 -15.49
133 78 120
4.99 4.35
-9.48 5.74
-9.48 2.44
129 61 126
4.98 2.83
4.99 4.35
-9.48 2.44
129 61 126
-4.38 11.8
-4.06 16.04
-31.47 9.02
0 0 0
-4.38 11.8
-31.47 9.02
-34.8 -10.8
0 0 0
32.73 0.15
34.03 -12.73
34.8 -0.28
0 0 0
34.03 -12.73
32.73 0.15
27.16 -0.53
0 0 0
13.26 5.91
24.74 0.67
23.14 8.19
0 0 0
27.3 0.15
24.74 0.67
27.16 -0.53
0 0 0
24.74 0.67
26.04 -12.47
27.16 -0.53
0 0 0
26.04 -12.47
34.03 -12.73
27.16 -0.53
0 0 0
34.38 -13.98
26.04 -12.47
30.44 -26.6
0 0 0
26.04 -12.47
22.29 -23.99
30.44 -26.6
0 0 0
-7.76 -22.25
2.98 9.39
2.91 9.41
0 0 0
-7.76 -22.25
5.37 -21.57
2.98 9.39
0 0 0
-4.38 11.8
-7.76 -22.25
2.91 9.41
0 0 0
-26.32 -21.62
-7.76 -22.25
-34.8 -10.8
0 0 0
-7.76 -22.25
-4.38 11.8
-34.8 -10.8
0 0 0
-7.76 -22.25
-26.32 -21.62
-17.38 -27.98
0 0 0
2.98 9.39
10.7 5.33
10.95 6.78
0 0 0
5.37 -21.57
10.7 5.33
2.98 9.39
0 0 0
13.25 5.92
10.7 5.33
13.26 5.91
0 0 0
26.04 -12.47
10.7 5.33
5.37 -21.57
0 0 0
13.26 5.91
10.7 5.33
24.74 0.67
0 0 0
10.7 5.33
26.04 -12.47
24.74 0.67
0 0 0
24.74 0.67
27.3 0.15
27.34 0.34
0 0 0
27.3 0.15
27.3 0.15
24.74 0.67
0 0 0
27.3 0.15
27.3 0.15
32.73 0.15
0 0 0
26.04 -12.47
19.51 -23.4
22.29 -23.99
0 0 0
19.51 -23.4
26.04 -12.47
5.37 -21.57
0 0 0
19.51 -23.4
22.23 -24.26
22.29 -23.99
0 0 0
7.29 -23.58
19.51 -23.4
5.37 -21.57
0 0 0
19.51 -23.4
7.29 -23.58
13.84 -30.48
0 0 0
-7.96 -23.4
-7.76 -22.25
-17.38 -27.98
0 0 0
-7.76 -22.25
-5.86 -25.06
5.37 -21.57
0 0 0
-5.86 -25.06
2.95 -25.44
5.37 -21.57
0 0 0
-5.86 -25.06
-7.96 -23.4
-17.38 -27.98
0 0 0
7.28 -23.59
7.29 -23.58
5.37 -21.57
0 0 0
2.99 -25.45
2.95 -25.44
2.95 -43.65
0 0 0
2.95 -25.44
2.99 -25.45
5.37 -21.57
0 0 0
2.99 -25.45
4.63 -25.95
5.37 -21.57
0 0 0
29.58 -25.27
24.25 -14.55
22.55 -22.76
50 98 118
24.48 -13.86
24.25 -14.55
29.58 -25.27
50 98 118
30.33 -24.16
33.02 -15.18
25.75 -13.8
64 118 137
32.89 -11.61
26.76 -2.45
24.98 -11.21
36 81 109
26.76 -2.45
32.89 -11.61
33.72 -1.73
36 81 109
26.82 -2.16
26.76 -2.45
33.72 -1.73
36 81 109
13.88 -28.37
12.55 -21.21
8.48 -23.04
194 93 94
12.55 -21.21
13.88 -28.37
18.31 -23.02
194 93 94
7.91 -22.37
5.78 -19.09
5.61 -20.1
237 183 189
5.78 -19.09
7.91 -22.37
11.31 -20.82
237 183 189
15.35 1.88
13.01 4.5
10.24 2.53
237 183 189
13.01 4.5
10.47 3.93
10.24 2.53
237 183 189
21.73 6.49
18.46 1.48
22.91 1.07
188 74 75
18.03 1.53
21.73 6.49
14.38 4.84
188 74 75
18.03 1.53
18.46 1.48
21.73 6.49
188 74 75
23.5 -11.73
25.7 -0.57
4.3 1.83
171 44 44
5.8 -10.96
13.42 -19.99
19.71 -10.5
173 60 71
2.35 0.91
19.71 -10.5
2.11 1.99
173 60 71
2.35 0.91
5.8 -10.96
19.71 -10.5
173 60 71
5.8 -10.96
6.14 -16.91
13.42 -19.99
173 60 71
6.14 -16.91
6.04 -17.55
13.42 -19.99
173 60 71
6.14 -16.91
5.8 -10.96
3.74 -16.51
173 60 71
21.06 -22.57
23.18 -12.97
14.45 -20.52
199 88 88
23.18 -12.97
20.75 -11.24
14.45 -20.52
199 88 88
-7.32 5.72
-5.69 13.88
-29.66 7.69
168 107 173
-25.16 -20.04
-19.62 5.65
-32.26 -11.38
158 96 162
-19.62 5.65
-29.8 6.88
-32.26 -11.38
158 96 162
-10.82 -21.98
-7.52 -4.6
-22.53 -12.48
125 64 125
-7.52 -4.6
-18.78 3.61
-22.53 -12.48
125 64 125
-16.46 -26.13
-23.1 -13.62
-24.73 -20.2
164 102 170
-23.1 -13.62
-16.46 -26.13
-9.91 -24.48
164 102 170
3.62 -10.81
0.31 3.24
-18.64 5.47
218 188 155
3.45 -12.3
-6.49 -5.11
-8.22 -14.51
220 181 143
2.14 -16.24
3.45 -12.3
-8.22 -14.51
220 181 143
2.95 -23.88
4.0 -18.52
-9.23 -20.03
133 78 120
4.0 -18.52
-8.53 -16.22
-9.23 -20.03
133 78 120
9.27 5.86
-4.68 10.19
-5.44 5.51
129 61 126
8.91 3.71
9.27 5.86
-5.44 5.51
129 61 126
-7.26 -23.63
-25.66 -26.04
-15.8 -30.84
0 0 0
-25.66 -26.04
-7.26 -23.63
-35.78 -16.73
0 0 0
1.06 -24.69
5.58 -25.26
5.59 -20.84
0 0 0
-4.92 -26.1
-7.26 -24.79
-15.8 -30.84
0 0 0
-7.26 -24.79
-7.26 -23.63
-15.8 -30.84
0 0 0
0.99 8.89
1.05 8.88
0.99 43.65
0 0 0
0.99 8.89
-7.26 -23.63
5.59 -20.84
0 0 0
-9.45 10.51
-35.72 3.37
-35.78 -16.73
0 0 0
-7.26 -23.63
-9.45 10.51
-35.78 -16.73
0 0 0
-9.45 10.51
-9.81 14.75
-35.72 3.37
0 0 0
0.99 8.89
-9.45 10.51
-7.26 -23.63
0 0 0
1.03 -24.69
1.06 -24.69
5.59 -20.84
0 0 0
-7.26 -23.63
1.03 -24.69
5.59 -20.84
0 0 0
6.48 6.58
6.49 8.04
1.05 8.88
0 0 0
0.99 8.89
6.48 6.58
1.05 8.88
0 0 0
6.48 6.58
0.99 8.89
5.59 -20.84
0 0 0
8.92 7.58
6.48 6.58
8.92 7.57
0 0 0
19.84 -20.34
24.47 -8.5
5.59 -20.84
0 0 0
24.47 -8.5
6.48 6.58
5.59 -20.84
0 0 0
7.82 -22.51
19.84 -20.34
5.59 -20.84
0 0 0
19.84 -20.34
7.82 -22.51
15.4 -28.26
0 0 0
8.92 7.57
21.09 4.26
18.31 11.42
0 0 0
6.48 6.58
21.09 4.26
8.92 7.57
0 0 0
24.47 -8.5
21.09 4.26
6.48 6.58
0 0 0
22.68 -20.47
24.47 -8.5
19.84 -20.34
0 0 0
22.67 -20.74
22.68 -20.47
19.84 -20.34
0 0 0
22.68 -20.47
31.47 -19.34
24.47 -8.5
0 0 0
31.47 -19.34
22.68 -20.47
31.14 -21.73
0 0 0
7.82 -22.51
7.82 -22.51
5.59 -20.84
0 0 0
31.38 2.83
35.64 -6.66
35.67 3.62
0 0 0
23.67 3.46
21.09 4.26
24.47 -8.5
0 0 0
23.67 3.46
23.71 4.36
21.09 4.26
0 0 0
31.38 2.83
23.67 3.46
24.47 -8.5
0 0 0
23.67 3.46
31.38 2.83
31.17 4.95
0 0 0
32.35 -6.65
31.38 2.83
24.47 -8.5
0 0 0
32.35 -6.65
35.64 -6.66
31.38 2.83
0 0 0
32.44 -7.45
32.35 -6.65
24.47 -8.5
0 0 0
35.56 -8.23
32.78 -10.06
35.78 -19.75
0 0 0
32.78 -10.06
31.47 -19.34
35.78 -19.75
0 0 0
31.47 -19.34
32.78 -10.06
24.47 -8.5
0 0 0
32.78 -10.06
32.44 -7.45
24.47 -8.5
0 0 0
32.78 -10.06
32.98 -8.63
32.44 -7.45
0 0 0
30.09 -20.55
23.08 -10.82
22.73 -19.22
50 98 118
23.19 -10.12
23.08 -10.82
30.09 -20.55
50 98 118
30.65 -19.34
31.47 -12.89
24.45 -9.86
64 118 137
31.59 -10.83
31.84 -10.04
24.45 -9.86
64 118 137
31.47 -12.89
31.59 -10.83
24.45 -9.86
64 118 137
31.59 -10.83
31.75 -10.74
31.84 -10.04
64 118 137
31.14 -6.54
23.57 1.1
23.27 -7.43
36 81 109
30.34 3.34
23.57 1.1
31.14 -6.54
36 81 109
23.6 1.8
23.57 1.1
30.34 3.34
36 81 109
34.88 -18.6
32.3 -11.67
31.64 -18.24
218 188 155
34.73 -10.12
32.3 -11.67
34.88 -18.6
218 188 155
2.12 -10.5
-3.41 2.83
-22.48 1.95
218 188 155
34.42 -5.58
34.44 2.29
31.59 1.55
214 179 144
32.11 -5.62
34.42 -5.58
31.59 1.55
214 179 144
15.09 -26.16
12.62 -19.32
8.91 -21.78
194 93 94
12.62 -19.32
15.09 -26.16
18.59 -20.17
194 93 94
8.22 -21.2
5.6 -18.32
5.59 -19.35
237 183 189
5.6 -18.32
8.22 -21.2
11.32 -19.13
237 183 189
11.62 3.93
8.9 6.13
6.48 3.75
237 183 189
8.9 6.13
6.48 5.15
6.48 3.75
237 183 189
17.18 9.51
15.16 4.05
19.23 4.36
188 74 75
14.31 4.02
17.18 9.51
10.2 6.69
188 74 75
14.31 4.02
15.16 4.05
17.18 9.51
188 74 75
21.89 -8.18
22.26 3.19
0.74 2.09
171 44 44
4.3 -10.29
13.29 -17.97
17.95 -7.58
173 60 71
-1.04 0.86
17.95 -7.58
-1.44 1.88
173 60 71
-1.04 0.86
4.3 -10.29
17.95 -7.58
173 60 71
4.3 -10.29
5.61 -16.11
13.29 -17.97
173 60 71
5.61 -16.11
5.6 -16.76
13.29 -17.97
173 60 71
5.61 -16.11
4.3 -10.29
3.16 -16.11
173 60 71
21.24 -19.27
21.78 -9.45
14.39 -18.33
199 88 88
21.78 -9.45
19.1 -8.15
14.39 -18.33
199 88 88
-11.35 4.03
-11.06 12.35
-33.72 2.36
168 107 173
-33.19 -16.88
-23.49 1.96
-33.72 1.53
158 96 162
-33.19 -16.88
-24.78 -24.29
-23.49 1.96
158 96 162
-10.31 -23.87
-9.87 -6.18
-23.41 -16.4
125 64 125
-9.87 -6.18
-22.31 0.09
-23.41 -16.4
125 64 125
-15.2 -28.87
-23.78 -17.61
-24.32 -24.35
164 102 170
-23.78 -17.61
-15.2 -28.87
-9.01 -26.18
164 102 170
2.2 -12.0
-8.77 -6.51
-8.97 -16.07
220 181 143
1.54 -16.1
2.2 -12.0
-8.97 -16.07
220 181 143
3.59 -23.51
3.76 -18.04
-9.05 -21.68
133 78 120
3.76 -18.04
-8.98 -17.81
-9.05 -21.68
133 78 120
-9.46 4.12
5.0 6.86
-9.47 8.88
129 61 126
-9.46 4.12
4.99 4.68
5.0 6.86
129 61 126
