-15.14 27.3
10.27 37.45
-7.12 37.45
0 0 0
-15.14 27.3
-19.27 17.43
-15.53 7.6
0 0 0
16.74 11.22
-15.14 27.3
-15.53 7.6
0 0 0
10.27 37.45
16.74 11.22
20.18 11.58
0 0 0
-15.14 27.3
16.74 11.22
10.27 37.45
0 0 0
1.84 -23.07
11.57 -31.47
11.18 -18.75
0 0 0
12.73 -13.81
18.58 -9.31
11.09 -6.9
0 0 0
1.84 -23.07
12.73 -13.81
11.09 -6.9
0 0 0
12.73 -13.81
1.84 -23.07
11.18 -18.75
0 0 0
-14.29 -2.17
-15.53 7.6
-20.18 -0.57
0 0 0
-8.19 -2.43
16.74 11.22
-15.53 7.6
0 0 0
-14.29 -2.17
-8.19 -2.43
-15.53 7.6
0 0 0
-8.19 -2.43
-14.29 -2.17
-11.45 -8.57
0 0 0
-14.29 -2.17
-19.84 -5.97
-11.45 -8.57
0 0 0
11.57 -31.47
13.39 -31.16
11.18 -18.75
0 0 0
1.84 -23.07
-11.43 -8.7
-8.97 -21.07
0 0 0
-19.84 -5.97
-11.43 -8.7
-11.45 -8.57
0 0 0
-11.43 -8.7
1.84 -23.07
11.09 -6.9
0 0 0
-8.19 -2.43
-11.43 -8.7
11.09 -6.9
0 0 0
-11.43 -8.7
-8.19 -2.43
-11.45 -8.57
0 0 0
-7.47 -25.87
1.84 -23.07
-8.97 -21.07
0 0 0
10.73 -5.44
-8.19 -2.43
11.09 -6.9
0 0 0
-8.19 -2.43
10.73 -5.44
16.74 11.22
0 0 0
-14.29 -14.03
-11.43 -8.7
-19.84 -5.97
0 0 0
13.39 -31.16
11.85 -18.71
11.18 -18.75
0 0 0
1.84 -23.07
1.79 -27.34
11.57 -31.47
0 0 0
1.79 -27.34
2.14 -29.93
11.57 -31.47
0 0 0
11.09 -6.9
10.73 -5.44
11.09 -6.9
0 0 0
18.58 -9.31
11.09 -6.9
11.09 -6.9
0 0 0
14.59 -2.65
18.4 -2.15
16.74 11.22
0 0 0
10.73 -5.44
14.59 -2.65
16.74 11.22
0 0 0
11.09 -6.9
14.59 -2.65
10.73 -5.44
0 0 0
14.59 -2.65
11.09 -6.9
18.58 -9.31
0 0 0
-9.54 -25.54
-7.47 -25.87
-8.97 -21.07
0 0 0
2.14 -29.93
3.36 -32.86
11.57 -31.47
0 0 0
2.66 -32.98
3.36 -32.86
2.14 -29.93
0 0 0
12.25 -37.45
3.36 -32.86
3.36 -37.45
0 0 0
11.57 -31.47
3.36 -32.86
12.25 -37.45
0 0 0
-7.47 -25.87
0.56 -27.14
1.84 -23.07
0 0 0
0.56 -27.14
1.79 -27.34
1.84 -23.07
0 0 0
0.56 -27.14
-7.47 -25.87
-7.82 -30.17
0 0 0
2.14 -29.93
0.56 -27.14
-7.82 -30.17
0 0 0
3.45 -31.16
10.85 -21.96
2.77 -21.6
36 81 109
10.85 -21.96
3.45 -31.16
12.0 -30.01
36 81 109
4.29 -35.74
10.45 -31.77
4.25 -32.51
214 179 144
10.45 -31.77
4.29 -35.74
11.11 -35.74
214 179 144
-14.3 -12.12
-11.69 -7.2
-18.05 -6.48
194 93 94
-11.69 -7.2
-12.77 -2.58
-18.05 -6.48
194 93 94
-12.49 -2.66
-12.77 -2.58
-11.69 -7.2
194 93 94
-11.11 -6.15
-11.6 -2.9
-11.69 -2.88
237 183 189
-11.6 -2.9
-11.11 -6.15
-8.24 -0.76
237 183 189
-8.24 0.67
-10.95 -1.32
-8.24 -0.76
237 183 189
-10.95 -1.32
-11.6 -2.9
-8.24 -0.76
237 183 189
10.67 -3.56
12.36 -1.26
10.49 1.89
237 183 189
10.67 -3.56
10.93 -4.58
12.36 -1.26
237 183 189
16.75 -8.62
13.07 -2.4
11.57 -7.05
188 74 75
12.79 -11.73
16.75 -8.62
11.57 -7.05
188 74 75
1.9 -17.07
9.25 0.99
1.75 -17.04
171 44 44
9.25 0.99
1.9 -17.07
10.27 -20.52
171 44 44
1.9 -17.07
1.87 -20.24
10.27 -20.52
171 44 44
0.95 -16.26
-1.44 -2.61
-8.06 -11.62
173 60 71
8.17 2.75
0.95 -16.26
9.07 3.17
173 60 71
8.17 2.75
-1.44 -2.61
0.95 -16.26
173 60 71
-1.44 -2.61
-6.69 -1.44
-8.06 -11.62
173 60 71
-8.26 -15.34
-8.37 -12.73
-9.16 -19.58
199 88 88
-8.37 -12.73
-8.26 -15.34
-1.17 -16.55
199 88 88
-8.79 -19.6
-8.26 -15.34
-9.16 -19.58
199 88 88
16.39 14.08
18.11 12.83
9.39 35.45
168 107 173
10.89 13.36
16.39 14.08
9.39 35.45
168 107 173
16.39 14.08
16.53 12.89
18.11 12.83
168 107 173
9.09 25.22
-7.24 34.85
-13.62 26.42
158 96 162
8.68 35.45
-7.24 34.85
9.09 25.22
158 96 162
-6.79 25.08
2.07 11.58
7.46 24.04
125 64 125
-12.54 11.94
2.07 11.58
-6.79 25.08
125 64 125
-12.98 12.07
-6.79 25.08
-13.23 11.96
125 64 125
-12.98 12.07
-12.54 11.94
-6.79 25.08
125 64 125
-13.05 11.96
-12.98 12.07
-13.23 11.96
125 64 125
-15.23 10.65
-7.85 25.45
-17.57 16.83
164 102 170
-7.85 25.45
-13.69 25.97
-17.57 16.83
164 102 170
9.11 13.13
9.07 24.21
-1.62 -0.44
218 188 155
9.11 13.13
9.54 13.19
9.07 24.21
218 188 155
9.88 5.15
9.61 11.54
-1.62 -0.44
218 188 155
9.61 11.54
9.11 13.13
-1.62 -0.44
218 188 155
0.52 -29.09
-0.84 -26.66
-6.83 -29.27
218 188 155
-0.84 -26.66
-6.52 -26.02
-6.83 -29.27
218 188 155
-2.93 -0.51
-7.08 8.18
-7.12 0.24
220 181 143
-7.08 8.18
-2.93 -0.51
1.79 10.48
220 181 143
-7.08 10.65
-6.28 10.17
1.79 10.48
220 181 143
-6.28 10.17
-7.08 8.18
1.79 10.48
220 181 143
-7.08 10.4
-6.28 10.17
-7.08 10.65
220 181 143
-12.8 -0.87
-11.91 10.71
-17.86 0.64
133 78 120
-11.91 10.71
-12.8 -0.87
-8.29 9.67
133 78 120
14.93 -1.21
15.07 12.4
10.7 11.81
129 61 126
15.07 12.4
14.93 -1.21
16.93 -0.94
129 61 126
0.48 -17.55
-7.24 -16.17
-8.53 -24.49
50 98 118
-1.82 -25.85
0.71 -18.81
-7.48 -25.04
64 118 137
-0.12 -25.96
0.57 -26.19
0.71 -18.81
64 118 137
-1.82 -25.85
-0.12 -25.96
0.71 -18.81
64 118 137
-0.12 -25.96
-0.03 -26.1
0.57 -26.19
64 118 137
9.81 33.24
16.65 9.9
19.72 10.18
0 0 0
-7.58 33.24
16.65 9.9
9.81 33.24
0 0 0
16.65 9.9
-7.58 33.24
-15.59 24.19
0 0 0
-10.92 -28.12
-8.86 -28.45
-9.78 -19.08
0 0 0
-8.86 -28.45
0.48 -23.82
-9.78 -19.08
0 0 0
-14.84 7.1
16.65 9.9
-15.59 24.19
0 0 0
-14.84 7.1
-15.59 24.19
-19.72 15.4
0 0 0
-14.84 7.1
-12.54 -2.44
-9.21 -5.95
0 0 0
13.4 -3.91
-14.84 7.1
-9.21 -5.95
0 0 0
-14.84 7.1
13.4 -3.91
16.65 9.9
0 0 0
-12.54 -2.44
-13.3 -3.3
-9.21 -5.95
0 0 0
10.44 -8.97
0.48 -23.82
11.77 -15.67
0 0 0
10.44 -8.97
13.4 -3.91
-9.21 -5.95
0 0 0
-0.82 -29.72
0.48 -23.82
-8.86 -28.45
0 0 0
-0.82 -29.72
-8.86 -28.45
-9.2 -32.75
0 0 0
0.76 -32.5
-0.82 -29.72
-9.2 -32.75
0 0 0
10.69 -33.24
10.0 -28.54
1.8 -33.24
0 0 0
17.83 -11.76
10.44 -8.97
11.77 -15.67
0 0 0
-15.59 5.71
-14.84 7.1
-19.72 15.4
0 0 0
-12.54 -2.44
-15.59 5.71
-18.34 -1.71
0 0 0
-14.84 7.1
-15.59 5.71
-12.54 -2.44
0 0 0
-13.3 -3.29
-13.3 -3.3
-12.54 -2.44
0 0 0
-10.14 -9.83
10.44 -8.97
-9.21 -5.95
0 0 0
10.44 -8.97
-10.14 -9.83
0.48 -23.82
0 0 0
0.48 -23.82
-10.14 -9.83
-9.78 -19.08
0 0 0
0.48 -23.82
10.5 -19.92
11.77 -15.67
0 0 0
10.0 -28.54
10.5 -19.92
0.48 -23.82
0 0 0
1.8 -29.64
10.0 -28.54
0.48 -23.82
0 0 0
10.0 -28.54
1.8 -29.64
1.8 -33.24
0 0 0
13.4 -3.91
14.86 -4.09
16.65 9.9
0 0 0
10.44 -8.97
14.86 -4.09
13.4 -3.91
0 0 0
17.83 -11.76
14.86 -4.09
10.44 -8.97
0 0 0
-13.3 -3.3
-10.19 -9.72
-9.21 -5.95
0 0 0
-10.19 -9.72
-10.14 -9.83
-9.21 -5.95
0 0 0
-10.19 -9.72
-13.3 -3.3
-18.93 -9.55
0 0 0
-11.58 -15.42
-10.19 -9.72
-18.93 -9.55
0 0 0
11.83 -28.29
10.5 -19.92
10.0 -28.54
0 0 0
-0.82 -29.72
1.1 -29.73
0.48 -23.82
0 0 0
1.1 -29.73
1.8 -29.64
0.48 -23.82
0 0 0
0.41 -29.92
1.1 -29.73
-0.82 -29.72
0 0 0
1.89 -28.29
9.09 -19.98
1.1 -19.65
36 81 109
9.09 -19.98
1.89 -28.29
10.44 -27.39
36 81 109
2.73 -31.9
8.89 -28.78
2.69 -29.36
214 179 144
8.89 -28.78
2.73 -31.9
9.54 -31.9
214 179 144
-12.08 -13.69
-10.76 -8.54
-17.09 -9.55
194 93 94
-10.76 -8.54
-12.76 -4.41
-17.09 -9.55
194 93 94
-10.47 -7.43
-9.52 -2.82
-12.2 -3.84
237 183 189
-9.52 -2.82
-10.47 -7.43
-8.7 -0.52
237 183 189
-8.7 0.32
-8.74 0.27
-8.7 -0.52
237 183 189
-9.52 -2.82
-11.17 -2.61
-12.2 -3.84
237 183 189
10.62 -3.58
10.47 -1.07
10.14 -0.47
237 183 189
10.35 -6.51
10.44 -6.89
12.03 -3.86
237 183 189
10.62 -3.58
10.35 -6.51
12.03 -3.86
237 183 189
10.35 -6.51
10.62 -3.58
10.14 -0.47
237 183 189
11.96 -3.74
10.62 -3.58
12.03 -3.86
237 183 189
16.05 -11.02
12.68 -4.98
10.95 -9.26
188 74 75
11.92 -13.72
16.05 -11.02
10.95 -9.26
188 74 75
9.81 -18.57
8.8 1.67
-0.02 -18.26
171 44 44
0.48 -14.55
-1.9 -2.46
-8.51 -10.2
173 60 71
-1.9 -2.46
0.48 -14.55
8.08 2.5
173 60 71
-1.9 -2.46
-7.26 -1.4
-8.51 -10.2
173 60 71
-1.12 -18.15
-8.82 -11.23
-9.62 -17.68
199 88 88
-8.82 -11.23
-1.12 -18.15
0.0 -15.63
199 88 88
16.94 12.14
17.65 11.3
8.94 31.45
168 107 173
10.34 12.94
16.94 12.14
8.94 31.45
168 107 173
16.94 12.14
16.84 11.33
17.65 11.3
168 107 173
8.63 22.34
-7.7 30.93
-14.08 23.41
158 96 162
8.22 31.45
-7.7 30.93
8.63 22.34
158 96 162
-7.26 22.21
1.62 10.18
7.01 21.29
125 64 125
-6.07 10.86
-7.26 22.21
-12.98 11.8
125 64 125
-7.26 22.21
-6.07 10.86
1.62 10.18
125 64 125
-6.07 10.86
-6.2 10.35
1.62 10.18
125 64 125
-13.49 10.52
-12.99 11.78
-13.68 10.52
125 64 125
-15.68 9.35
-8.3 22.54
-18.02 14.86
164 102 170
-8.3 22.54
-14.14 23.01
-18.02 14.86
164 102 170
9.43 4.45
8.62 21.44
-2.08 -0.53
218 188 155
-0.88 -31.66
-2.22 -29.23
-8.21 -31.84
218 188 155
-2.22 -29.23
-7.9 -28.6
-8.21 -31.84
218 188 155
-6.46 9.33
-7.55 4.98
1.33 9.2
220 181 143
-7.55 4.98
-3.38 -0.59
1.33 9.2
220 181 143
-3.38 -0.59
-7.55 4.98
-7.58 0.08
220 181 143
-10.99 -0.99
-11.72 10.6
-16.21 -0.19
133 78 120
-11.72 10.6
-10.99 -0.99
-8.01 10.08
133 78 120
11.73 -2.31
15.24 10.83
10.86 11.35
129 61 126
11.73 -2.31
13.74 -2.56
15.24 10.83
129 61 126
-0.91 -20.13
-8.62 -18.75
-9.91 -27.06
50 98 118
-3.27 -28.42
-0.68 -21.38
-8.86 -27.61
64 118 137
-1.5 -28.53
-0.82 -28.77
-0.68 -21.38
64 118 137
-3.27 -28.42
-1.5 -28.53
-0.68 -21.38
64 118 137
-1.5 -28.53
-1.41 -28.68
-0.82 -28.77
64 118 137
