-10.87 -26.74
-6.91 -26.87
-8.81 -14.21
0 0 0
-6.91 -26.87
5.58 -27.28
-8.81 -14.21
0 0 0
5.58 -27.28
13.65 -14.75
-8.81 -14.21
0 0 0
13.97 -21.8
13.65 -14.75
5.58 -27.28
0 0 0
-16.32 -3.2
-14.57 -14.04
-8.81 -14.21
0 0 0
-21.09 7.68
-12.53 -0.85
-16.32 17.55
0 0 0
-12.53 -0.85
-16.32 -3.2
-8.81 -14.21
0 0 0
13.65 -14.75
-12.53 -0.85
-8.81 -14.21
0 0 0
-12.53 -0.85
13.65 -14.75
19.06 -6.31
0 0 0
18.97 -30.72
21.08 -30.49
19.29 -21.59
0 0 0
13.97 -21.8
18.97 -30.72
19.29 -21.59
0 0 0
-6.91 -26.87
-3.95 -34.64
5.58 -27.28
0 0 0
-3.95 -34.64
4.93 -33.7
5.58 -27.28
0 0 0
-3.95 -34.64
-6.91 -26.87
-6.12 -34.87
0 0 0
-3.95 -34.64
2.7 -37.68
4.93 -33.7
0 0 0
2.7 -37.68
-3.95 -34.64
-3.49 -39.05
0 0 0
8.08 -27.36
13.97 -21.8
5.58 -27.28
0 0 0
8.08 -27.36
8.68 -31.8
9.49 -31.72
0 0 0
18.97 -30.72
8.08 -27.36
9.49 -31.72
0 0 0
8.08 -27.36
18.97 -30.72
13.97 -21.8
0 0 0
-17.78 0.12
-17.78 0.13
-32.48 0.12
0 0 0
2.66 27.7
-12.53 -0.85
2.69 27.7
0 0 0
-12.53 -0.85
2.66 27.7
-16.32 17.55
0 0 0
2.66 27.7
-7.05 27.7
-16.32 17.55
0 0 0
2.66 27.7
2.69 27.7
2.66 43.65
0 0 0
-15.02 -0.85
-21.09 7.68
-17.78 0.13
0 0 0
-15.02 -0.85
-12.53 -0.85
-21.09 7.68
0 0 0
-17.78 0.12
-15.02 -0.85
-17.78 0.13
0 0 0
-15.02 -0.85
-17.78 0.12
-16.32 -3.2
0 0 0
-12.53 -0.85
20.78 1.49
2.69 27.7
0 0 0
20.78 1.49
13.05 27.7
2.69 27.7
0 0 0
13.05 27.7
20.78 1.49
24.51 1.83
0 0 0
17.49 -13.42
20.35 -6.21
19.06 -6.31
0 0 0
17.49 -13.42
20.78 -14.31
20.35 -6.21
0 0 0
13.65 -14.75
17.49 -13.42
19.06 -6.31
0 0 0
17.15 -14.97
17.49 -13.42
13.65 -14.75
0 0 0
20.49 0.15
-12.53 -0.85
19.06 -6.31
0 0 0
2.7 -37.68
2.71 -37.68
4.93 -33.7
0 0 0
2.71 -37.68
7.76 -36.56
4.93 -33.7
0 0 0
2.71 -37.68
2.7 -37.68
2.7 -43.65
0 0 0
4.93 -33.7
7.03 -33.48
5.58 -27.28
0 0 0
20.49 0.15
20.78 1.49
-12.53 -0.85
0 0 0
20.49 0.15
20.49 0.15
-12.53 -0.85
0 0 0
18.97 -30.72
9.49 -34.99
19.76 -34.99
0 0 0
9.49 -34.99
18.97 -30.72
9.49 -31.72
0 0 0
-5.24 -33.56
0.66 -27.12
-5.67 -26.91
50 98 118
5.38 -32.7
2.22 -27.17
-3.92 -33.8
64 118 137
4.16 -27.23
2.22 -27.17
5.38 -32.7
64 118 137
-2.54 -37.95
3.74 -34.04
-2.83 -34.68
218 188 155
3.74 -34.04
-2.54 -37.95
5.74 -36.12
218 188 155
12.61 -4.6
11.67 14.46
-0.7 -10.2
218 188 155
19.02 -13.21
18.7 -7.96
17.62 -12.86
188 74 75
12.76 -21.85
11.28 -13.64
8.78 -22.02
171 44 44
11.88 -8.13
11.28 -13.64
12.76 -21.85
171 44 44
8.95 -13.29
11.28 -13.64
11.88 -8.13
171 44 44
7.93 -26.2
7.48 -22.88
1.68 -26.04
171 44 44
7.48 -22.88
4.69 -20.77
1.68 -26.04
171 44 44
2.2 -12.14
11.51 -6.57
0.8 -11.75
173 60 71
2.2 -12.14
7.77 -13.11
11.51 -6.57
173 60 71
2.2 -12.14
2.21 -12.26
7.77 -13.11
173 60 71
-5.41 -14.31
-7.3 -14.26
-8.13 -18.8
173 60 71
-5.41 -14.31
2.64 -19.22
-5.34 -12.06
173 60 71
2.64 -19.22
-5.41 -14.31
-8.13 -18.8
173 60 71
2.27 -22.71
2.68 -19.88
-8.13 -18.8
173 60 71
2.68 -19.88
2.64 -19.22
-8.13 -18.8
173 60 71
2.68 -19.88
2.27 -22.71
3.78 -20.08
173 60 71
2.64 -19.22
2.68 -19.88
3.78 -20.08
173 60 71
0.41 -25.95
-8.49 -19.73
-9.41 -25.54
199 88 88
-8.49 -19.73
0.41 -25.95
1.71 -23.7
199 88 88
2.95 -18.26
7.65 -21.73
9.56 -14.88
194 93 94
2.39 -15.23
9.56 -14.88
2.29 -13.53
194 93 94
2.39 -15.23
2.95 -18.26
9.56 -14.88
194 93 94
1.66 -17.5
-2.87 -11.91
-4.62 -11.57
237 183 189
1.4 -13.25
-2.87 -11.91
1.66 -17.5
237 183 189
13.79 3.34
22.11 3.08
12.04 25.7
168 107 173
11.68 15.47
-7.19 25.1
-14.57 16.68
158 96 162
11.21 25.7
-7.19 25.1
11.68 15.47
158 96 162
3.58 1.83
-6.68 15.33
-14.11 2.21
125 64 125
-6.68 15.33
3.58 1.83
9.81 14.29
125 64 125
-16.42 0.9
-7.89 15.7
-19.13 7.08
164 102 170
-7.89 15.7
-14.64 16.22
-19.13 7.08
164 102 170
-2.2 -10.26
-4.96 0.86
-5.27 -9.79
220 181 143
-4.96 0.86
-2.2 -10.26
3.25 0.73
220 181 143
-7.3 -12.41
-10.6 0.49
-12.76 -12.1
133 78 120
-10.6 0.49
-7.3 -12.41
-6.73 0.32
133 78 120
16.07 -13.41
14.25 1.2
13.89 -13.26
129 61 126
14.25 1.2
16.07 -13.41
18.99 0.9
129 61 126
9.59 -30.49
17.91 -22.93
8.68 -22.63
36 81 109
17.91 -22.93
9.59 -30.49
19.47 -29.67
36 81 109
10.56 -33.77
17.68 -30.93
10.51 -31.46
214 179 144
17.68 -30.93
10.56 -33.77
18.43 -33.77
214 179 144
-10.87 -26.74
-6.91 -26.87
-9.1 -15.96
0 0 0
-6.91 -26.87
5.59 -27.28
-9.1 -15.96
0 0 0
5.59 -27.28
13.75 -16.94
-9.1 -15.96
0 0 0
-16.13 -5.2
-16.24 -15.04
-9.1 -15.96
0 0 0
-13.1 -2.85
-16.13 -5.2
-9.1 -15.96
0 0 0
18.97 -30.71
21.09 -30.49
19.29 -21.58
0 0 0
13.97 -21.8
13.75 -16.94
5.59 -27.28
0 0 0
13.97 -21.8
18.97 -30.71
19.29 -21.58
0 0 0
20.79 -14.32
20.35 -6.21
18.3 -6.36
0 0 0
2.72 -37.69
2.71 -37.69
2.71 -43.65
0 0 0
-20.91 5.67
-13.1 -2.85
-16.13 15.55
0 0 0
2.66 25.69
-13.1 -2.85
2.7 25.69
0 0 0
-13.1 -2.85
2.66 25.69
-16.13 15.55
0 0 0
2.66 25.69
-6.86 25.69
-16.13 15.55
0 0 0
2.66 25.69
2.7 25.69
2.66 43.65
0 0 0
20.49 -0.56
-13.1 -2.85
18.3 -6.36
0 0 0
-13.1 -2.85
20.49 -0.56
2.7 25.69
0 0 0
20.49 -0.56
13.24 25.69
2.7 25.69
0 0 0
8.08 -27.36
13.97 -21.8
5.59 -27.28
0 0 0
13.97 -21.8
8.08 -27.36
18.97 -30.71
0 0 0
15.49 -12.89
20.79 -14.32
18.3 -6.36
0 0 0
13.75 -16.94
15.49 -12.89
-9.1 -15.96
0 0 0
15.49 -12.89
-13.1 -2.85
-9.1 -15.96
0 0 0
-13.1 -2.85
15.49 -12.89
18.3 -6.36
0 0 0
4.92 -33.69
2.71 -37.69
2.72 -37.69
0 0 0
7.76 -36.57
4.92 -33.69
2.72 -37.69
0 0 0
18.97 -30.71
9.49 -35.0
19.76 -35.0
0 0 0
-20.91 5.67
-18.48 0.14
-13.1 -2.85
0 0 0
24.54 0.15
20.49 -0.56
20.77 -0.63
0 0 0
20.49 -0.56
24.54 0.15
13.24 25.69
0 0 0
4.92 -33.69
-3.95 -34.64
2.71 -37.69
0 0 0
2.71 -37.69
-3.95 -34.64
-3.49 -39.06
0 0 0
-6.12 -34.87
-3.95 -34.64
-6.91 -26.87
0 0 0
-6.91 -26.87
-3.95 -34.64
5.59 -27.28
0 0 0
-3.95 -34.64
4.92 -33.69
5.59 -27.28
0 0 0
-18.47 0.13
-18.48 0.14
-32.48 0.13
0 0 0
-18.48 0.14
-18.47 0.13
-13.1 -2.85
0 0 0
24.69 -0.18
24.54 0.15
20.77 -0.63
0 0 0
24.54 0.15
24.54 0.15
20.77 -0.63
0 0 0
24.54 0.15
24.54 0.15
32.48 0.15
0 0 0
4.92 -33.69
7.03 -33.47
5.59 -27.28
0 0 0
9.49 -31.71
9.49 -35.0
18.97 -30.71
0 0 0
8.08 -27.36
9.49 -31.71
18.97 -30.71
0 0 0
8.68 -31.8
9.49 -31.71
8.08 -27.36
0 0 0
-14.83 -2.85
-18.47 0.13
-16.13 -5.2
0 0 0
-18.47 0.13
-14.83 -2.85
-13.1 -2.85
0 0 0
-5.24 -33.56
0.66 -27.12
-5.67 -26.91
50 98 118
5.39 -32.7
2.22 -27.17
-3.92 -33.81
64 118 137
4.16 -27.23
2.22 -27.17
5.39 -32.7
64 118 137
-2.54 -37.94
3.74 -34.04
-2.83 -34.69
218 188 155
3.74 -34.04
-2.54 -37.94
5.74 -36.11
218 188 155
12.54 -1.25
11.86 12.45
-0.51 -12.2
218 188 155
11.19 -7.29
12.54 -1.25
-0.51 -12.2
218 188 155
19.02 -13.21
17.7 -7.75
15.71 -12.39
188 74 75
18.69 -7.68
17.7 -7.75
19.02 -13.21
188 74 75
12.77 -21.85
10.54 -16.12
8.78 -22.01
171 44 44
12.43 -16.61
10.54 -16.12
12.77 -21.85
171 44 44
7.93 -26.2
7.48 -22.89
1.69 -26.05
171 44 44
7.48 -22.89
4.69 -20.78
1.69 -26.05
171 44 44
9.82 -13.42
10.42 -10.72
8.96 -13.29
171 44 44
7.78 -13.11
9.87 -9.46
3.62 -12.47
173 60 71
-7.16 -16.21
-3.64 -13.72
-6.76 -13.12
173 60 71
-7.16 -16.21
-7.64 -16.15
-8.13 -18.8
173 60 71
-7.16 -16.21
2.64 -19.22
-3.64 -13.72
173 60 71
2.64 -19.22
-7.16 -16.21
-8.13 -18.8
173 60 71
2.27 -22.72
2.68 -19.87
-8.13 -18.8
173 60 71
2.68 -19.87
2.64 -19.22
-8.13 -18.8
173 60 71
2.68 -19.87
2.27 -22.72
3.78 -20.09
173 60 71
2.64 -19.22
2.68 -19.87
3.78 -20.09
173 60 71
0.42 -25.95
-8.48 -19.74
-9.4 -25.53
199 88 88
-8.48 -19.74
0.42 -25.95
1.71 -23.69
199 88 88
2.39 -15.24
9.49 -14.88
2.29 -13.53
194 93 94
9.29 -15.79
2.95 -18.26
7.65 -21.73
194 93 94
2.39 -15.24
9.29 -15.79
9.49 -14.88
194 93 94
9.29 -15.79
2.39 -15.24
2.95 -18.26
194 93 94
9.31 -15.79
9.29 -15.79
7.65 -21.73
194 93 94
1.66 -17.5
-0.3 -14.36
-2.01 -14.03
237 183 189
1.43 -13.53
-0.3 -14.36
1.66 -17.5
237 183 189
13.98 1.33
22.3 1.07
12.23 23.69
168 107 173
11.87 13.46
-7.0 23.1
-14.38 14.67
158 96 162
11.4 23.69
-7.0 23.1
11.87 13.46
158 96 162
-6.49 13.32
3.77 -0.18
10.0 12.28
125 64 125
-10.46 0.13
3.77 -0.18
-6.49 13.32
125 64 125
-12.27 0.38
-6.49 13.32
-13.92 0.2
125 64 125
-12.27 0.38
-10.46 0.13
-6.49 13.32
125 64 125
-12.33 0.17
-12.27 0.38
-13.92 0.2
125 64 125
-16.23 -1.11
-7.7 13.69
-18.94 5.07
164 102 170
-7.7 13.69
-14.45 14.21
-18.94 5.07
164 102 170
-2.01 -12.27
-5.21 -1.14
-6.56 -11.57
220 181 143
-5.21 -1.14
-2.01 -12.27
3.44 -1.28
220 181 143
-8.85 -14.14
-10.86 -0.97
-14.25 -13.29
133 78 120
-10.86 -0.97
-8.85 -14.14
-7.03 -1.53
133 78 120
12.97 -15.21
13.95 -0.53
10.86 -14.66
129 61 126
13.95 -0.53
12.97 -15.21
18.54 -1.71
129 61 126
9.59 -30.49
17.91 -22.93
8.68 -22.63
36 81 109
17.91 -22.93
9.59 -30.49
19.47 -29.67
36 81 109
10.56 -33.77
17.68 -30.93
10.51 -31.46
214 179 144
17.68 -30.93
10.56 -33.77
18.43 -33.77
214 179 144
-6.91 -26.87
5.58 -27.28
-9.19 -16.45
0 0 0
5.58 -27.28
13.56 -12.84
-9.19 -16.45
0 0 0
-15.96 -6.78
-17.85 -13.45
-9.19 -16.45
0 0 0
-12.94 -4.43
18.62 -6.34
2.7 24.12
0 0 0
13.56 -12.84
-12.94 -4.43
-9.19 -16.45
0 0 0
-12.94 -4.43
-15.96 -6.78
-9.19 -16.45
0 0 0
18.96 -30.72
21.08 -30.49
19.28 -21.59
0 0 0
-9.33 -16.81
-6.91 -26.87
-9.19 -16.45
0 0 0
-6.91 -26.87
-9.33 -16.81
-10.88 -26.74
0 0 0
-17.85 -13.45
-9.33 -16.81
-9.19 -16.45
0 0 0
13.96 -21.8
13.56 -12.84
5.58 -27.28
0 0 0
13.96 -21.8
18.96 -30.72
19.28 -21.59
0 0 0
20.78 -14.31
20.34 -6.21
18.62 -6.34
0 0 0
2.71 -37.68
2.7 -37.68
2.7 -43.65
0 0 0
2.66 24.12
-12.94 -4.43
2.7 24.12
0 0 0
-12.94 -4.43
2.66 24.12
-15.96 13.97
0 0 0
2.66 24.12
-6.69 24.12
-15.96 13.97
0 0 0
2.66 24.12
2.7 24.12
2.66 43.65
0 0 0
8.07 -27.36
13.96 -21.8
5.58 -27.28
0 0 0
13.96 -21.8
8.07 -27.36
18.96 -30.72
0 0 0
13.86 -12.44
20.78 -14.31
18.62 -6.34
0 0 0
-12.94 -4.43
13.86 -12.44
18.62 -6.34
0 0 0
13.86 -12.44
-12.94 -4.43
13.56 -12.84
0 0 0
4.92 -33.7
2.7 -37.68
2.71 -37.68
0 0 0
7.75 -36.56
4.92 -33.7
2.71 -37.68
0 0 0
18.96 -30.72
9.48 -34.99
19.76 -34.99
0 0 0
-19.0 0.14
-12.94 -4.43
-15.96 13.97
0 0 0
21.13 -2.09
24.03 0.15
13.41 24.12
0 0 0
18.62 -6.34
21.13 -2.09
2.7 24.12
0 0 0
21.13 -2.09
13.41 24.12
2.7 24.12
0 0 0
4.92 -33.7
-3.95 -34.64
2.7 -37.68
0 0 0
2.7 -37.68
-3.95 -34.64
-3.5 -39.05
0 0 0
-6.12 -34.87
-3.95 -34.64
-6.91 -26.87
0 0 0
-6.91 -26.87
-3.95 -34.64
5.58 -27.28
0 0 0
-3.95 -34.64
4.92 -33.7
5.58 -27.28
0 0 0
-14.66 -4.43
-19.0 0.14
-15.96 -6.78
0 0 0
-19.0 0.14
-19.0 0.14
-32.48 0.14
0 0 0
-19.0 0.14
-14.66 -4.43
-12.94 -4.43
0 0 0
-19.0 0.14
-19.0 0.14
-12.94 -4.43
0 0 0
-20.74 4.1
-19.0 0.14
-15.96 13.97
0 0 0
24.03 0.15
24.03 0.15
32.48 0.15
0 0 0
21.13 -2.09
24.03 0.15
24.03 0.15
0 0 0
4.92 -33.7
7.03 -33.48
5.58 -27.28
0 0 0
9.48 -31.72
9.48 -34.99
18.96 -30.72
0 0 0
8.07 -27.36
9.48 -31.72
18.96 -30.72
0 0 0
8.67 -31.8
9.48 -31.72
8.07 -27.36
0 0 0
21.69 -2.4
24.03 0.15
21.13 -2.09
0 0 0
24.03 0.15
21.69 -2.4
24.87 -1.75
0 0 0
-5.24 -33.56
0.66 -27.12
-5.67 -26.91
50 98 118
5.38 -32.7
2.21 -27.17
-3.93 -33.8
64 118 137
4.15 -27.23
2.21 -27.17
5.38 -32.7
64 118 137
-2.55 -37.95
3.74 -34.04
-2.83 -34.68
218 188 155
3.74 -34.04
-2.55 -37.95
5.73 -36.12
218 188 155
12.7 -2.61
12.03 10.88
-0.34 -13.77
218 188 155
8.97 -9.86
12.7 -2.61
-0.34 -13.77
218 188 155
18.68 -7.67
17.52 -7.75
19.01 -13.21
188 74 75
14.28 -12.02
17.52 -7.75
14.23 -11.97
188 74 75
17.52 -7.75
14.28 -12.02
19.01 -13.21
188 74 75
12.76 -21.85
10.76 -16.42
8.78 -22.02
171 44 44
12.29 -14.47
10.76 -16.42
12.76 -21.85
171 44 44
10.76 -16.42
10.49 -16.27
8.78 -22.02
171 44 44
7.92 -26.2
7.47 -22.87
1.68 -26.04
171 44 44
7.47 -22.87
4.69 -20.77
1.68 -26.04
171 44 44
7.34 -13.04
7.82 -12.1
6.24 -12.87
173 60 71
-1.67 -15.65
-7.36 -14.56
-8.14 -18.8
173 60 71
2.27 -22.71
-1.67 -15.65
-8.14 -18.8
173 60 71
2.67 -19.88
-1.67 -15.65
2.27 -22.71
173 60 71
2.67 -19.88
2.27 -22.71
3.78 -20.08
173 60 71
2.63 -19.21
2.67 -19.88
3.78 -20.08
173 60 71
0.41 -25.95
-8.49 -19.73
-9.41 -25.54
199 88 88
-8.49 -19.73
0.41 -25.95
1.7 -23.7
199 88 88
2.94 -18.26
7.64 -21.73
9.35 -15.63
194 93 94
7.26 -14.45
2.94 -18.26
9.35 -15.63
194 93 94
7.26 -14.45
4.16 -13.88
2.94 -18.26
194 93 94
2.38 -15.18
4.16 -13.88
2.35 -14.75
194 93 94
4.16 -13.88
2.38 -15.18
2.94 -18.26
194 93 94
1.66 -17.5
1.52 -15.15
-0.04 -15.9
237 183 189
14.79 1.47
22.47 -0.5
12.4 22.12
168 107 173
14.12 0.16
14.79 1.47
12.4 22.12
168 107 173
14.79 1.47
18.06 -0.37
22.47 -0.5
168 107 173
12.04 11.88
-6.83 21.52
-14.21 13.09
158 96 162
11.57 22.12
-6.83 21.52
12.04 11.88
158 96 162
-6.32 11.75
3.94 -1.75
10.17 10.71
125 64 125
-5.13 -1.56
3.94 -1.75
-6.32 11.75
125 64 125
-10.24 0.52
-6.32 11.75
-13.75 -1.38
125 64 125
-10.24 0.52
-5.13 -1.56
-6.32 11.75
125 64 125
-11.3 -1.43
-10.24 0.52
-13.75 -1.38
125 64 125
-16.06 -2.68
-7.53 12.12
-18.77 3.5
164 102 170
-7.53 12.12
-14.28 12.63
-18.77 3.5
164 102 170
-3.78 -2.73
-1.84 -13.84
3.61 -2.85
220 181 143
-1.84 -13.84
-6.68 -10.08
-6.69 -13.09
220 181 143
-6.68 -10.08
-1.84 -13.84
-3.78 -2.73
220 181 143
-10.47 -14.39
-9.2 -1.13
-15.49 -12.25
133 78 120
-9.2 -1.13
-10.47 -14.39
-5.62 -2.61
133 78 120
10.46 -14.54
15.11 -0.57
8.56 -13.47
129 61 126
15.11 -0.57
10.46 -14.54
19.26 -2.88
129 61 126
9.58 -30.49
17.9 -22.93
8.67 -22.63
36 81 109
17.9 -22.93
9.58 -30.49
19.46 -29.67
36 81 109
10.55 -33.77
17.67 -30.93
10.5 -31.46
214 179 144
17.67 -30.93
10.55 -33.77
18.42 -33.77
214 179 144
-10.88 -26.74
-6.91 -26.87
-9.1 -15.96
0 0 0
-6.91 -26.87
5.58 -27.28
-9.1 -15.96
0 0 0
5.58 -27.28
13.74 -16.93
-9.1 -15.96
0 0 0
-16.14 -5.2
-16.25 -15.03
-9.1 -15.96
0 0 0
-13.11 -2.85
-16.14 -5.2
-9.1 -15.96
0 0 0
18.97 -30.72
21.08 -30.49
19.29 -21.59
0 0 0
13.96 -21.8
13.74 -16.93
5.58 -27.28
0 0 0
13.96 -21.8
18.97 -30.72
19.29 -21.59
0 0 0
20.78 -14.31
20.34 -6.21
18.3 -6.36
0 0 0
2.71 -37.68
2.7 -37.68
2.7 -43.65
0 0 0
-20.91 5.68
-13.11 -2.85
-16.14 15.55
0 0 0
2.66 25.7
-13.11 -2.85
2.69 25.7
0 0 0
-13.11 -2.85
2.66 25.7
-16.14 15.55
0 0 0
2.66 25.7
-6.87 25.7
-16.14 15.55
0 0 0
2.66 25.7
2.69 25.7
2.66 43.65
0 0 0
20.47 -0.56
-13.11 -2.85
18.3 -6.36
0 0 0
-13.11 -2.85
20.47 -0.56
2.69 25.7
0 0 0
20.47 -0.56
13.23 25.7
2.69 25.7
0 0 0
8.08 -27.36
13.96 -21.8
5.58 -27.28
0 0 0
13.96 -21.8
8.08 -27.36
18.97 -30.72
0 0 0
15.49 -12.88
20.78 -14.31
18.3 -6.36
0 0 0
13.74 -16.93
15.49 -12.88
-9.1 -15.96
0 0 0
15.49 -12.88
-13.11 -2.85
-9.1 -15.96
0 0 0
-13.11 -2.85
15.49 -12.88
18.3 -6.36
0 0 0
4.93 -33.7
2.7 -37.68
2.71 -37.68
0 0 0
7.76 -36.56
4.93 -33.7
2.71 -37.68
0 0 0
18.97 -30.72
9.49 -34.99
19.76 -34.99
0 0 0
-20.91 5.68
-18.48 0.14
-13.11 -2.85
0 0 0
24.55 0.15
20.47 -0.56
20.77 -0.63
0 0 0
20.47 -0.56
24.55 0.15
13.23 25.7
0 0 0
4.93 -33.7
-3.95 -34.64
2.7 -37.68
0 0 0
2.7 -37.68
-3.95 -34.64
-3.5 -39.05
0 0 0
-6.12 -34.87
-3.95 -34.64
-6.91 -26.87
0 0 0
-6.91 -26.87
-3.95 -34.64
5.58 -27.28
0 0 0
-3.95 -34.64
4.93 -33.7
5.58 -27.28
0 0 0
-18.48 0.14
-18.48 0.14
-32.48 0.14
0 0 0
-18.48 0.14
-18.48 0.14
-13.11 -2.85
0 0 0
24.69 -0.17
24.55 0.15
20.77 -0.63
0 0 0
24.55 0.15
24.55 0.15
20.77 -0.63
0 0 0
24.55 0.15
24.55 0.15
32.48 0.15
0 0 0
4.93 -33.7
7.03 -33.48
5.58 -27.28
0 0 0
9.49 -31.72
9.49 -34.99
18.97 -30.72
0 0 0
8.08 -27.36
9.49 -31.72
18.97 -30.72
0 0 0
8.68 -31.8
9.49 -31.72
8.08 -27.36
0 0 0
-14.84 -2.85
-18.48 0.14
-16.14 -5.2
0 0 0
-18.48 0.14
-14.84 -2.85
-13.11 -2.85
0 0 0
-5.24 -33.56
0.66 -27.12
-5.67 -26.91
50 98 118
5.38 -32.7
2.21 -27.17
-3.92 -33.8
64 118 137
4.15 -27.23
2.21 -27.17
5.38 -32.7
64 118 137
-2.55 -37.95
3.74 -34.04
-2.83 -34.68
218 188 155
3.74 -34.04
-2.55 -37.95
5.73 -36.12
218 188 155
12.53 -1.24
11.85 12.46
-0.52 -12.2
218 188 155
11.18 -7.28
12.53 -1.24
-0.52 -12.2
218 188 155
19.01 -13.21
17.71 -7.74
15.7 -12.38
188 74 75
18.68 -7.67
17.71 -7.74
19.01 -13.21
188 74 75
12.76 -21.85
10.54 -16.12
8.78 -22.02
171 44 44
12.43 -16.61
10.54 -16.12
12.76 -21.85
171 44 44
7.93 -26.2
7.48 -22.88
1.68 -26.04
171 44 44
7.48 -22.88
4.69 -20.77
1.68 -26.04
171 44 44
9.81 -13.42
10.41 -10.71
8.95 -13.29
171 44 44
7.77 -13.1
9.86 -9.45
3.63 -12.47
173 60 71
-7.17 -16.2
-3.64 -13.72
-6.77 -13.12
173 60 71
-7.17 -16.2
-7.65 -16.14
-8.14 -18.8
173 60 71
-7.17 -16.2
2.63 -19.21
-3.64 -13.72
173 60 71
2.63 -19.21
-7.17 -16.2
-8.14 -18.8
173 60 71
2.27 -22.71
2.67 -19.86
-8.14 -18.8
173 60 71
2.67 -19.86
2.63 -19.21
-8.14 -18.8
173 60 71
2.67 -19.86
2.27 -22.71
3.78 -20.08
173 60 71
2.63 -19.21
2.67 -19.86
3.78 -20.08
173 60 71
0.41 -25.95
-8.49 -19.73
-9.41 -25.54
199 88 88
-8.49 -19.73
0.41 -25.95
1.71 -23.68
199 88 88
2.39 -15.23
9.48 -14.87
2.28 -13.53
194 93 94
9.28 -15.78
2.94 -18.26
7.64 -21.73
194 93 94
2.39 -15.23
9.28 -15.78
9.48 -14.87
194 93 94
9.28 -15.78
2.39 -15.23
2.94 -18.26
194 93 94
9.31 -15.79
9.28 -15.78
7.64 -21.73
194 93 94
1.66 -17.49
-0.3 -14.36
-2.01 -14.04
237 183 189
1.42 -13.54
-0.3 -14.36
1.66 -17.49
237 183 189
13.97 1.34
22.29 1.08
12.22 23.7
168 107 173
11.86 13.47
-7.01 23.1
-14.39 14.68
158 96 162
11.39 23.7
-7.01 23.1
11.86 13.47
158 96 162
-6.5 13.33
3.76 -0.17
9.99 12.29
125 64 125
-10.55 0.13
3.76 -0.17
-6.5 13.33
125 64 125
-12.28 0.38
-6.5 13.33
-13.93 0.21
125 64 125
-12.28 0.38
-10.55 0.13
-6.5 13.33
125 64 125
-12.33 0.17
-12.28 0.38
-13.93 0.21
125 64 125
-16.24 -1.1
-7.71 13.7
-18.95 5.08
164 102 170
-7.71 13.7
-14.46 14.22
-18.95 5.08
164 102 170
-2.02 -12.26
-5.22 -1.13
-6.57 -11.56
220 181 143
-5.22 -1.13
-2.02 -12.26
3.43 -1.27
220 181 143
-8.86 -14.13
-10.87 -0.96
-14.25 -13.28
133 78 120
-10.87 -0.96
-8.86 -14.13
-7.04 -1.52
133 78 120
12.96 -15.21
13.94 -0.52
10.85 -14.65
129 61 126
13.94 -0.52
12.96 -15.21
18.54 -1.71
129 61 126
9.59 -30.49
17.91 -22.93
8.68 -22.63
36 81 109
17.91 -22.93
9.59 -30.49
19.47 -29.67
36 81 109
10.56 -33.77
17.68 -30.93
10.51 -31.46
214 179 144
17.68 -30.93
10.56 -33.77
18.43 -33.77
214 179 144
