-0.33 -22.45
14.38 -4.41
-13.01 -3.6
0 0 0
14.38 -4.41
-15.57 9.23
-13.01 -3.6
0 0 0
-15.57 9.23
-18.02 27.63
-22.8 17.76
0 0 0
-15.57 9.23
-8.75 37.78
-18.02 27.63
0 0 0
18.42 11.51
-15.57 9.23
14.38 -4.41
0 0 0
16.15 -4.41
18.42 11.51
14.38 -4.41
0 0 0
11.35 37.78
18.42 11.51
22.8 11.91
0 0 0
-8.75 37.78
18.42 11.51
11.35 37.78
0 0 0
18.42 11.51
-8.75 37.78
-15.57 9.23
0 0 0
-16.73 9.23
-15.57 9.23
-22.8 17.76
0 0 0
-0.03 -33.55
-1.87 -30.76
-11.55 -33.79
0 0 0
-12.49 -17.87
-0.33 -22.45
-13.01 -3.6
0 0 0
-12.49 -17.87
-12.31 -20.71
-0.33 -22.45
0 0 0
-12.49 -17.87
-12.88 -20.69
-12.31 -20.71
0 0 0
-0.33 -22.45
14.9 -5.66
14.38 -4.41
0 0 0
12.12 -19.03
14.9 -5.66
-0.33 -22.45
0 0 0
-15.57 9.23
-18.02 6.89
-13.01 -3.6
0 0 0
-18.02 6.89
-16.73 9.23
-22.8 17.76
0 0 0
-12.31 -20.71
-11.15 -29.49
-0.33 -22.45
0 0 0
-11.15 -29.49
-1.87 -30.76
-0.33 -22.45
0 0 0
-13.54 -29.16
-11.15 -29.49
-12.31 -20.71
0 0 0
-1.87 -30.76
-11.15 -29.49
-11.55 -33.79
0 0 0
-14.7 -5.85
-12.49 -17.87
-13.01 -3.6
0 0 0
-12.49 -17.87
-14.7 -5.85
-20.42 -13.44
0 0 0
19.27 -16.23
14.9 -5.66
12.12 -19.03
0 0 0
19.27 -16.23
14.9 -5.66
14.9 -5.66
0 0 0
11.64 -21.64
12.12 -19.03
-0.33 -22.45
0 0 0
-0.44 -30.96
0.74 -30.41
-1.87 -30.76
0 0 0
-1.87 -30.76
0.74 -30.41
-0.33 -22.45
0 0 0
0.74 -30.41
1.55 -30.32
-0.33 -22.45
0 0 0
-18.02 6.89
-17.16 -3.6
-13.01 -3.6
0 0 0
11.64 -21.64
11.03 -29.32
13.14 -29.1
0 0 0
1.55 -30.32
11.03 -29.32
-0.33 -22.45
0 0 0
11.03 -29.32
11.64 -21.64
-0.33 -22.45
0 0 0
11.03 -29.32
1.55 -33.61
11.82 -33.61
0 0 0
1.55 -33.61
11.03 -29.32
1.55 -30.32
0 0 0
11.64 -21.64
12.22 -21.66
12.12 -19.03
0 0 0
-14.7 -5.85
-14.7 -5.85
-13.01 -3.6
0 0 0
-12.31 -16.62
-11.48 -10.65
-18.32 -13.13
194 93 94
-11.48 -10.65
-13.96 -6.95
-18.32 -13.13
194 93 94
-11.3 -9.36
-10.5 -3.6
-13.39 -6.25
237 183 189
-10.5 -3.6
-11.52 -3.6
-13.39 -6.25
237 183 189
11.5 -3.03
11.42 -0.63
11.41 -0.6
237 183 189
11.75 -9.57
13.95 -6.84
11.56 -4.41
237 183 189
13.95 -6.84
12.96 -4.41
11.56 -4.41
237 183 189
17.35 -15.11
14.51 -8.13
11.86 -12.27
188 74 75
11.88 -12.86
17.35 -15.11
11.86 -12.27
188 74 75
11.88 -12.86
12.2 -17.17
17.35 -15.11
188 74 75
11.05 -20.2
9.88 1.31
-0.32 -19.87
171 44 44
0.26 -15.94
-2.19 -2.28
-10.14 -11.31
173 60 71
-2.19 -2.28
0.26 -15.94
9.27 2.65
173 60 71
-2.19 -2.28
-8.0 -3.6
-10.14 -11.31
173 60 71
-8.0 -1.16
-8.0 -3.6
-2.19 -2.28
173 60 71
-8.0 -3.6
-8.94 -3.6
-10.14 -11.31
173 60 71
-9.29 -19.37
-10.49 -12.41
-11.38 -19.06
199 88 88
-10.49 -12.41
-9.29 -19.37
-0.3 -17.09
199 88 88
-9.29 -19.37
-1.59 -19.76
-0.3 -17.09
199 88 88
10.91 5.48
9.97 24.54
-2.4 -0.11
218 188 155
-1.92 -32.71
-3.48 -30.28
-10.4 -32.89
218 188 155
-3.48 -30.28
-10.05 -29.64
-10.4 -32.89
218 188 155
-3.9 -0.18
-8.7 10.98
-8.75 0.57
220 181 143
-8.7 10.98
-3.9 -0.18
1.55 10.81
220 181 143
-9.94 -1.76
-13.62 11.04
-15.4 -1.61
133 78 120
-13.62 11.04
-9.94 -1.76
-9.75 10.98
133 78 120
14.97 -2.82
16.94 12.64
12.19 12.62
129 61 126
12.79 -2.82
14.97 -2.82
12.19 12.62
129 61 126
-1.96 -21.17
-10.88 -19.79
-12.37 -28.11
50 98 118
-1.85 -29.81
-1.69 -22.43
-11.15 -28.66
64 118 137
1.65 -29.1
9.97 -21.54
0.74 -21.24
36 81 109
9.97 -21.54
1.65 -29.1
11.53 -28.28
36 81 109
2.62 -32.38
9.74 -29.54
2.57 -30.07
214 179 144
9.74 -29.54
2.62 -32.38
10.49 -32.38
214 179 144
12.09 13.42
20.41 13.16
10.34 35.78
168 107 173
9.98 25.55
-8.9 35.18
-16.28 26.75
158 96 162
9.51 35.78
-8.9 35.18
9.98 25.55
158 96 162
1.88 11.91
-8.38 25.41
-15.81 12.29
125 64 125
-8.38 25.41
1.88 11.91
8.11 24.37
125 64 125
-18.12 10.98
-9.59 25.78
-20.83 17.16
164 102 170
-9.59 25.78
-16.34 26.3
-20.83 17.16
164 102 170
-0.33 -22.51
14.38 -4.41
-13.02 -3.6
0 0 0
14.38 -4.41
-15.57 9.24
-13.02 -3.6
0 0 0
-15.57 9.24
-18.03 27.64
-22.8 17.77
0 0 0
-15.57 9.24
-8.76 37.79
-18.03 27.64
0 0 0
18.41 11.52
-15.57 9.24
14.38 -4.41
0 0 0
16.14 -4.41
18.41 11.52
14.38 -4.41
0 0 0
11.34 37.79
18.41 11.52
22.8 11.91
0 0 0
-8.76 37.79
18.41 11.52
11.34 37.79
0 0 0
18.41 11.52
-8.76 37.79
-15.57 9.24
0 0 0
-16.73 9.24
-15.57 9.24
-22.8 17.77
0 0 0
-0.03 -33.54
-1.86 -30.76
-11.56 -33.79
0 0 0
-12.49 -17.86
-0.33 -22.51
-13.02 -3.6
0 0 0
-12.49 -17.86
-12.32 -20.71
-0.33 -22.51
0 0 0
-12.49 -17.86
-12.88 -20.69
-12.32 -20.71
0 0 0
-0.33 -22.51
14.9 -5.65
14.38 -4.41
0 0 0
12.12 -19.03
14.9 -5.65
-0.33 -22.51
0 0 0
-15.57 9.24
-18.03 6.89
-13.02 -3.6
0 0 0
-18.03 6.89
-16.73 9.24
-22.8 17.77
0 0 0
-12.32 -20.71
-11.16 -29.48
-0.33 -22.51
0 0 0
-11.16 -29.48
-1.86 -30.76
-0.33 -22.51
0 0 0
-13.54 -29.15
-11.16 -29.48
-12.32 -20.71
0 0 0
-1.86 -30.76
-11.16 -29.48
-11.56 -33.79
0 0 0
-14.7 -5.84
-12.49 -17.86
-13.02 -3.6
0 0 0
-12.49 -17.86
-14.7 -5.84
-20.42 -13.44
0 0 0
19.26 -16.22
14.9 -5.65
12.12 -19.03
0 0 0
19.26 -16.22
14.9 -5.65
14.9 -5.65
0 0 0
11.63 -21.63
12.12 -19.03
-0.33 -22.51
0 0 0
-0.44 -30.96
0.73 -30.4
-1.86 -30.76
0 0 0
-1.86 -30.76
0.73 -30.4
-0.33 -22.51
0 0 0
0.73 -30.4
1.54 -30.32
-0.33 -22.51
0 0 0
-18.03 6.89
-17.16 -3.6
-13.02 -3.6
0 0 0
11.63 -21.63
11.02 -29.32
13.14 -29.1
0 0 0
1.54 -30.32
11.02 -29.32
-0.33 -22.51
0 0 0
11.02 -29.32
11.63 -21.63
-0.33 -22.51
0 0 0
11.02 -29.32
1.54 -33.6
11.81 -33.6
0 0 0
1.54 -33.6
11.02 -29.32
1.54 -30.32
0 0 0
11.63 -21.63
12.22 -21.65
12.12 -19.03
0 0 0
-14.7 -5.84
-14.7 -5.84
-13.02 -3.6
0 0 0
-12.32 -16.62
-11.49 -10.64
-18.33 -13.13
194 93 94
-11.49 -10.64
-13.97 -6.94
-18.33 -13.13
194 93 94
-11.31 -9.34
-10.51 -3.6
-13.39 -6.24
237 183 189
-10.51 -3.6
-11.53 -3.6
-13.39 -6.24
237 183 189
11.49 -2.74
11.42 -0.63
11.41 -0.61
237 183 189
11.75 -9.56
13.94 -6.84
11.56 -4.41
237 183 189
13.94 -6.84
12.96 -4.41
11.56 -4.41
237 183 189
17.35 -15.1
14.51 -8.13
11.86 -12.25
188 74 75
11.89 -13.08
17.35 -15.1
11.86 -12.25
188 74 75
11.89 -13.08
12.2 -17.16
17.35 -15.1
188 74 75
11.04 -20.2
9.87 1.31
-0.33 -19.87
171 44 44
0.26 -15.93
-2.19 -2.27
-10.14 -11.3
173 60 71
-2.19 -2.27
0.26 -15.93
9.26 2.66
173 60 71
-2.19 -2.27
-8.0 -3.6
-10.14 -11.3
173 60 71
-8.0 -1.15
-8.0 -3.6
-2.19 -2.27
173 60 71
-8.0 -3.6
-8.95 -3.6
-10.14 -11.3
173 60 71
-9.21 -19.37
-10.5 -12.4
-11.39 -19.05
199 88 88
-10.5 -12.4
-9.21 -19.37
-0.3 -17.08
199 88 88
-9.21 -19.37
-1.6 -19.76
-0.3 -17.08
199 88 88
10.9 5.48
9.96 24.54
-2.41 -0.11
218 188 155
-1.93 -32.7
-3.48 -30.27
-10.41 -32.88
218 188 155
-3.48 -30.27
-10.05 -29.63
-10.41 -32.88
218 188 155
-3.91 -0.18
-8.71 10.98
-8.76 0.57
220 181 143
-8.71 10.98
-3.91 -0.18
1.54 10.81
220 181 143
-9.95 -1.76
-13.63 11.04
-15.41 -1.61
133 78 120
-13.63 11.04
-9.95 -1.76
-9.76 10.98
133 78 120
14.96 -2.82
16.93 12.64
12.18 12.62
129 61 126
12.78 -2.82
14.96 -2.82
12.18 12.62
129 61 126
-1.96 -21.16
-10.88 -19.79
-12.38 -28.1
50 98 118
-1.86 -29.81
-1.7 -22.42
-11.16 -28.65
64 118 137
1.64 -29.1
9.96 -21.54
0.73 -21.24
36 81 109
9.96 -21.54
1.64 -29.1
11.52 -28.28
36 81 109
2.61 -32.38
9.73 -29.54
2.56 -30.07
214 179 144
9.73 -29.54
2.61 -32.38
10.48 -32.38
214 179 144
12.08 13.42
20.4 13.16
10.33 35.78
168 107 173
9.97 25.55
-8.9 35.19
-16.28 26.76
158 96 162
9.5 35.78
-8.9 35.19
9.97 25.55
158 96 162
1.87 11.91
-8.39 25.41
-15.82 12.29
125 64 125
-8.39 25.41
1.87 11.91
8.1 24.37
125 64 125
-18.13 10.98
-9.6 25.78
-20.84 17.16
164 102 170
-9.6 25.78
-16.35 26.3
-20.84 17.16
164 102 170
-0.33 -22.51
14.38 -4.41
-13.02 -3.6
0 0 0
14.38 -4.41
-15.57 9.23
-13.02 -3.6
0 0 0
-15.57 9.23
-18.03 27.63
-22.8 17.76
0 0 0
-15.57 9.23
-8.76 37.78
-18.03 27.63
0 0 0
18.41 11.51
-15.57 9.23
14.38 -4.41
0 0 0
16.14 -4.41
18.41 11.51
14.38 -4.41
0 0 0
11.34 37.78
18.41 11.51
22.8 11.91
0 0 0
-8.76 37.78
18.41 11.51
11.34 37.78
0 0 0
18.41 11.51
-8.76 37.78
-15.57 9.23
0 0 0
-16.73 9.23
-15.57 9.23
-22.8 17.76
0 0 0
-0.03 -33.54
-1.87 -30.76
-11.56 -33.79
0 0 0
-12.49 -17.86
-0.33 -22.51
-13.02 -3.6
0 0 0
-12.49 -17.86
-12.31 -20.71
-0.33 -22.51
0 0 0
-12.49 -17.86
-12.88 -20.69
-12.31 -20.71
0 0 0
-0.33 -22.51
14.9 -5.66
14.38 -4.41
0 0 0
12.12 -19.03
14.9 -5.66
-0.33 -22.51
0 0 0
-15.57 9.23
-18.03 6.89
-13.02 -3.6
0 0 0
-18.03 6.89
-16.73 9.23
-22.8 17.76
0 0 0
-12.31 -20.71
-11.16 -29.49
-0.33 -22.51
0 0 0
-11.16 -29.49
-1.87 -30.76
-0.33 -22.51
0 0 0
-13.54 -29.16
-11.16 -29.49
-12.31 -20.71
0 0 0
-1.87 -30.76
-11.16 -29.49
-11.56 -33.79
0 0 0
-14.7 -5.85
-12.49 -17.86
-13.02 -3.6
0 0 0
-12.49 -17.86
-14.7 -5.85
-20.42 -13.44
0 0 0
19.26 -16.23
14.9 -5.66
12.12 -19.03
0 0 0
19.26 -16.23
14.9 -5.66
14.9 -5.66
0 0 0
11.63 -21.64
12.12 -19.03
-0.33 -22.51
0 0 0
-0.44 -30.96
0.73 -30.41
-1.87 -30.76
0 0 0
-1.87 -30.76
0.73 -30.41
-0.33 -22.51
0 0 0
0.73 -30.41
1.54 -30.32
-0.33 -22.51
0 0 0
-18.03 6.89
-17.16 -3.6
-13.02 -3.6
0 0 0
11.63 -21.64
11.02 -29.32
13.14 -29.1
0 0 0
1.54 -30.32
11.02 -29.32
-0.33 -22.51
0 0 0
11.02 -29.32
11.63 -21.64
-0.33 -22.51
0 0 0
11.02 -29.32
1.54 -33.61
11.81 -33.61
0 0 0
1.54 -33.61
11.02 -29.32
1.54 -30.32
0 0 0
11.63 -21.64
12.22 -21.66
12.12 -19.03
0 0 0
-14.7 -5.85
-14.7 -5.85
-13.02 -3.6
0 0 0
-12.32 -16.62
-11.49 -10.64
-18.33 -13.13
194 93 94
-11.49 -10.64
-13.97 -6.94
-18.33 -13.13
194 93 94
-11.31 -9.35
-10.51 -3.6
-13.39 -6.25
237 183 189
-10.51 -3.6
-11.53 -3.6
-13.39 -6.25
237 183 189
11.49 -2.77
11.42 -0.63
11.41 -0.61
237 183 189
11.75 -9.57
13.95 -6.84
11.56 -4.41
237 183 189
13.95 -6.84
12.96 -4.41
11.56 -4.41
237 183 189
17.35 -15.11
14.51 -8.13
11.86 -12.26
188 74 75
11.89 -13.1
17.35 -15.11
11.86 -12.26
188 74 75
11.89 -13.1
12.2 -17.17
17.35 -15.11
188 74 75
11.04 -20.2
9.87 1.31
-0.33 -19.87
171 44 44
0.26 -15.94
-2.19 -2.28
-10.14 -11.31
173 60 71
-2.19 -2.28
0.26 -15.94
9.26 2.65
173 60 71
-2.19 -2.28
-8.0 -3.6
-10.14 -11.31
173 60 71
-8.0 -1.16
-8.0 -3.6
-2.19 -2.28
173 60 71
-8.0 -3.6
-8.95 -3.6
-10.14 -11.31
173 60 71
-9.28 -19.37
-10.5 -12.41
-11.39 -19.06
199 88 88
-10.5 -12.41
-9.28 -19.37
-0.3 -17.09
199 88 88
-9.28 -19.37
-1.6 -19.76
-0.3 -17.09
199 88 88
10.9 5.48
9.96 24.54
-2.41 -0.11
218 188 155
-1.93 -32.71
-3.48 -30.28
-10.41 -32.89
218 188 155
-3.48 -30.28
-10.05 -29.64
-10.41 -32.89
218 188 155
-3.91 -0.18
-8.71 10.98
-8.76 0.57
220 181 143
-8.71 10.98
-3.91 -0.18
1.54 10.81
220 181 143
-9.95 -1.76
-13.63 11.04
-15.41 -1.61
133 78 120
-13.63 11.04
-9.95 -1.76
-9.76 10.98
133 78 120
14.96 -2.82
16.93 12.64
12.18 12.62
129 61 126
12.78 -2.82
14.96 -2.82
12.18 12.62
129 61 126
-1.96 -21.17
-10.88 -19.79
-12.38 -28.11
50 98 118
-1.86 -29.81
-1.7 -22.43
-11.16 -28.66
64 118 137
1.64 -29.1
9.96 -21.54
0.73 -21.24
36 81 109
9.96 -21.54
1.64 -29.1
11.52 -28.28
36 81 109
2.61 -32.38
9.73 -29.54
2.56 -30.07
214 179 144
9.73 -29.54
2.61 -32.38
10.48 -32.38
214 179 144
12.08 13.42
20.4 13.16
10.33 35.78
168 107 173
9.97 25.55
-8.9 35.19
-16.28 26.76
158 96 162
9.5 35.78
-8.9 35.19
9.97 25.55
158 96 162
1.87 11.91
-8.39 25.41
-15.82 12.29
125 64 125
-8.39 25.41
1.87 11.91
8.1 24.37
125 64 125
-18.13 10.98
-9.6 25.78
-20.84 17.16
164 102 170
-9.6 25.78
-16.35 26.3
-20.84 17.16
164 102 170
-0.33 -22.51
14.39 -4.41
-13.02 -3.6
0 0 0
14.39 -4.41
-15.57 9.24
-13.02 -3.6
0 0 0
-15.57 9.24
-18.02 27.64
-22.8 17.77
0 0 0
-15.57 9.24
-8.75 37.79
-18.02 27.64
0 0 0
-0.33 -22.51
12.12 -19.03
14.39 -4.41
0 0 0
18.41 11.52
-15.57 9.24
14.39 -4.41
0 0 0
16.15 -4.41
18.41 11.52
14.39 -4.41
0 0 0
11.35 37.79
18.41 11.52
22.81 11.91
0 0 0
-8.75 37.79
18.41 11.52
11.35 37.79
0 0 0
18.41 11.52
-8.75 37.79
-15.57 9.24
0 0 0
-16.72 9.24
-15.57 9.24
-22.8 17.77
0 0 0
-0.03 -33.54
-1.86 -30.76
-11.55 -33.79
0 0 0
-12.48 -17.86
-0.33 -22.51
-13.02 -3.6
0 0 0
-12.48 -17.86
-12.32 -20.71
-0.33 -22.51
0 0 0
-12.48 -17.86
-12.87 -20.69
-12.32 -20.71
0 0 0
12.12 -19.03
15.39 -6.85
14.39 -4.41
0 0 0
-15.57 9.24
-18.02 6.89
-13.02 -3.6
0 0 0
-18.02 6.89
-16.72 9.24
-22.8 17.77
0 0 0
-12.32 -20.71
-11.15 -29.48
-0.33 -22.51
0 0 0
-11.15 -29.48
-1.86 -30.76
-0.33 -22.51
0 0 0
-13.54 -29.15
-11.15 -29.48
-12.32 -20.71
0 0 0
-1.86 -30.76
-11.15 -29.48
-11.55 -33.79
0 0 0
-14.69 -5.84
-12.48 -17.86
-13.02 -3.6
0 0 0
-12.48 -17.86
-14.69 -5.84
-20.41 -13.44
0 0 0
11.63 -21.63
12.12 -19.03
-0.33 -22.51
0 0 0
15.39 -6.85
15.4 -6.84
14.39 -4.41
0 0 0
-0.43 -30.96
0.74 -30.4
-1.86 -30.76
0 0 0
-1.86 -30.76
0.74 -30.4
-0.33 -22.51
0 0 0
0.74 -30.4
1.55 -30.32
-0.33 -22.51
0 0 0
-18.02 6.89
-17.15 -3.6
-13.02 -3.6
0 0 0
11.63 -21.63
11.02 -29.32
13.14 -29.1
0 0 0
1.55 -30.32
11.02 -29.32
-0.33 -22.51
0 0 0
11.02 -29.32
11.63 -21.63
-0.33 -22.51
0 0 0
11.02 -29.32
1.55 -33.6
11.82 -33.6
0 0 0
1.55 -33.6
11.02 -29.32
1.55 -30.32
0 0 0
19.27 -16.22
15.39 -6.85
12.12 -19.03
0 0 0
-14.69 -5.84
-14.69 -5.84
-13.02 -3.6
0 0 0
11.63 -21.63
12.22 -21.65
12.12 -19.03
0 0 0
-12.31 -16.62
-11.48 -10.64
-18.32 -13.13
194 93 94
-11.48 -10.64
-13.96 -6.94
-18.32 -13.13
194 93 94
-11.3 -9.34
-10.5 -3.6
-13.38 -6.24
237 183 189
-10.5 -3.6
-11.53 -3.6
-13.38 -6.24
237 183 189
11.53 -3.6
11.42 -0.63
11.41 -0.6
237 183 189
11.75 -9.56
13.95 -6.83
11.56 -4.41
237 183 189
13.95 -6.83
12.96 -4.41
11.56 -4.41
237 183 189
17.36 -15.1
14.52 -8.13
11.86 -12.26
188 74 75
11.88 -12.9
17.36 -15.1
11.86 -12.26
188 74 75
11.88 -12.9
12.21 -17.16
17.36 -15.1
188 74 75
11.05 -20.2
9.88 1.31
-0.32 -19.87
171 44 44
0.27 -15.93
-2.18 -2.27
-10.13 -11.3
173 60 71
-2.18 -2.27
0.27 -15.93
9.26 2.66
173 60 71
-2.18 -2.27
-8.0 -3.6
-10.13 -11.3
173 60 71
-8.0 -1.15
-8.0 -3.6
-2.18 -2.27
173 60 71
-8.0 -3.6
-8.95 -3.6
-10.13 -11.3
173 60 71
-9.21 -19.37
-10.49 -12.4
-11.39 -19.05
199 88 88
-10.49 -12.4
-9.21 -19.37
-0.29 -17.08
199 88 88
-9.21 -19.37
-1.59 -19.76
-0.29 -17.08
199 88 88
10.91 5.48
9.97 24.54
-2.4 -0.11
218 188 155
-1.92 -32.7
-3.47 -30.27
-10.4 -32.88
218 188 155
-3.47 -30.27
-10.04 -29.63
-10.4 -32.88
218 188 155
-3.9 -0.18
-8.7 10.98
-8.75 0.57
220 181 143
-8.7 10.98
-3.9 -0.18
1.55 10.81
220 181 143
-9.94 -1.76
-13.62 11.04
-15.4 -1.61
133 78 120
-13.62 11.04
-9.94 -1.76
-9.75 10.98
133 78 120
14.97 -2.82
16.94 12.64
12.19 12.62
129 61 126
12.79 -2.82
14.97 -2.82
12.19 12.62
129 61 126
-1.95 -21.16
-10.88 -19.79
-12.37 -28.1
50 98 118
-1.85 -29.81
-1.69 -22.42
-11.15 -28.65
64 118 137
1.65 -29.1
9.97 -21.54
0.74 -21.24
36 81 109
9.97 -21.54
1.65 -29.1
11.53 -28.28
36 81 109
2.62 -32.38
9.74 -29.54
2.57 -30.07
214 179 144
9.74 -29.54
2.62 -32.38
10.49 -32.38
214 179 144
12.09 13.42
20.41 13.16
10.34 35.78
168 107 173
9.98 25.55
-8.89 35.19
-16.27 26.76
158 96 162
9.51 35.78
-8.89 35.19
9.98 25.55
158 96 162
1.88 11.91
-8.38 25.41
-15.81 12.29
125 64 125
-8.38 25.41
1.88 11.91
8.11 24.37
125 64 125
-18.12 10.98
-9.59 25.78
-20.83 17.16
164 102 170
-9.59 25.78
-16.34 26.3
-20.83 17.16
164 102 170
-0.33 -22.45
14.38 -4.41
-13.01 -3.6
0 0 0
14.38 -4.41
-15.57 9.24
-13.01 -3.6
0 0 0
-15.57 9.24
-18.02 27.64
-22.8 17.76
0 0 0
-15.57 9.24
-8.75 37.78
-18.02 27.64
0 0 0
18.42 11.52
-15.57 9.24
14.38 -4.41
0 0 0
16.15 -4.41
18.42 11.52
14.38 -4.41
0 0 0
11.35 37.78
18.42 11.52
22.8 11.91
0 0 0
-8.75 37.78
18.42 11.52
11.35 37.78
0 0 0
18.42 11.52
-8.75 37.78
-15.57 9.24
0 0 0
-16.72 9.24
-15.57 9.24
-22.8 17.76
0 0 0
-0.03 -33.54
-1.87 -30.76
-11.55 -33.79
0 0 0
-12.49 -17.86
-0.33 -22.45
-13.01 -3.6
0 0 0
-12.49 -17.86
-12.31 -20.71
-0.33 -22.45
0 0 0
-12.49 -17.86
-12.88 -20.69
-12.31 -20.71
0 0 0
-0.33 -22.45
14.9 -5.66
14.38 -4.41
0 0 0
12.12 -19.03
14.9 -5.66
-0.33 -22.45
0 0 0
-15.57 9.24
-18.02 6.89
-13.01 -3.6
0 0 0
-18.02 6.89
-16.72 9.24
-22.8 17.76
0 0 0
-12.31 -20.71
-11.15 -29.49
-0.33 -22.45
0 0 0
-11.15 -29.49
-1.87 -30.76
-0.33 -22.45
0 0 0
-13.54 -29.16
-11.15 -29.49
-12.31 -20.71
0 0 0
-1.87 -30.76
-11.15 -29.49
-11.55 -33.79
0 0 0
-14.21 -5.2
-12.49 -17.86
-13.01 -3.6
0 0 0
-12.49 -17.86
-14.21 -5.2
-20.42 -13.44
0 0 0
19.27 -16.22
14.9 -5.66
12.12 -19.03
0 0 0
19.27 -16.22
14.9 -5.66
14.9 -5.66
0 0 0
11.64 -21.63
12.12 -19.03
-0.33 -22.45
0 0 0
-0.44 -30.96
0.74 -30.41
-1.87 -30.76
0 0 0
-1.87 -30.76
0.74 -30.41
-0.33 -22.45
0 0 0
0.74 -30.41
1.55 -30.32
-0.33 -22.45
0 0 0
-18.02 6.89
-17.16 -3.6
-13.01 -3.6
0 0 0
11.64 -21.63
11.03 -29.32
13.14 -29.1
0 0 0
1.55 -30.32
11.03 -29.32
-0.33 -22.45
0 0 0
11.03 -29.32
11.64 -21.63
-0.33 -22.45
0 0 0
11.03 -29.32
1.55 -33.6
11.82 -33.6
0 0 0
1.55 -33.6
11.03 -29.32
1.55 -30.32
0 0 0
11.64 -21.63
12.22 -21.65
12.12 -19.03
0 0 0
-12.31 -16.62
-11.48 -10.64
-18.32 -13.13
194 93 94
-11.48 -10.64
-13.96 -6.94
-18.32 -13.13
194 93 94
-11.3 -9.36
-10.5 -3.6
-13.39 -6.24
237 183 189
-10.5 -3.6
-11.53 -3.6
-13.39 -6.24
237 183 189
11.5 -2.95
11.42 -0.61
11.41 -0.58
237 183 189
11.76 -9.57
13.95 -6.84
11.56 -4.41
237 183 189
13.95 -6.84
12.97 -4.41
11.56 -4.41
237 183 189
17.36 -15.11
14.51 -8.13
11.86 -12.27
188 74 75
11.88 -12.84
17.36 -15.11
11.86 -12.27
188 74 75
11.88 -12.84
12.21 -17.17
17.36 -15.11
188 74 75
11.05 -20.2
9.88 1.31
-0.32 -19.87
171 44 44
0.27 -15.93
-2.19 -2.28
-10.14 -11.3
173 60 71
-2.19 -2.28
0.27 -15.93
9.26 2.65
173 60 71
-2.19 -2.28
-8.0 -3.6
-10.14 -11.3
173 60 71
-8.0 -1.16
-8.0 -3.6
-2.19 -2.28
173 60 71
-8.0 -3.6
-8.95 -3.6
-10.14 -11.3
173 60 71
-9.29 -19.37
-10.49 -12.41
-11.38 -19.06
199 88 88
-10.49 -12.41
-9.29 -19.37
-0.3 -17.08
199 88 88
-9.29 -19.37
-1.59 -19.76
-0.3 -17.08
199 88 88
10.91 5.48
9.97 24.54
-2.4 -0.11
218 188 155
-1.92 -32.7
-3.48 -30.27
-10.4 -32.89
218 188 155
-3.48 -30.27
-10.05 -29.64
-10.4 -32.89
218 188 155
-3.9 -0.18
-8.7 10.98
-8.75 0.57
220 181 143
-8.7 10.98
-3.9 -0.18
1.55 10.81
220 181 143
-9.94 -1.76
-13.62 11.04
-15.4 -1.61
133 78 120
-13.62 11.04
-9.94 -1.76
-9.75 10.98
133 78 120
14.97 -2.82
16.94 12.64
12.19 12.62
129 61 126
12.79 -2.82
14.97 -2.82
12.19 12.62
129 61 126
-1.96 -21.17
-10.88 -19.79
-12.37 -28.1
50 98 118
-1.85 -29.81
-1.69 -22.42
-11.15 -28.66
64 118 137
1.65 -29.1
9.97 -21.54
0.74 -21.24
36 81 109
9.97 -21.54
1.65 -29.1
11.53 -28.28
36 81 109
2.62 -32.38
9.74 -29.54
2.57 -30.07
214 179 144
9.74 -29.54
2.62 -32.38
10.49 -32.38
214 179 144
12.09 13.42
20.41 13.16
10.34 35.78
168 107 173
9.98 25.55
-8.89 35.19
-16.27 26.76
158 96 162
9.51 35.78
-8.89 35.19
9.98 25.55
158 96 162
1.88 11.91
-8.38 25.41
-15.81 12.29
125 64 125
-8.38 25.41
1.88 11.91
8.11 24.37
125 64 125
-18.12 10.98
-9.59 25.78
-20.83 17.16
164 102 170
-9.59 25.78
-16.34 26.3
-20.83 17.16
164 102 170
-16.67 4.99
-18.03 23.39
-22.8 13.52
0 0 0
-0.91 -23.64
11.55 -18.95
14.16 -5.65
0 0 0
11.34 33.54
18.92 7.32
22.8 7.67
0 0 0
11.99 -0.41
-16.67 4.99
-16.51 -7.27
0 0 0
-16.73 4.99
-16.67 4.99
-22.8 13.52
0 0 0
-0.77 -33.54
-2.6 -30.77
-12.29 -33.79
0 0 0
-12.66 -18.17
11.99 -0.41
-16.51 -7.27
0 0 0
-21.15 -13.43
-12.66 -18.17
-16.51 -7.27
0 0 0
11.55 -18.95
16.27 -9.49
14.16 -5.65
0 0 0
18.92 7.32
13.14 0.08
20.71 -8.33
0 0 0
-16.67 4.99
13.06 1.28
-18.03 23.39
0 0 0
11.99 -0.41
13.06 1.28
-16.67 4.99
0 0 0
13.06 1.28
-8.76 33.54
-18.03 23.39
0 0 0
-8.76 33.54
13.06 1.28
11.34 33.54
0 0 0
13.06 1.28
18.92 7.32
11.34 33.54
0 0 0
13.06 1.28
13.14 0.08
18.92 7.32
0 0 0
13.14 0.08
13.06 1.28
11.99 -0.41
0 0 0
-16.67 4.99
-18.03 2.65
-16.51 -7.27
0 0 0
-18.03 2.65
-21.31 -5.89
-16.51 -7.27
0 0 0
-18.03 2.65
-16.73 4.99
-22.8 13.52
0 0 0
-2.6 -30.77
-11.89 -29.49
-12.29 -33.79
0 0 0
18.53 -16.21
16.27 -9.49
11.55 -18.95
0 0 0
0.81 -30.32
10.29 -29.32
-0.91 -23.64
0 0 0
10.29 -29.32
0.81 -33.6
11.08 -33.6
0 0 0
0.81 -33.6
10.29 -29.32
0.81 -30.32
0 0 0
13.14 0.08
14.16 -5.65
20.71 -8.33
0 0 0
14.16 -5.65
16.27 -9.49
20.71 -8.33
0 0 0
-1.09 -23.63
-11.89 -29.49
-2.6 -30.77
0 0 0
-11.89 -29.49
-1.09 -23.63
-12.77 -18.96
0 0 0
-1.09 -23.63
-12.66 -18.17
-12.77 -18.96
0 0 0
-12.66 -18.17
-1.09 -23.63
11.99 -0.41
0 0 0
-1.09 -23.63
-0.91 -23.64
14.16 -5.65
0 0 0
11.99 -0.41
-1.09 -23.63
14.16 -5.65
0 0 0
-12.8 -18.96
-14.28 -29.16
-12.77 -18.96
0 0 0
-14.28 -29.16
-11.89 -29.49
-12.77 -18.96
0 0 0
0.0 -30.41
0.81 -30.32
-0.91 -23.64
0 0 0
-1.18 -30.96
0.0 -30.41
-2.6 -30.77
0 0 0
0.0 -30.41
-1.09 -23.63
-2.6 -30.77
0 0 0
11.4 -24.12
10.29 -29.32
12.4 -29.1
0 0 0
10.29 -29.32
11.4 -24.12
-0.91 -23.64
0 0 0
11.4 -24.12
11.55 -18.95
-0.91 -23.64
0 0 0
11.4 -24.12
11.75 -24.13
11.55 -18.95
0 0 0
-6.11 -23.44
-12.23 -23.2
-13.11 -28.1
50 98 118
-2.59 -29.81
-4.09 -23.52
-11.89 -28.66
64 118 137
-4.09 -23.52
-2.59 -29.81
-2.46 -23.58
64 118 137
0.91 -29.1
9.81 -24.06
0.28 -23.69
36 81 109
9.81 -24.06
0.91 -29.1
10.79 -28.28
36 81 109
-2.66 -32.7
-4.21 -30.28
-11.14 -32.89
218 188 155
-4.21 -30.28
-10.79 -29.64
-11.14 -32.89
218 188 155
10.9 1.24
9.96 20.3
-2.41 -4.35
218 188 155
1.88 -32.38
9.0 -29.54
1.83 -30.07
214 179 144
9.0 -29.54
1.88 -32.38
9.75 -32.38
214 179 144
-12.91 -16.69
-11.97 -11.01
-19.06 -13.12
194 93 94
-11.97 -11.01
-15.2 -7.65
-19.06 -13.12
194 93 94
-13.98 -8.0
-15.2 -7.65
-11.97 -11.01
194 93 94
-11.75 -9.77
-12.51 -8.42
-12.69 -8.37
237 183 189
-10.33 -0.85
-11.75 -9.77
-10.28 -0.78
237 183 189
-10.33 -0.85
-12.51 -8.42
-11.75 -9.77
237 183 189
11.18 -9.36
13.21 -6.83
10.86 -1.05
237 183 189
16.62 -15.1
13.78 -8.12
11.28 -12.0
188 74 75
11.48 -17.16
16.62 -15.1
11.28 -12.0
188 74 75
10.58 -22.67
9.19 -1.62
-0.79 -22.34
171 44 44
9.43 -1.52
9.19 -1.62
10.58 -22.67
171 44 44
-0.21 -18.41
-2.19 -6.52
-10.61 -13.78
173 60 71
-2.19 -6.52
-0.21 -18.41
7.59 -2.31
173 60 71
-2.19 -6.52
-9.27 -5.16
-10.61 -13.78
173 60 71
-2.06 -22.23
-10.96 -14.88
-11.88 -21.73
199 88 88
-10.96 -14.88
-2.06 -22.23
-0.77 -19.56
199 88 88
-3.91 -4.42
-8.71 6.74
-8.76 -3.67
220 181 143
-8.71 6.74
-3.91 -4.42
1.54 6.57
220 181 143
-13.87 -6.11
-13.87 7.21
-19.07 -4.46
133 78 120
-13.87 7.21
-13.87 -6.11
-10.16 6.08
133 78 120
19.17 -7.09
17.17 8.36
12.58 7.15
129 61 126
17.06 -7.64
19.17 -7.09
12.58 7.15
129 61 126
12.08 9.18
20.4 8.92
10.33 31.54
168 107 173
9.97 21.31
-8.9 30.95
-16.28 22.52
158 96 162
9.5 31.54
-8.9 30.95
9.97 21.31
158 96 162
1.87 7.67
-8.39 21.17
-15.82 8.05
125 64 125
-8.39 21.17
1.87 7.67
8.1 20.13
125 64 125
-18.13 6.74
-9.6 21.54
-20.84 12.92
164 102 170
-9.6 21.54
-16.35 22.06
-20.84 12.92
164 102 170
-8.73 32.93
13.0 1.65
11.37 32.93
0 0 0
-8.73 32.93
-18.0 22.78
13.0 1.65
0 0 0
13.0 1.65
18.38 6.66
11.37 32.93
0 0 0
18.38 6.66
22.82 7.06
11.37 32.93
0 0 0
-16.31 -8.62
-18.3 2.71
-23.57 -4.66
0 0 0
-18.0 22.78
-18.3 2.71
13.0 1.65
0 0 0
-22.78 12.91
-18.3 2.71
-18.0 22.78
0 0 0
-18.3 2.71
12.49 -0.82
13.0 1.65
0 0 0
12.49 -0.82
-18.3 2.71
-16.31 -8.62
0 0 0
-0.34 -22.91
12.49 -0.82
-16.31 -8.62
0 0 0
12.49 -0.82
13.16 -0.53
13.0 1.65
0 0 0
18.38 6.66
13.16 -0.53
23.58 -7.23
0 0 0
13.16 -0.53
18.38 6.66
13.0 1.65
0 0 0
13.16 -0.53
19.55 -9.43
23.58 -7.23
0 0 0
-12.4 -18.92
-0.34 -22.91
-16.31 -8.62
0 0 0
-21.41 -14.78
-12.4 -18.92
-16.31 -8.62
0 0 0
15.0 -8.68
12.07 -19.51
19.63 -17.87
0 0 0
12.07 -19.51
12.32 -21.39
19.63 -17.87
0 0 0
-0.34 -22.91
-0.27 -22.91
12.49 -0.82
0 0 0
-0.27 -22.91
15.0 -8.68
12.49 -0.82
0 0 0
15.0 -8.68
-0.27 -22.91
12.07 -19.51
0 0 0
-0.27 -22.91
12.32 -21.39
12.07 -19.51
0 0 0
-12.4 -18.92
-12.65 -20.21
-0.34 -22.91
0 0 0
-12.65 -20.21
-12.57 -22.44
-0.34 -22.91
0 0 0
-12.65 -20.21
-12.4 -18.92
-21.41 -14.78
0 0 0
-11.15 -29.48
-1.87 -30.76
-0.34 -22.91
0 0 0
-12.57 -22.44
-11.15 -29.48
-0.34 -22.91
0 0 0
-11.15 -29.48
-12.57 -22.44
-13.54 -29.15
0 0 0
-1.87 -30.76
-11.15 -29.48
-11.55 -33.79
0 0 0
12.32 -21.39
11.99 -23.38
12.22 -23.39
0 0 0
-0.27 -22.91
11.99 -23.38
12.32 -21.39
0 0 0
-0.03 -33.54
-1.87 -30.76
-11.55 -33.79
0 0 0
-12.65 -20.21
-12.88 -22.43
-12.57 -22.44
0 0 0
1.55 -30.32
11.99 -23.38
-0.27 -22.91
0 0 0
11.99 -23.38
11.02 -29.32
13.14 -29.1
0 0 0
1.55 -30.32
11.02 -29.32
11.99 -23.38
0 0 0
11.02 -29.32
1.55 -33.6
11.82 -33.6
0 0 0
11.02 -29.32
1.55 -30.32
1.55 -33.6
0 0 0
0.74 -30.4
1.55 -30.32
-0.27 -22.91
0 0 0
-1.87 -30.76
0.74 -30.4
-0.34 -22.91
0 0 0
-0.44 -30.96
0.74 -30.4
-1.87 -30.76
0 0 0
-4.36 -22.76
-11.37 -22.49
-12.37 -28.1
50 98 118
-1.85 -29.81
-2.32 -22.83
-11.15 -28.65
64 118 137
-2.32 -22.83
-1.85 -29.81
-1.7 -22.86
64 118 137
1.65 -29.1
10.38 -23.32
0.93 -22.96
36 81 109
10.38 -23.32
1.65 -29.1
11.53 -28.28
36 81 109
-1.92 -32.7
-3.48 -30.27
-10.4 -32.88
218 188 155
-3.48 -30.27
-10.05 -29.63
-10.4 -32.88
218 188 155
10.93 0.63
9.99 19.69
-2.38 -4.96
218 188 155
2.62 -32.38
9.74 -29.54
2.57 -30.07
214 179 144
9.74 -29.54
2.62 -32.38
10.49 -32.38
214 179 144
-13.32 -18.42
-12.11 -12.7
-19.3 -14.57
194 93 94
-12.11 -12.7
-14.63 -8.55
-19.3 -14.57
194 93 94
-11.26 -10.73
-10.18 -3.03
-13.31 -7.96
237 183 189
13.54 -9.03
13.66 -8.85
11.38 -1.6
237 183 189
11.74 -10.92
13.54 -9.03
11.38 -1.6
237 183 189
17.64 -16.9
14.29 -10.15
11.93 -14.51
188 74 75
12.66 -19.34
17.64 -16.9
11.93 -14.51
188 74 75
11.05 -21.94
8.96 -2.34
-0.32 -21.61
171 44 44
9.96 -1.91
8.96 -2.34
11.05 -21.94
171 44 44
0.27 -17.67
-2.17 -7.13
-10.14 -13.04
173 60 71
-2.17 -7.13
0.27 -17.67
7.35 -3.03
173 60 71
-2.17 -7.13
-9.02 -5.81
-10.14 -13.04
173 60 71
-1.59 -21.5
-10.49 -14.14
-11.41 -21.0
199 88 88
-10.49 -14.14
-1.59 -21.5
-0.3 -18.82
199 88 88
-3.88 -5.03
-8.68 6.13
-8.73 -4.28
220 181 143
-8.68 6.13
-3.88 -5.03
1.57 5.96
220 181 143
-16.36 -6.49
-13.47 6.51
-21.08 -3.75
133 78 120
-13.47 6.51
-16.36 -6.49
-10.1 4.61
133 78 120
21.78 -6.4
16.11 8.12
11.95 5.83
129 61 126
19.87 -7.44
21.78 -6.4
11.95 5.83
129 61 126
12.11 8.57
20.43 8.31
10.36 30.93
168 107 173
10.0 20.7
-8.87 30.34
-16.25 21.91
158 96 162
9.53 30.93
-8.87 30.34
10.0 20.7
158 96 162
1.9 7.06
-8.36 20.56
-15.79 7.44
125 64 125
-8.36 20.56
1.9 7.06
8.13 19.52
125 64 125
-18.1 6.13
-9.57 20.93
-20.81 12.31
164 102 170
-9.57 20.93
-16.32 21.45
-20.81 12.31
164 102 170
-16.18 5.1
-18.03 23.5
-22.8 13.63
0 0 0
-0.2 -23.35
12.1 -20.42
15.48 -6.19
0 0 0
11.34 33.65
18.65 7.41
22.8 7.78
0 0 0
12.75 0.02
-16.18 5.1
-15.73 -8.0
0 0 0
12.75 0.02
-0.2 -23.35
15.48 -6.19
0 0 0
-16.73 5.1
-16.18 5.1
-22.8 13.63
0 0 0
-0.02 -33.54
-1.85 -30.77
-11.54 -33.79
0 0 0
-12.48 -20.03
-12.87 -22.86
-12.62 -22.87
0 0 0
-20.84 -15.13
-12.48 -20.03
-15.73 -8.0
0 0 0
12.1 -20.42
18.22 -9.44
15.48 -6.19
0 0 0
18.22 -9.44
12.1 -20.42
20.4 -17.36
0 0 0
12.75 0.02
13.0 2.13
-16.18 5.1
0 0 0
13.0 2.13
-8.76 33.65
-18.03 23.5
0 0 0
-16.18 5.1
13.0 2.13
-18.03 23.5
0 0 0
-8.76 33.65
13.0 2.13
11.34 33.65
0 0 0
13.0 2.13
18.65 7.41
11.34 33.65
0 0 0
15.48 -6.19
18.22 -9.44
22.47 -7.7
0 0 0
18.65 7.41
13.14 0.19
22.47 -7.7
0 0 0
13.14 0.19
15.48 -6.19
22.47 -7.7
0 0 0
13.0 2.13
13.14 0.19
18.65 7.41
0 0 0
13.14 0.19
13.0 2.13
12.75 0.02
0 0 0
-16.18 5.1
-18.03 2.76
-15.73 -8.0
0 0 0
-18.03 2.76
-21.62 -5.96
-15.73 -8.0
0 0 0
-18.03 2.76
-16.73 5.1
-22.8 13.63
0 0 0
-13.53 -29.16
-11.14 -29.49
-12.62 -22.87
0 0 0
-1.85 -30.77
-11.14 -29.49
-11.54 -33.79
0 0 0
1.56 -30.32
11.04 -29.32
-0.2 -23.35
0 0 0
13.15 -29.1
12.09 -23.82
11.04 -29.32
0 0 0
11.04 -29.32
12.09 -23.82
-0.2 -23.35
0 0 0
12.09 -23.82
12.1 -20.42
-0.2 -23.35
0 0 0
-0.33 -23.34
-11.14 -29.49
-1.85 -30.77
0 0 0
-11.14 -29.49
-0.33 -23.34
-12.62 -22.87
0 0 0
-0.33 -23.34
-12.48 -20.03
-12.62 -22.87
0 0 0
-12.48 -20.03
-0.33 -23.34
-15.73 -8.0
0 0 0
-0.33 -23.34
12.75 0.02
-15.73 -8.0
0 0 0
12.75 0.02
-0.33 -23.34
-0.2 -23.35
0 0 0
11.04 -29.32
1.56 -33.61
11.83 -33.61
0 0 0
1.56 -30.32
1.56 -33.61
11.04 -29.32
0 0 0
12.09 -23.82
12.23 -23.83
12.1 -20.42
0 0 0
0.75 -30.41
1.56 -30.32
-0.2 -23.35
0 0 0
0.75 -30.41
-0.33 -23.34
-1.85 -30.77
0 0 0
-0.43 -30.96
0.75 -30.41
-1.85 -30.77
0 0 0
-4.94 -23.17
-11.43 -22.92
-12.36 -28.11
50 98 118
-1.84 -29.81
-2.92 -23.24
-11.14 -28.66
64 118 137
-2.92 -23.24
-1.84 -29.81
-1.7 -23.29
64 118 137
1.66 -29.1
10.49 -23.76
1.0 -23.4
36 81 109
10.49 -23.76
1.66 -29.1
11.54 -28.28
36 81 109
-1.91 -32.71
-3.46 -30.28
-10.39 -32.89
218 188 155
-3.46 -30.28
-10.04 -29.64
-10.39 -32.89
218 188 155
10.9 1.35
9.96 20.41
-2.41 -4.24
218 188 155
2.63 -32.38
9.75 -29.54
2.58 -30.07
214 179 144
9.75 -29.54
2.63 -32.38
10.5 -32.38
214 179 144
-12.44 -18.61
-11.49 -12.51
-18.7 -14.79
194 93 94
-11.49 -12.51
-13.98 -8.61
-18.7 -14.79
194 93 94
-13.98 -8.61
-14.45 -8.44
-18.7 -14.79
194 93 94
-11.26 -11.2
-11.14 -10.42
-12.87 -8.69
237 183 189
-11.14 -10.42
-11.09 -3.57
-12.87 -8.69
237 183 189
-11.09 -3.57
-11.14 -10.42
-10.05 -2.6
237 183 189
-10.05 -2.01
-11.09 -3.57
-10.05 -2.6
237 183 189
11.64 -8.46
14.41 -7.44
11.34 -0.58
237 183 189
11.64 -8.46
11.81 -10.48
14.41 -7.44
237 183 189
14.41 -7.44
11.43 -0.55
11.34 -0.58
237 183 189
18.24 -16.18
15.05 -8.8
12.03 -13.21
188 74 75
12.45 -18.36
18.24 -16.18
12.03 -13.21
188 74 75
11.06 -22.37
9.68 -1.3
-0.31 -22.04
171 44 44
9.91 -1.2
9.68 -1.3
11.06 -22.37
171 44 44
0.28 -18.1
-2.19 -6.41
-10.13 -13.47
173 60 71
-2.19 -6.41
0.28 -18.1
8.08 -1.99
173 60 71
-2.19 -6.41
-8.84 -5.13
-10.13 -13.47
173 60 71
-1.58 -21.93
-10.48 -14.58
-11.4 -21.43
199 88 88
-10.48 -14.58
-1.58 -21.93
-0.29 -19.25
199 88 88
-3.91 -4.31
-8.71 6.85
-8.76 -3.56
220 181 143
-8.71 6.85
-3.91 -4.31
1.54 6.68
220 181 143
-14.2 -6.59
-13.48 6.71
-19.31 -4.66
133 78 120
-13.48 6.71
-14.2 -6.59
-9.85 5.39
133 78 120
20.77 -6.67
16.73 8.38
12.34 6.56
129 61 126
18.76 -7.5
20.77 -6.67
12.34 6.56
129 61 126
12.08 9.29
20.4 9.03
10.33 31.65
168 107 173
9.97 21.42
-8.9 31.06
-16.28 22.63
158 96 162
9.5 31.65
-8.9 31.06
9.97 21.42
158 96 162
1.87 7.78
-8.39 21.28
-15.82 8.16
125 64 125
-8.39 21.28
1.87 7.78
8.1 20.24
125 64 125
-18.13 6.85
-9.6 21.65
-20.84 13.03
164 102 170
-9.6 21.65
-16.35 22.17
-20.84 13.03
164 102 170
-0.26 -23.02
14.4 -4.8
-12.98 -3.84
0 0 0
14.4 -4.8
-16.07 9.23
-12.98 -3.84
0 0 0
-16.07 9.23
-18.02 27.63
-22.8 17.76
0 0 0
-16.07 9.23
-8.75 37.78
-18.02 27.63
0 0 0
18.57 11.53
-16.07 9.23
14.4 -4.8
0 0 0
18.45 -4.26
18.57 11.53
14.4 -4.8
0 0 0
11.35 37.78
18.57 11.53
22.8 11.91
0 0 0
-8.75 37.78
18.57 11.53
11.35 37.78
0 0 0
18.57 11.53
-8.75 37.78
-16.07 9.23
0 0 0
-16.72 9.23
-16.07 9.23
-22.8 17.76
0 0 0
-0.03 -33.54
-1.87 -30.76
-11.55 -33.79
0 0 0
-12.49 -19.42
-12.88 -22.49
-12.57 -22.5
0 0 0
-0.26 -23.02
15.2 -6.93
14.4 -4.8
0 0 0
12.12 -20.68
15.2 -6.93
-0.26 -23.02
0 0 0
-16.07 9.23
-18.02 6.89
-12.98 -3.84
0 0 0
-18.02 6.89
-16.72 9.23
-22.8 17.76
0 0 0
-13.54 -29.16
-11.15 -29.49
-12.57 -22.5
0 0 0
-1.87 -30.76
-11.15 -29.49
-11.55 -33.79
0 0 0
11.03 -29.32
1.55 -33.61
11.82 -33.61
0 0 0
1.55 -33.61
11.03 -29.32
1.55 -30.32
0 0 0
-14.1 -5.47
-12.49 -19.42
-12.98 -3.84
0 0 0
-12.49 -19.42
-14.1 -5.47
-20.42 -14.6
0 0 0
19.27 -17.63
15.2 -6.93
12.12 -20.68
0 0 0
-0.34 -23.01
-11.15 -29.49
-1.87 -30.76
0 0 0
-11.15 -29.49
-0.34 -23.01
-12.57 -22.5
0 0 0
-0.34 -23.01
-12.49 -19.42
-12.57 -22.5
0 0 0
-0.34 -23.01
-0.26 -23.02
-12.98 -3.84
0 0 0
-12.49 -19.42
-0.34 -23.01
-12.98 -3.84
0 0 0
12.02 -23.53
11.03 -29.32
13.14 -29.1
0 0 0
12.02 -23.53
12.12 -20.68
-0.26 -23.02
0 0 0
1.55 -30.32
12.02 -23.53
-0.26 -23.02
0 0 0
11.03 -29.32
12.02 -23.53
1.55 -30.32
0 0 0
0.74 -30.41
1.55 -30.32
-0.26 -23.02
0 0 0
-0.44 -30.96
0.74 -30.41
-1.87 -30.76
0 0 0
0.74 -30.41
-0.34 -23.01
-1.87 -30.76
0 0 0
-18.02 6.89
-18.83 -3.29
-12.98 -3.84
0 0 0
12.02 -23.53
12.22 -23.54
12.12 -20.68
0 0 0
-4.47 -22.84
-11.37 -22.55
-12.37 -28.11
50 98 118
-1.85 -29.81
-2.44 -22.93
-11.15 -28.66
64 118 137
-2.44 -22.93
-1.85 -29.81
-1.7 -22.96
64 118 137
-1.92 -32.71
-3.48 -30.28
-10.4 -32.89
218 188 155
-3.48 -30.28
-10.05 -29.64
-10.4 -32.89
218 188 155
10.91 5.48
9.97 24.54
-2.4 -0.11
218 188 155
2.62 -32.38
9.74 -29.54
2.57 -30.07
214 179 144
9.74 -29.54
2.62 -32.38
10.49 -32.38
214 179 144
-12.31 -18.06
-11.48 -11.55
-18.32 -14.26
194 93 94
-11.48 -11.55
-13.96 -7.52
-18.32 -14.26
194 93 94
-11.3 -10.15
-10.53 -4.07
-13.39 -6.77
237 183 189
-10.53 -4.07
-11.58 -3.97
-13.39 -6.77
237 183 189
11.76 -10.38
13.95 -7.41
11.42 -0.62
237 183 189
17.36 -16.41
14.51 -8.82
11.86 -13.32
188 74 75
11.89 -14.04
17.36 -16.41
11.86 -13.32
188 74 75
11.89 -14.04
12.21 -18.66
17.36 -16.41
188 74 75
11.05 -21.96
9.88 1.46
-0.32 -21.6
171 44 44
0.27 -17.31
-2.19 -2.28
-10.14 -12.27
173 60 71
-2.19 -2.28
0.27 -17.31
9.12 2.59
173 60 71
-2.19 -2.28
-8.54 -1.06
-10.14 -12.27
173 60 71
-1.59 -21.48
-10.49 -13.47
-11.41 -20.94
199 88 88
-10.49 -13.47
-1.59 -21.48
-0.3 -18.57
199 88 88
1.65 -29.1
9.97 -21.54
0.74 -21.24
36 81 109
9.97 -21.54
1.65 -29.1
11.53 -28.28
36 81 109
-3.9 -0.18
-8.7 10.98
-8.75 0.57
220 181 143
-8.7 10.98
-3.9 -0.18
1.55 10.81
220 181 143
-11.48 -2.13
-13.94 10.96
-16.9 -1.47
133 78 120
-13.94 10.96
-11.48 -2.13
-10.1 10.53
133 78 120
17.07 -2.85
16.97 12.74
12.26 12.09
129 61 126
14.91 -3.13
17.07 -2.85
12.26 12.09
129 61 126
12.09 13.42
20.41 13.16
10.34 35.78
168 107 173
9.98 25.55
-8.89 35.18
-16.27 26.75
158 96 162
9.51 35.78
-8.89 35.18
9.98 25.55
158 96 162
1.88 11.91
-8.38 25.41
-15.81 12.29
125 64 125
-8.38 25.41
1.88 11.91
8.11 24.37
125 64 125
-18.12 10.98
-9.59 25.78
-20.83 17.16
164 102 170
-9.59 25.78
-16.34 26.3
-20.83 17.16
164 102 170
