-8.02 35.87
-16.2 25.81
9.7 35.87
0 0 0
-14.03 7.57
-16.2 25.81
-20.41 16.03
0 0 0
-14.03 7.57
-16.2 5.25
-9.46 -6.46
0 0 0
16.08 9.85
19.81 10.23
9.7 35.87
0 0 0
-16.2 25.81
16.08 9.85
9.7 35.87
0 0 0
-14.03 7.57
16.08 9.85
-16.2 25.81
0 0 0
-11.45 -11.04
11.7 -8.72
-9.46 -6.46
0 0 0
11.7 -8.72
-11.45 -11.04
-8.74 -22.19
0 0 0
10.09 -23.0
11.7 -8.72
-8.74 -22.19
0 0 0
-15.05 7.57
-14.03 7.57
-20.41 16.03
0 0 0
-16.2 5.25
-15.05 7.57
-20.41 16.03
0 0 0
-9.59 -29.25
-7.51 -29.59
-8.74 -22.19
0 0 0
11.7 -8.72
10.16 -5.95
-9.46 -6.46
0 0 0
16.08 9.85
10.16 -5.95
14.14 -4.53
0 0 0
10.16 -5.95
-14.03 7.57
-9.46 -6.46
0 0 0
10.16 -5.95
16.08 9.85
-14.03 7.57
0 0 0
-7.51 -29.59
1.11 -33.89
-8.74 -22.19
0 0 0
1.11 -33.89
10.09 -23.0
-8.74 -22.19
0 0 0
1.11 -33.89
9.38 -30.86
10.09 -23.0
0 0 0
1.11 -33.89
-7.51 -29.59
-7.86 -34.12
0 0 0
1.11 -33.89
1.11 -35.87
10.07 -35.87
0 0 0
9.38 -30.86
1.11 -33.89
10.07 -35.87
0 0 0
-16.2 5.25
-14.6 -5.15
-9.46 -6.46
0 0 0
-11.45 -11.04
-11.48 -10.92
-20.34 -10.23
0 0 0
-11.48 -10.92
-15.43 -5.15
-20.34 -10.23
0 0 0
-11.48 -10.92
-14.6 -5.15
-15.43 -5.15
0 0 0
-11.48 -10.92
-11.45 -11.04
-9.46 -6.46
0 0 0
-14.6 -5.15
-11.48 -10.92
-9.46 -6.46
0 0 0
-14.04 -16.78
-11.45 -11.04
-20.34 -10.23
0 0 0
10.16 -5.95
10.63 -5.95
14.14 -4.53
0 0 0
9.38 -30.86
11.22 -30.6
10.09 -23.0
0 0 0
10.63 -5.95
11.7 -8.72
14.14 -4.53
0 0 0
14.14 -4.53
11.7 -8.72
20.41 -12.66
0 0 0
11.7 -8.72
11.7 -8.72
20.41 -12.66
0 0 0
11.7 -8.72
14.94 -17.13
20.41 -12.66
0 0 0
9.82 -29.64
8.67 -22.94
1.84 -30.53
36 81 109
8.67 -22.94
1.92 -22.65
1.84 -30.53
36 81 109
2.2 -33.86
8.25 -31.12
2.0 -31.74
214 179 144
8.25 -31.12
2.2 -33.86
8.91 -34.44
214 179 144
2.04 -33.57
2.2 -33.86
2.0 -31.74
214 179 144
2.2 -33.86
2.05 -34.44
8.91 -34.44
214 179 144
2.04 -33.86
2.05 -34.44
2.2 -33.86
214 179 144
-14.2 -14.94
-11.82 -9.65
-18.46 -10.33
194 93 94
-11.82 -9.65
-13.01 -5.22
-18.46 -10.33
194 93 94
-11.29 -8.51
-9.78 -5.15
-12.2 -5.15
237 183 189
11.89 -8.12
12.6 -5.95
11.01 -5.95
237 183 189
18.42 -12.01
13.84 -5.99
12.88 -10.54
188 74 75
14.71 -15.09
18.42 -12.01
12.88 -10.54
188 74 75
1.95 -20.34
8.67 -0.27
0.21 -20.03
171 44 44
8.67 -0.27
1.95 -20.34
9.7 -21.59
171 44 44
1.95 -20.34
1.93 -21.34
9.7 -21.59
171 44 44
0.2 -17.36
-2.23 -3.84
-8.98 -12.77
173 60 71
7.53 1.46
0.2 -17.36
8.49 1.89
173 60 71
7.53 1.46
-2.23 -3.84
0.2 -17.36
173 60 71
-2.23 -3.84
-7.36 -5.15
-8.98 -12.77
173 60 71
-7.36 -2.73
-7.36 -5.15
-2.23 -3.84
173 60 71
-7.36 -5.15
-7.93 -5.15
-8.98 -12.77
173 60 71
-8.3 -18.52
-9.29 -13.87
-10.1 -20.66
199 88 88
-9.29 -13.87
-8.3 -18.52
-0.3 -18.5
199 88 88
-8.3 -18.52
-0.87 -19.84
-0.3 -18.5
199 88 88
-8.56 -20.75
-8.3 -18.52
-10.1 -20.66
199 88 88
10.36 11.72
17.7 11.46
8.81 33.88
168 107 173
8.49 23.75
-8.15 33.3
-14.66 24.94
158 96 162
8.08 33.88
-8.15 33.3
8.49 23.75
158 96 162
1.36 10.23
-7.7 23.61
-14.25 10.6
125 64 125
-7.7 23.61
1.36 10.23
6.86 22.58
125 64 125
-16.29 9.3
-8.76 23.97
-18.68 15.43
164 102 170
-8.76 23.97
-14.71 24.49
-18.68 15.43
164 102 170
9.32 3.85
8.49 22.74
-2.42 -1.69
218 188 155
0.54 -32.98
-0.82 -30.42
-6.86 -33.17
218 188 155
-0.82 -30.42
-6.55 -29.75
-6.86 -33.17
218 188 155
-3.75 -1.76
-7.36 9.29
-7.36 -1.13
220 181 143
-7.36 9.29
-3.75 -1.76
1.06 9.13
220 181 143
-9.07 -3.32
-12.32 9.36
-13.89 -3.18
133 78 120
-12.32 9.36
-9.07 -3.32
-8.91 9.3
133 78 120
12.91 -4.48
14.63 9.87
10.45 9.85
129 61 126
10.97 -4.48
12.91 -4.48
10.45 9.85
129 61 126
0.52 -20.84
-7.27 -19.39
-8.57 -28.14
50 98 118
-1.79 -29.57
0.74 -22.16
-7.51 -28.72
64 118 137
-0.09 -29.69
0.61 -29.93
0.74 -22.16
64 118 137
-1.79 -29.57
-0.09 -29.69
0.74 -22.16
64 118 137
-0.09 -29.69
-0.0 -29.84
0.61 -29.93
64 118 137
-10.04 35.59
15.61 10.29
8.83 35.59
0 0 0
15.61 10.29
19.59 10.66
8.83 35.59
0 0 0
9.31 -5.08
13.88 -1.42
15.61 10.29
0 0 0
-0.77 -33.97
-2.47 -31.13
-11.46 -34.22
0 0 0
9.31 -5.08
-12.17 -20.81
9.19 -21.65
0 0 0
-12.17 -20.81
9.31 -5.08
-11.41 -4.29
0 0 0
-16.44 8.08
-18.74 25.81
-23.22 16.3
0 0 0
-16.44 8.08
9.31 -5.08
15.61 10.29
0 0 0
9.31 -5.08
-16.44 8.08
-11.41 -4.29
0 0 0
-10.04 35.59
-16.44 8.08
15.61 10.29
0 0 0
-18.74 25.81
-16.44 8.08
-10.04 35.59
0 0 0
9.23 -35.59
-0.31 -31.52
-0.31 -35.59
0 0 0
-2.47 -31.13
-11.09 -29.82
-11.46 -34.22
0 0 0
-12.17 -20.81
-11.09 -29.82
-2.47 -31.13
0 0 0
11.91 -5.08
13.88 -1.42
9.31 -5.08
0 0 0
-16.44 8.08
-11.46 -4.29
-11.41 -4.29
0 0 0
-11.46 -4.29
-18.74 5.81
-17.78 -3.0
0 0 0
-18.74 5.81
-11.46 -4.29
-16.44 8.08
0 0 0
8.48 -30.27
-0.31 -31.52
9.23 -35.59
0 0 0
8.48 -30.27
10.45 -30.0
9.19 -21.65
0 0 0
-12.17 -20.81
-1.14 -30.88
9.19 -21.65
0 0 0
-1.14 -30.88
-12.17 -20.81
-2.47 -31.13
0 0 0
-1.14 -30.88
8.48 -30.27
9.19 -21.65
0 0 0
8.48 -30.27
-1.14 -30.88
-0.31 -31.52
0 0 0
-20.55 -14.02
-15.17 -8.05
-25.1 -6.22
0 0 0
-15.17 -8.05
-14.93 -9.51
-11.41 -4.29
0 0 0
11.91 -5.08
15.81 -3.24
13.88 -1.42
0 0 0
-17.52 8.08
-16.44 8.08
-23.22 16.3
0 0 0
-18.74 5.81
-17.52 8.08
-23.22 16.3
0 0 0
-1.14 -31.34
-1.06 -31.62
-0.31 -31.52
0 0 0
-1.14 -30.88
-1.14 -31.34
-0.31 -31.52
0 0 0
-1.14 -31.34
-1.14 -30.88
-2.47 -31.13
0 0 0
-13.3 -29.48
-11.09 -29.82
-12.17 -20.81
0 0 0
-15.17 -7.84
-17.78 -3.0
-25.1 -6.22
0 0 0
-15.17 -8.05
-15.17 -7.84
-25.1 -6.22
0 0 0
-15.17 -7.84
-11.46 -4.29
-17.78 -3.0
0 0 0
-11.46 -4.29
-15.17 -7.84
-11.41 -4.29
0 0 0
-15.17 -7.84
-15.17 -8.05
-11.41 -4.29
0 0 0
14.61 -8.33
11.91 -5.08
14.44 -9.06
0 0 0
14.61 -8.33
15.81 -3.24
11.91 -5.08
0 0 0
15.81 -3.24
14.61 -8.33
25.11 -7.68
0 0 0
14.61 -8.33
20.85 -14.22
25.11 -7.68
0 0 0
15.81 -3.24
15.87 -3.02
13.88 -1.42
0 0 0
-0.22 -30.0
7.68 -21.59
-0.98 -21.25
36 81 109
7.68 -21.59
-0.22 -30.0
8.95 -28.97
36 81 109
0.68 -34.08
7.29 -30.55
0.64 -31.2
214 179 144
7.29 -30.55
0.68 -34.08
7.99 -34.08
214 179 144
-20.18 -12.26
-16.15 -7.88
-23.21 -6.8
194 93 94
-16.15 -7.88
-17.87 -4.29
-23.21 -6.8
194 93 94
-17.87 -4.29
-16.15 -7.88
-16.11 -4.29
194 93 94
-14.4 -7.09
-12.48 -4.29
-14.81 -4.29
237 183 189
13.67 -6.98
13.34 -5.08
12.41 -5.08
237 183 189
13.34 -5.08
13.67 -6.98
14.12 -5.19
237 183 189
14.08 -3.24
13.34 -5.08
14.12 -5.19
237 183 189
13.34 -5.08
14.08 -3.24
13.66 -2.9
237 183 189
16.48 -8.8
23.07 -7.7
15.8 -4.2
188 74 75
16.48 -8.8
20.19 -12.19
23.07 -7.7
188 74 75
8.83 -20.27
7.74 0.45
-1.84 -19.97
171 44 44
-1.29 -16.16
-3.87 -3.02
-11.06 -11.7
173 60 71
6.53 2.14
-1.29 -16.16
7.54 2.55
173 60 71
6.53 2.14
-3.87 -3.02
-1.29 -16.16
173 60 71
-3.87 -3.02
-9.33 -4.29
-11.06 -11.7
173 60 71
-9.33 -1.93
-9.33 -4.29
-3.87 -3.02
173 60 71
-9.33 -4.29
-9.94 -4.29
-11.06 -11.7
173 60 71
-11.39 -12.77
-8.88 -19.55
-1.82 -17.27
199 88 88
-11.93 -19.05
-11.39 -12.77
-12.25 -19.38
199 88 88
-11.93 -19.05
-8.88 -19.55
-11.39 -12.77
199 88 88
-8.88 -19.55
-3.03 -19.86
-1.82 -17.27
199 88 88
-11.98 -19.39
-11.93 -19.05
-12.25 -19.38
199 88 88
9.53 12.11
17.34 11.86
7.89 33.66
168 107 173
7.55 23.8
-10.17 33.09
-17.1 24.96
158 96 162
7.11 33.66
-10.17 33.09
7.55 23.8
158 96 162
-0.06 10.66
-9.69 23.66
-16.67 11.02
125 64 125
-9.69 23.66
-0.06 10.66
5.79 22.66
125 64 125
-18.83 9.77
-10.83 24.02
-21.38 15.72
164 102 170
-10.83 24.02
-17.16 24.52
-21.38 15.72
164 102 170
8.42 4.47
7.54 22.84
-4.08 -0.93
218 188 155
-2.52 -33.11
-3.96 -30.64
-10.39 -33.31
218 188 155
-3.96 -30.64
-10.06 -29.97
-10.39 -33.31
218 188 155
-5.48 -1.0
-9.33 9.75
-9.33 -0.39
220 181 143
-9.33 9.75
-5.48 -1.0
-0.37 9.59
220 181 143
-11.15 -2.52
-14.61 9.83
-16.28 -2.38
133 78 120
-14.61 9.83
-11.15 -2.52
-10.98 9.77
133 78 120
12.23 -3.63
14.08 10.31
9.62 10.3
129 61 126
10.19 -3.63
12.23 -3.63
9.62 10.3
129 61 126
-2.56 -21.31
-10.84 -19.91
-12.22 -28.41
50 98 118
-5.08 -29.8
-2.31 -22.61
-11.09 -28.97
64 118 137
-3.19 -29.92
-2.46 -30.16
-2.31 -22.61
64 118 137
-5.08 -29.8
-3.19 -29.92
-2.31 -22.61
64 118 137
-3.19 -29.92
-3.1 -30.07
-2.46 -30.16
64 118 137
