-10.11 34.75
15.98 10.31
9.09 34.75
0 0 0
15.98 10.31
20.02 10.66
9.09 34.75
0 0 0
10.84 -34.75
1.14 -32.21
1.14 -34.75
0 0 0
-12.27 -19.74
9.38 -20.54
9.57 -4.53
0 0 0
14.32 -0.3
15.98 10.31
9.57 -4.53
0 0 0
15.98 10.31
-16.62 8.17
9.57 -4.53
0 0 0
-16.62 8.17
15.98 10.31
-10.11 34.75
0 0 0
-16.62 8.17
-17.77 -0.87
-12.49 -3.77
0 0 0
15.72 -6.35
23.09 -10.64
26.05 -3.58
0 0 0
1.14 -32.21
10.25 -30.75
9.38 -20.54
0 0 0
10.25 -30.75
1.14 -32.21
10.84 -34.75
0 0 0
-16.62 8.17
-11.5 -3.77
9.57 -4.53
0 0 0
-11.5 -3.77
-16.62 8.17
-12.49 -3.77
0 0 0
-11.5 -3.77
-12.27 -19.74
9.57 -4.53
0 0 0
-18.96 25.3
-16.62 8.17
-10.11 34.75
0 0 0
-16.62 8.17
-18.96 25.3
-23.52 16.11
0 0 0
13.09 -4.53
14.32 -0.3
9.57 -4.53
0 0 0
15.72 -6.35
13.09 -4.53
15.68 -7.09
0 0 0
-13.44 -28.11
-11.18 -28.43
-12.27 -19.74
0 0 0
-22.9 -10.89
-16.46 -6.24
-26.05 -2.63
0 0 0
-16.46 -6.24
-16.47 -7.66
-12.49 -3.77
0 0 0
-17.72 8.17
-16.62 8.17
-23.52 16.11
0 0 0
-18.96 5.99
-17.72 8.17
-23.52 16.11
0 0 0
15.93 -1.3
13.09 -4.53
15.72 -6.35
0 0 0
15.93 -1.3
15.72 -6.35
26.05 -3.58
0 0 0
14.32 -0.3
15.93 -1.3
15.93 -1.08
0 0 0
13.09 -4.53
15.93 -1.3
14.32 -0.3
0 0 0
-11.18 -28.43
-0.99 -32.46
-12.27 -19.74
0 0 0
-0.99 -32.46
1.14 -32.21
9.38 -20.54
0 0 0
-12.27 -19.74
-0.99 -32.46
9.38 -20.54
0 0 0
-0.99 -32.46
-11.18 -28.43
-11.56 -32.69
0 0 0
-16.4 -6.0
-17.77 -0.87
-26.05 -2.63
0 0 0
-16.46 -6.24
-16.4 -6.0
-26.05 -2.63
0 0 0
-17.77 -0.87
-16.4 -6.0
-12.49 -3.77
0 0 0
-16.4 -6.0
-16.46 -6.24
-12.49 -3.77
0 0 0
-0.99 -32.46
-0.99 -32.55
1.14 -32.21
0 0 0
2.15 -33.28
9.09 -30.93
2.13 -32.05
214 179 144
9.09 -30.93
2.15 -33.28
9.57 -33.28
214 179 144
-0.12 -30.67
7.83 -20.48
-0.93 -20.16
36 81 109
7.83 -20.48
-0.12 -30.67
9.2 -29.49
36 81 109
-22.21 -9.28
-18.14 -3.77
-24.27 -3.55
194 93 94
-18.14 -3.77
-17.91 -2.03
-24.27 -3.55
194 93 94
-18.14 -3.77
-17.41 -5.89
-16.97 -3.77
194 93 94
-17.41 -5.89
-18.14 -3.77
-22.21 -9.28
194 93 94
-13.71 -3.77
-15.44 -3.77
-15.51 -5.48
237 183 189
14.62 -3.49
14.12 -1.61
13.67 -4.48
237 183 189
14.5 -5.27
14.62 -3.49
13.67 -4.48
237 183 189
14.19 -1.64
14.12 -1.61
14.62 -3.49
237 183 189
17.67 -6.42
24.02 -4.02
16.1 -2.2
188 74 75
17.67 -6.42
22.02 -8.86
24.02 -4.02
188 74 75
9.09 -19.22
7.96 0.81
-1.78 -18.91
171 44 44
-1.22 -15.25
-3.85 -2.54
-11.15 -10.94
173 60 71
6.62 2.38
-1.22 -15.25
7.77 2.83
173 60 71
6.62 2.38
-3.85 -2.54
-1.22 -15.25
173 60 71
-3.85 -2.54
-9.39 -3.77
-11.15 -10.94
173 60 71
-9.39 -1.51
-9.39 -3.77
-3.85 -2.54
173 60 71
-9.39 -3.77
-10.01 -3.77
-11.15 -10.94
173 60 71
-11.49 -11.96
-8.99 -18.51
-1.75 -16.32
199 88 88
-12.04 -18.04
-11.49 -11.96
-12.37 -18.34
199 88 88
-12.04 -18.04
-8.99 -18.51
-11.49 -11.96
199 88 88
-8.99 -18.51
-2.99 -18.81
-1.75 -16.32
199 88 88
-12.08 -18.35
-12.04 -18.04
-12.37 -18.34
199 88 88
9.78 12.07
17.73 11.83
8.11 32.89
168 107 173
7.77 23.36
-10.25 32.33
-17.3 24.49
158 96 162
7.32 32.89
-10.25 32.33
7.77 23.36
158 96 162
0.04 10.66
-9.76 23.23
-16.86 11.02
125 64 125
-9.76 23.23
0.04 10.66
5.98 22.26
125 64 125
-19.05 9.8
-10.92 23.58
-21.65 15.55
164 102 170
-10.92 23.58
-17.36 24.06
-21.65 15.55
164 102 170
8.66 4.68
7.77 22.42
-4.05 -0.53
218 188 155
-2.47 -31.62
-3.94 -29.22
-10.47 -31.8
218 188 155
-3.94 -29.22
-10.14 -28.59
-10.47 -31.8
218 188 155
-5.48 -0.59
-9.39 9.79
-9.39 0.0
220 181 143
-9.39 9.79
-5.48 -0.59
-0.28 9.64
220 181 143
-11.25 -2.06
-14.76 9.85
-16.46 -1.92
133 78 120
-14.76 9.85
-11.25 -2.06
-11.07 9.8
133 78 120
12.53 -3.14
14.41 10.33
9.88 10.31
129 61 126
10.45 -3.14
12.53 -3.14
9.88 10.31
129 61 126
-2.51 -20.22
-10.93 -18.86
-12.33 -27.07
50 98 118
-5.02 -28.42
-2.25 -21.46
-11.18 -27.62
64 118 137
-3.15 -28.53
-2.41 -28.76
-2.25 -21.46
64 118 137
-5.02 -28.42
-3.15 -28.53
-2.25 -21.46
64 118 137
-3.15 -28.53
-3.05 -28.68
-2.41 -28.76
64 118 137
-10.4 34.66
16.36 10.28
8.8 34.66
0 0 0
16.36 10.28
19.73 10.57
8.8 34.66
0 0 0
16.21 -1.31
16.36 10.28
9.14 -0.99
0 0 0
16.21 -1.31
24.34 -8.58
25.41 -0.98
0 0 0
-18.1 7.91
16.36 10.28
-10.4 34.66
0 0 0
-18.1 7.91
-23.8 16.02
-19.25 5.9
0 0 0
16.36 10.28
-18.1 7.91
9.14 -0.99
0 0 0
-23.6 -9.84
-20.55 -0.94
-25.41 -1.18
0 0 0
-19.25 25.21
-18.1 7.91
-10.4 34.66
0 0 0
-18.1 7.91
-19.25 25.21
-23.8 16.02
0 0 0
-11.62 -2.73
-18.1 7.91
-19.25 5.9
0 0 0
-20.55 -0.94
-11.62 -2.73
-19.25 5.9
0 0 0
-11.62 -2.73
-20.55 -0.94
-12.38 -3.48
0 0 0
-18.1 7.91
-11.62 -2.73
9.14 -0.99
0 0 0
-1.12 -20.24
-12.52 -4.41
-12.71 -19.81
0 0 0
-11.62 -2.73
-1.12 -20.24
9.14 -0.99
0 0 0
-1.12 -20.24
-11.62 -2.73
-12.52 -4.41
0 0 0
10.97 -31.1
10.17 -18.23
9.82 -18.24
0 0 0
10.17 -18.23
10.97 -31.1
11.23 -31.07
0 0 0
11.48 -34.66
10.97 -31.1
1.79 -34.66
0 0 0
10.97 -31.1
1.79 -32.1
1.79 -34.66
0 0 0
16.21 -1.31
15.55 -6.13
24.34 -8.58
0 0 0
-1.21 -27.91
10.97 -31.1
9.82 -18.24
0 0 0
10.97 -31.1
-1.21 -27.91
1.79 -32.1
0 0 0
15.45 -5.94
15.55 -6.13
16.21 -1.31
0 0 0
-1.02 -20.25
-1.21 -27.91
9.82 -18.24
0 0 0
-1.12 -20.24
-1.02 -20.25
9.14 -0.99
0 0 0
-11.83 -26.39
-1.12 -20.24
-12.71 -19.81
0 0 0
-1.02 -20.25
11.82 -4.98
9.14 -0.99
0 0 0
11.82 -4.98
-1.02 -20.25
9.82 -18.24
0 0 0
-16.7 -6.37
-20.55 -0.94
-23.6 -9.84
0 0 0
-1.21 -27.91
-1.32 -30.21
1.79 -32.1
0 0 0
-1.32 -30.21
-0.57 -32.35
1.79 -32.1
0 0 0
-2.92 -27.67
-1.21 -27.91
-1.12 -20.24
0 0 0
-11.83 -26.39
-2.92 -27.67
-1.12 -20.24
0 0 0
-2.92 -27.67
-11.83 -26.39
-12.2 -30.46
0 0 0
-1.32 -30.21
-2.92 -27.67
-12.2 -30.46
0 0 0
-13.59 -26.13
-11.83 -26.39
-12.71 -19.81
0 0 0
15.45 -5.94
13.01 -4.82
15.41 -7.18
0 0 0
13.01 -4.82
15.45 -5.94
16.21 -1.31
0 0 0
-13.23 -4.31
-16.7 -6.37
-16.76 -7.76
0 0 0
-13.23 -4.31
-12.52 -4.41
-12.38 -3.48
0 0 0
-20.55 -0.94
-13.23 -4.31
-12.38 -3.48
0 0 0
-16.7 -6.37
-13.23 -4.31
-20.55 -0.94
0 0 0
11.53 -3.35
16.21 -1.31
9.14 -0.99
0 0 0
11.53 -3.35
13.01 -4.82
16.21 -1.31
0 0 0
13.01 -4.82
11.53 -3.35
11.82 -4.98
0 0 0
2.8 -33.2
9.82 -31.23
2.78 -31.99
214 179 144
9.82 -31.23
2.8 -33.2
10.23 -33.2
214 179 144
0.38 -30.52
8.83 -20.61
0.12 -20.29
36 81 109
8.83 -20.61
0.38 -30.52
9.75 -29.82
36 81 109
-22.66 -8.37
-21.16 -3.16
-23.79 -2.38
194 93 94
-21.16 -3.16
-20.89 -2.16
-23.79 -2.38
194 93 94
-21.16 -3.16
-17.39 -5.77
-16.65 -3.81
194 93 94
-17.39 -5.77
-21.16 -3.16
-22.66 -8.37
194 93 94
-14.31 -4.15
-15.73 -3.95
-15.8 -5.56
237 183 189
-11.93 -0.39
-11.64 -1.23
-11.64 -0.28
237 183 189
-11.64 -1.23
-11.43 -1.42
-11.41 -1.27
237 183 189
-11.43 -1.42
-11.64 -1.23
-12.18 -2.14
237 183 189
-11.64 -1.23
-11.93 -0.39
-12.18 -2.14
237 183 189
9.12 -0.52
10.98 -0.3
9.08 0.63
237 183 189
10.98 -0.3
9.12 -0.52
11.41 -2.69
237 183 189
14.23 -5.37
14.27 -4.64
13.56 -4.74
237 183 189
18.02 -5.88
22.85 -7.12
23.55 -1.94
188 74 75
18.02 -5.88
16.19 -2.16
16.18 -3.25
188 74 75
16.19 -2.16
18.02 -5.88
23.55 -1.94
188 74 75
-1.1 -17.77
7.69 0.71
-1.43 -17.72
171 44 44
7.69 0.71
-1.1 -17.77
8.8 -19.3
171 44 44
-1.1 -17.77
-1.11 -19.02
8.8 -19.3
171 44 44
-1.5 -15.34
-4.12 -2.62
-11.43 -11.02
173 60 71
6.43 2.34
-1.5 -15.34
7.48 2.74
173 60 71
6.43 2.34
-4.12 -2.62
-1.5 -15.34
173 60 71
-4.12 -2.62
-9.92 -1.54
-11.43 -11.02
173 60 71
-12.19 -16.06
-11.77 -12.05
-12.65 -18.43
199 88 88
-11.77 -12.05
-12.19 -16.06
-2.04 -16.41
199 88 88
-12.19 -16.06
-2.6 -17.54
-2.04 -16.41
199 88 88
-12.51 -18.43
-12.19 -16.06
-12.65 -18.43
199 88 88
16.38 12.2
17.45 11.74
7.84 32.79
168 107 173
9.5 11.98
13.97 11.85
7.84 32.79
168 107 173
13.97 11.85
16.38 12.2
7.84 32.79
168 107 173
16.38 12.2
16.38 11.78
17.45 11.74
168 107 173
16.38 11.78
13.97 11.85
9.5 11.98
168 107 173
7.48 23.27
-10.53 32.24
-17.58 24.4
158 96 162
7.05 32.79
-10.53 32.24
7.48 23.27
158 96 162
-10.05 23.15
-0.25 10.57
5.7 22.17
125 64 125
-15.82 10.91
-10.05 23.15
-17.04 11.1
125 64 125
-10.05 23.15
-15.82 10.91
-0.25 10.57
125 64 125
-19.35 9.71
-11.2 23.48
-21.93 15.46
164 102 170
-11.2 23.48
-17.65 23.98
-21.93 15.46
164 102 170
8.38 4.59
7.48 22.34
-4.34 -0.62
218 188 155
-3.11 -29.38
-4.57 -26.98
-11.11 -29.57
218 188 155
-4.57 -26.98
-10.78 -26.36
-11.11 -29.57
218 188 155
-5.77 -0.68
-10.35 9.71
-10.4 0.02
220 181 143
-10.35 9.71
-5.77 -0.68
-0.55 9.55
220 181 143
-14.11 -2.45
-15.88 9.84
-19.25 -1.56
133 78 120
-15.88 9.84
-14.11 -2.45
-12.23 9.27
133 78 120
14.85 -3.15
14.81 10.45
10.32 9.79
129 61 126
12.8 -3.45
14.85 -3.15
10.32 9.79
129 61 126
-2.66 -18.24
-11.08 -16.88
-12.49 -25.09
50 98 118
-8.44 -26.02
-2.41 -19.48
-11.34 -25.65
64 118 137
-3.79 -26.3
-2.55 -26.79
-2.41 -19.48
64 118 137
-8.44 -26.02
-3.79 -26.3
-2.41 -19.48
64 118 137
-3.79 -26.3
-3.56 -26.65
-2.55 -26.79
64 118 137
