-14.47 9.27
-16.75 31.58
-21.2 19.61
0 0 0
-14.47 9.27
17.26 12.05
-16.75 31.58
0 0 0
10.54 43.89
17.26 12.05
21.2 12.51
0 0 0
-16.75 31.58
17.26 12.05
10.54 43.89
0 0 0
-8.13 43.89
-16.75 31.58
10.54 43.89
0 0 0
13.65 -7.28
-14.47 9.27
-11.83 -6.3
0 0 0
13.65 -7.28
17.26 12.05
-14.47 9.27
0 0 0
-14.47 9.27
-16.75 6.42
-11.83 -6.3
0 0 0
-16.75 6.42
-15.96 -6.3
-11.83 -6.3
0 0 0
10.94 -43.89
1.5 -39.67
1.5 -43.89
0 0 0
10.2 -37.77
1.5 -39.67
10.94 -43.89
0 0 0
-11.33 -23.59
-7.88 -27.21
11.55 -25.0
0 0 0
13.65 -7.28
15.02 -7.28
17.26 12.05
0 0 0
-15.54 9.27
-14.47 9.27
-21.2 19.61
0 0 0
-16.75 6.42
-15.54 9.27
-21.2 19.61
0 0 0
-13.38 -9.01
-11.33 -23.59
-11.83 -6.3
0 0 0
-11.33 -23.59
-13.38 -9.01
-18.7 -18.22
0 0 0
14.13 -8.79
-11.33 -23.59
11.55 -25.0
0 0 0
18.2 -21.6
14.13 -8.79
11.55 -25.0
0 0 0
14.13 -8.79
13.65 -7.28
-11.83 -6.3
0 0 0
-11.33 -23.59
14.13 -8.79
-11.83 -6.3
0 0 0
10.95 -28.15
1.5 -39.67
10.2 -37.77
0 0 0
12.16 -37.45
10.95 -28.15
10.2 -37.77
0 0 0
-7.88 -27.21
10.95 -28.15
11.55 -25.0
0 0 0
10.95 -28.15
11.65 -28.18
11.55 -25.0
0 0 0
-13.39 -9.01
-13.38 -9.01
-11.83 -6.3
0 0 0
-11.33 -23.59
-11.7 -27.02
-7.88 -27.21
0 0 0
-8.58 -33.96
-6.38 -34.38
-7.88 -27.21
0 0 0
-6.38 -34.38
10.95 -28.15
-7.88 -27.21
0 0 0
10.95 -28.15
-6.38 -34.38
1.5 -39.67
0 0 0
-6.38 -34.38
-6.75 -39.92
1.5 -39.67
0 0 0
14.13 -8.78
14.13 -8.79
18.2 -21.6
0 0 0
2.76 -37.3
3.48 -36.27
2.16 -36.02
36 81 109
3.48 -36.27
2.76 -37.3
10.66 -36.27
36 81 109
9.45 -28.07
3.48 -36.27
10.66 -36.27
36 81 109
3.48 -36.27
9.45 -28.07
3.55 -27.78
36 81 109
9.02 -38.08
3.84 -39.6
9.71 -42.14
214 179 144
2.48 -42.14
3.84 -39.6
2.44 -39.64
214 179 144
3.84 -39.6
2.48 -42.14
9.71 -42.14
214 179 144
3.43 -38.72
3.84 -39.6
9.02 -38.08
214 179 144
-11.17 -22.08
-10.39 -14.83
-16.75 -17.85
194 93 94
-10.39 -14.83
-12.7 -10.34
-16.75 -17.85
194 93 94
-10.23 -13.27
-9.48 -6.3
-12.17 -9.5
237 183 189
-9.48 -6.3
-10.44 -6.3
-12.17 -9.5
237 183 189
11.21 -13.53
13.25 -10.21
11.03 -7.28
237 183 189
13.25 -10.21
12.34 -7.28
11.03 -7.28
237 183 189
16.41 -20.24
13.77 -11.78
11.31 -16.79
188 74 75
11.34 -17.71
16.41 -20.24
11.31 -16.79
188 74 75
11.34 -17.71
11.62 -22.74
16.41 -20.24
188 74 75
3.59 -23.06
9.46 -0.33
1.25 -22.58
171 44 44
9.46 -0.33
3.59 -23.06
10.54 -26.42
171 44 44
3.59 -23.06
3.57 -26.16
10.54 -26.42
171 44 44
0.52 -21.25
-2.04 -4.7
-9.14 -15.63
173 60 71
8.3 1.81
0.52 -21.25
9.27 2.31
173 60 71
8.3 1.81
-2.04 -4.7
0.52 -21.25
173 60 71
-2.04 -4.7
-7.44 -6.3
-9.14 -15.63
173 60 71
-7.44 -3.34
-7.44 -6.3
-2.04 -4.7
173 60 71
-7.44 -6.3
-8.04 -6.3
-9.14 -15.63
173 60 71
-7.21 -20.83
-9.47 -16.97
-10.34 -25.28
199 88 88
-9.47 -16.97
-7.21 -20.83
-0.81 -22.15
199 88 88
-7.69 -25.46
-7.21 -20.83
-10.34 -25.28
199 88 88
11.23 14.34
18.98 14.03
9.61 41.46
168 107 173
9.27 29.05
-8.27 40.74
-15.12 30.52
158 96 162
8.84 41.46
-8.27 40.74
9.27 29.05
158 96 162
1.75 12.51
-7.79 28.88
-14.71 12.97
125 64 125
-7.79 28.88
1.75 12.51
7.54 27.62
125 64 125
-16.84 11.38
-8.92 29.33
-19.37 18.88
164 102 170
-8.92 29.33
-15.2 29.96
-19.37 18.88
164 102 170
10.13 4.71
9.27 27.83
-2.23 -2.07
218 188 155
2.11 -38.52
0.68 -35.4
-5.69 -38.75
218 188 155
0.68 -35.4
-5.37 -34.57
-5.69 -38.75
218 188 155
-3.62 -2.15
-7.44 11.37
-7.44 -1.38
220 181 143
-7.44 11.37
-3.62 -2.15
1.43 11.18
220 181 143
-9.25 -4.07
-12.67 11.46
-14.32 -3.89
133 78 120
-12.67 11.46
-9.25 -4.07
-9.06 11.38
133 78 120
13.91 -5.48
15.74 12.08
11.33 12.05
129 61 126
11.88 -5.48
13.91 -5.48
11.33 12.05
129 61 126
2.07 -23.67
-6.12 -21.9
-7.5 -32.6
50 98 118
-0.47 -34.34
2.32 -25.29
-6.38 -33.31
64 118 137
1.45 -34.49
2.16 -34.8
2.32 -25.29
64 118 137
-0.47 -34.34
1.45 -34.49
2.32 -25.29
64 118 137
1.45 -34.49
1.54 -34.69
2.16 -34.8
64 118 137
