12.39 33.59
20.28 8.03
24.89 8.41
0 0 0
-9.56 33.59
20.28 8.03
12.39 33.59
0 0 0
20.28 8.03
-9.56 33.59
-17.0 5.8
0 0 0
-18.27 5.8
-17.0 5.8
-24.89 14.1
0 0 0
-17.0 5.8
-19.68 3.52
-14.91 -6.7
0 0 0
-19.68 3.52
-18.73 -6.7
-14.91 -6.7
0 0 0
-19.68 3.52
-18.27 5.8
-24.89 14.1
0 0 0
13.25 -14.55
15.8 -7.48
-14.91 -6.7
0 0 0
15.8 -7.48
-17.0 5.8
-14.91 -6.7
0 0 0
15.8 -7.48
20.28 8.03
-17.0 5.8
0 0 0
-17.0 5.8
-19.68 23.7
-24.89 14.1
0 0 0
-9.56 33.59
-19.68 23.7
-17.0 5.8
0 0 0
12.24 -33.59
11.43 -29.31
1.96 -33.59
0 0 0
-12.61 -16.12
13.25 -14.55
-14.91 -6.7
0 0 0
-22.18 -11.74
-12.61 -16.12
-14.91 -6.7
0 0 0
-12.61 -16.12
-22.18 -11.74
-13.93 -19.01
0 0 0
-12.29 -23.36
-12.61 -16.12
-13.93 -19.01
0 0 0
11.43 -29.31
1.96 -30.31
1.96 -33.59
0 0 0
11.43 -29.31
13.56 -29.09
12.57 -24.22
0 0 0
-13.73 -23.31
-12.29 -23.36
-13.93 -19.01
0 0 0
-11.33 -29.39
-12.29 -23.36
-13.12 -29.14
0 0 0
-12.29 -23.36
0.07 -23.79
-12.61 -16.12
0 0 0
-12.61 -16.12
0.07 -23.79
13.25 -14.55
0 0 0
-11.33 -29.39
0.07 -23.79
-12.29 -23.36
0 0 0
17.63 -7.48
15.8 -7.48
13.25 -14.55
0 0 0
21.95 -13.23
17.63 -7.48
13.25 -14.55
0 0 0
15.8 -7.48
17.63 -7.48
20.28 8.03
0 0 0
15.39 -18.99
21.95 -13.23
13.25 -14.55
0 0 0
0.26 -23.79
12.57 -24.22
13.25 -14.55
0 0 0
0.07 -23.79
0.26 -23.79
13.25 -14.55
0 0 0
0.26 -23.79
11.43 -29.31
12.57 -24.22
0 0 0
0.26 -23.79
1.96 -30.31
11.43 -29.31
0 0 0
-1.29 -30.77
0.07 -23.79
-11.33 -29.39
0 0 0
-1.29 -30.77
-11.33 -29.39
-11.79 -31.48
0 0 0
-0.34 -32.71
-1.29 -30.77
-11.79 -31.48
0 0 0
-1.29 -30.77
1.14 -30.39
0.07 -23.79
0 0 0
0.26 -23.79
1.14 -30.39
1.96 -30.31
0 0 0
-0.02 -30.95
1.14 -30.39
-1.29 -30.77
0 0 0
-2.11 -31.63
-2.6 -30.59
-10.54 -30.73
218 188 155
-2.6 -30.59
-10.26 -29.54
-10.54 -30.73
218 188 155
11.9 2.15
10.88 20.7
-2.62 -3.3
218 188 155
2.05 -29.09
10.99 -24.16
1.45 -23.84
36 81 109
10.99 -24.16
2.05 -29.09
11.93 -28.27
36 81 109
3.03 -32.37
10.14 -29.52
2.98 -30.05
214 179 144
10.14 -29.52
3.03 -32.37
10.89 -32.37
214 179 144
-11.95 -11.87
-13.73 -7.44
-19.88 -12.05
194 93 94
-12.03 -12.36
-11.95 -11.87
-19.88 -12.05
194 93 94
-14.29 -17.13
-12.03 -12.36
-19.88 -12.05
194 93 94
-11.67 -10.11
-11.14 -6.7
-12.96 -6.95
237 183 189
-11.14 -6.7
-12.61 -6.7
-12.96 -6.95
237 183 189
19.61 -13.01
14.18 -7.88
13.14 -12.12
188 74 75
13.19 -13.1
19.61 -13.01
13.14 -12.12
188 74 75
13.19 -13.1
15.14 -16.98
19.61 -13.01
188 74 75
12.39 -22.84
0.08 -22.32
0.08 -22.53
171 44 44
11.11 -1.91
0.08 -22.32
12.39 -22.84
171 44 44
0.62 -18.69
-2.39 -5.41
-10.74 -14.19
173 60 71
9.69 -0.2
0.62 -18.69
10.88 0.22
173 60 71
9.69 -0.2
-2.39 -5.41
0.62 -18.69
173 60 71
-2.39 -5.41
-8.73 -6.7
-10.74 -14.19
173 60 71
-8.73 -4.32
-8.73 -6.7
-2.39 -5.41
173 60 71
-8.73 -6.7
-9.45 -6.7
-10.74 -14.19
173 60 71
-11.64 -18.95
-11.13 -15.26
-12.13 -21.92
199 88 88
-12.08 -21.93
-11.64 -18.95
-12.13 -21.92
199 88 88
-11.13 -15.26
-0.43 -20.6
-0.0 -19.8
199 88 88
-11.64 -18.95
-0.43 -20.6
-11.13 -15.26
199 88 88
13.2 9.88
22.28 9.62
11.29 31.63
168 107 173
10.89 21.68
-9.71 31.05
-17.77 22.85
158 96 162
10.38 31.63
-9.71 31.05
10.89 21.68
158 96 162
2.05 8.41
-9.15 21.55
-17.27 8.77
125 64 125
-9.15 21.55
2.05 8.41
8.85 20.54
125 64 125
-19.8 7.49
-10.47 21.91
-22.75 13.52
164 102 170
-10.47 21.91
-17.84 22.41
-22.75 13.52
164 102 170
-4.27 -3.37
1.68 7.34
-8.73 7.48
220 181 143
-8.73 -2.75
-4.27 -3.37
-8.73 7.48
220 181 143
-10.86 -4.91
-14.88 7.55
-16.82 -4.76
133 78 120
-14.88 7.55
-10.86 -4.91
-10.65 7.49
133 78 120
16.33 -6.03
18.49 8.05
13.31 8.04
129 61 126
13.96 -6.03
16.33 -6.03
13.31 8.04
129 61 126
-1.54 -21.16
-10.46 -19.77
-11.96 -28.09
50 98 118
-1.43 -29.8
-1.27 -22.41
-10.73 -28.63
64 118 137
