-10.11 30.39
15.98 8.37
9.09 30.39
0 0 0
15.98 8.37
20.02 8.69
9.09 30.39
0 0 0
-12.27 -18.71
9.44 -19.43
9.57 -5.01
0 0 0
-16.62 6.44
15.98 8.37
-10.11 30.39
0 0 0
15.98 8.37
-16.62 6.44
9.57 -5.01
0 0 0
14.32 -1.2
15.98 8.37
9.57 -5.01
0 0 0
13.1 -5.01
14.32 -1.2
9.57 -5.01
0 0 0
-13.44 -26.26
-11.18 -26.55
-12.27 -18.71
0 0 0
-18.96 21.88
-16.62 6.44
-10.11 30.39
0 0 0
-16.62 6.44
-18.96 21.88
-23.52 13.6
0 0 0
-16.62 6.44
-11.5 -4.33
9.57 -5.01
0 0 0
-11.5 -4.33
-16.62 6.44
-12.5 -4.33
0 0 0
-11.5 -4.33
-12.27 -18.71
9.57 -5.01
0 0 0
-16.62 6.44
-17.77 -1.71
-12.5 -4.33
0 0 0
14.32 -1.2
15.93 -2.1
15.93 -1.9
0 0 0
13.1 -5.01
15.93 -2.1
14.32 -1.2
0 0 0
-2.41 -27.69
9.44 -19.43
-12.27 -18.71
0 0 0
-11.18 -26.55
-2.41 -27.69
-12.27 -18.71
0 0 0
-2.41 -27.69
-11.18 -26.55
-11.56 -30.39
0 0 0
-17.77 -1.71
-16.4 -6.33
-12.5 -4.33
0 0 0
-17.72 6.44
-16.62 6.44
-23.52 13.6
0 0 0
-18.96 4.47
-17.72 6.44
-23.52 13.6
0 0 0
9.44 -19.43
10.2 -19.46
9.57 -5.01
0 0 0
15.72 -6.65
23.09 -10.51
26.05 -4.15
0 0 0
15.93 -2.1
15.72 -6.65
26.05 -4.15
0 0 0
15.72 -6.65
15.93 -2.1
13.1 -5.01
0 0 0
15.68 -7.31
15.72 -6.65
13.1 -5.01
0 0 0
-16.46 -6.55
-16.47 -7.83
-12.5 -4.33
0 0 0
-16.4 -6.33
-16.46 -6.55
-12.5 -4.33
0 0 0
-22.9 -10.74
-16.46 -6.55
-26.05 -3.29
0 0 0
-16.46 -6.55
-17.77 -1.71
-26.05 -3.29
0 0 0
-16.46 -6.55
-16.4 -6.33
-17.77 -1.71
0 0 0
1.14 -28.26
10.25 -27.12
9.44 -19.43
0 0 0
-2.41 -27.69
-1.06 -27.82
9.44 -19.43
0 0 0
-1.06 -27.82
1.14 -28.26
9.44 -19.43
0 0 0
10.25 -27.12
1.14 -30.26
10.84 -30.26
0 0 0
1.14 -30.26
10.25 -27.12
1.14 -28.26
0 0 0
-0.69 -30.17
-2.41 -27.69
-11.56 -30.39
0 0 0
-1.06 -27.82
-1.07 -27.87
1.14 -28.26
0 0 0
-1.07 -27.87
-0.99 -28.53
1.14 -28.26
0 0 0
-1.07 -27.87
-1.06 -27.82
-2.41 -27.69
0 0 0
-22.21 -9.29
-18.14 -4.33
-24.27 -4.12
194 93 94
-18.14 -4.33
-17.91 -2.75
-24.27 -4.12
194 93 94
-18.14 -4.33
-17.41 -6.23
-16.98 -4.33
194 93 94
-17.41 -6.23
-18.14 -4.33
-22.21 -9.29
194 93 94
-13.72 -4.33
-15.44 -4.33
-15.51 -5.86
237 183 189
14.62 -4.07
14.12 -2.38
13.67 -4.97
237 183 189
14.5 -5.68
14.62 -4.07
13.67 -4.97
237 183 189
14.19 -2.41
14.12 -2.38
14.62 -4.07
237 183 189
17.67 -6.71
24.02 -4.55
16.1 -2.91
188 74 75
17.67 -6.71
22.02 -8.9
24.02 -4.55
188 74 75
9.01 -17.06
7.96 -0.2
-1.56 -17.58
171 44 44
-1.22 -14.66
-3.85 -3.22
-11.15 -10.78
173 60 71
6.7 1.26
-1.22 -14.66
7.77 1.63
173 60 71
6.7 1.26
-3.85 -3.22
-1.22 -14.66
173 60 71
-3.85 -3.22
-9.39 -4.33
-11.15 -10.78
173 60 71
-9.39 -2.28
-9.39 -4.33
-3.85 -3.22
173 60 71
-9.39 -4.33
-10.01 -4.33
-11.15 -10.78
173 60 71
-11.49 -11.71
-8.9 -17.62
-1.75 -15.63
199 88 88
-12.04 -17.18
-11.49 -11.71
-12.37 -17.46
199 88 88
-12.04 -17.18
-8.9 -17.62
-11.49 -11.71
199 88 88
-8.9 -17.62
-2.99 -17.88
-1.75 -15.63
199 88 88
-12.08 -17.47
-12.04 -17.18
-12.37 -17.46
199 88 88
9.78 9.95
17.73 9.74
8.11 28.71
168 107 173
7.77 20.13
-10.25 28.22
-17.3 21.14
158 96 162
7.32 28.71
-10.25 28.22
7.77 20.13
158 96 162
0.04 8.69
-9.76 20.01
-16.86 9.01
125 64 125
-9.76 20.01
0.04 8.69
5.98 19.14
125 64 125
-19.05 7.91
-10.92 20.32
-21.65 13.09
164 102 170
-10.92 20.32
-17.36 20.76
-21.65 13.09
164 102 170
8.66 3.29
7.77 19.28
-4.05 -1.4
218 188 155
-2.47 -29.42
-3.94 -27.26
-10.47 -29.58
218 188 155
-3.94 -27.26
-10.14 -26.69
-10.47 -29.58
218 188 155
-5.48 -1.46
-0.28 7.76
-9.39 7.9
220 181 143
-9.39 -0.93
-5.48 -1.46
-9.39 7.9
220 181 143
-11.25 -2.78
-14.76 7.96
-16.46 -2.66
133 78 120
-14.76 7.96
-11.25 -2.78
-11.07 7.91
133 78 120
12.53 -3.76
14.41 8.39
9.88 8.37
129 61 126
10.45 -3.76
12.53 -3.76
9.88 8.37
129 61 126
2.15 -29.1
9.09 -27.26
2.13 -28.14
214 179 144
9.09 -27.26
2.15 -29.1
9.57 -29.1
214 179 144
-0.12 -27.06
7.73 -18.57
-0.99 -18.23
36 81 109
7.73 -18.57
-0.12 -27.06
9.2 -26.14
36 81 109
-2.51 -19.15
-10.93 -17.92
-12.33 -25.32
50 98 118
-4.97 -26.54
-2.25 -20.27
-11.18 -25.82
64 118 137
-3.15 -26.64
-2.41 -26.84
-2.25 -20.27
64 118 137
-4.97 -26.54
-3.15 -26.64
-2.25 -20.27
64 118 137
-3.15 -26.64
-3.06 -26.76
-2.41 -26.84
64 118 137
-9.44 30.54
16.77 7.22
9.75 30.54
0 0 0
16.77 7.22
20.69 7.55
9.75 30.54
0 0 0
-22.85 12.75
-15.86 5.18
-18.29 21.52
0 0 0
-15.86 5.18
-9.44 30.54
-18.29 21.52
0 0 0
-9.44 30.54
-15.86 5.18
16.77 7.22
0 0 0
10.25 -6.84
-15.86 5.18
-10.82 -6.16
0 0 0
-15.86 5.18
10.25 -6.84
16.77 7.22
0 0 0
-19.32 -15.91
-14.43 -9.98
-24.56 -9.75
0 0 0
-14.43 -9.98
-17.43 -5.92
-24.56 -9.75
0 0 0
-11.58 -20.54
10.25 -6.84
-10.82 -6.16
0 0 0
10.25 -6.84
-11.58 -20.54
10.67 -21.29
0 0 0
-17.05 5.18
-15.86 5.18
-22.85 12.75
0 0 0
-18.29 3.09
-17.05 5.18
-22.85 12.75
0 0 0
-14.43 -9.98
-14.44 -9.79
-17.43 -5.92
0 0 0
2.09 -28.42
11.2 -27.28
10.67 -21.29
0 0 0
11.2 -27.28
10.88 -21.3
10.67 -21.29
0 0 0
10.88 -21.3
11.2 -27.28
11.68 -27.22
0 0 0
11.2 -27.28
2.09 -30.41
11.78 -30.41
0 0 0
2.09 -30.41
11.2 -27.28
2.09 -28.42
0 0 0
10.25 -6.84
14.8 -4.2
16.77 7.22
0 0 0
-0.12 -27.9
2.09 -28.42
10.67 -21.29
0 0 0
-11.58 -20.54
-0.12 -27.9
10.67 -21.29
0 0 0
-11.63 -6.16
-18.29 3.09
-17.43 -5.92
0 0 0
-14.44 -9.79
-11.63 -6.16
-17.43 -5.92
0 0 0
-15.86 5.18
-11.63 -6.16
-10.82 -6.16
0 0 0
-18.29 3.09
-11.63 -6.16
-15.86 5.18
0 0 0
11.51 -6.84
14.8 -4.2
10.25 -6.84
0 0 0
14.23 -9.06
11.51 -6.84
14.18 -9.52
0 0 0
11.51 -6.84
14.23 -9.06
14.8 -4.2
0 0 0
14.8 -4.2
14.23 -9.06
24.56 -8.95
0 0 0
14.23 -9.06
20.1 -14.37
24.56 -8.95
0 0 0
-0.12 -27.9
-0.12 -28.02
2.09 -28.42
0 0 0
-0.12 -28.02
-0.03 -28.68
2.09 -28.42
0 0 0
-1.46 -27.85
-0.12 -27.9
-11.58 -20.54
0 0 0
-10.23 -26.71
-1.46 -27.85
-11.58 -20.54
0 0 0
-1.46 -27.85
-0.12 -28.02
-0.12 -27.9
0 0 0
-1.46 -27.85
-10.23 -26.71
-10.61 -30.54
0 0 0
0.27 -30.32
-1.46 -27.85
-10.61 -30.54
0 0 0
-12.48 -26.42
-10.23 -26.71
-11.58 -20.54
0 0 0
-19.1 -14.32
-15.63 -10.2
-22.61 -10.01
194 93 94
-15.63 -10.2
-16.19 -6.35
-22.61 -10.01
194 93 94
-14.92 -9.02
-12.64 -6.16
-15.34 -6.16
237 183 189
13.1 -7.82
13.22 -6.84
12.08 -6.84
237 183 189
15.81 -9.34
22.49 -8.83
15.24 -5.26
188 74 75
15.81 -9.34
19.48 -12.55
22.49 -8.83
188 74 75
9.57 -17.23
8.64 -2.03
0.05 -17.7
171 44 44
-0.54 -16.5
-3.17 -5.05
-10.47 -12.61
173 60 71
4.72 -1.51
-0.54 -16.5
8.44 -0.21
173 60 71
4.72 -1.51
-3.17 -5.05
-0.54 -16.5
173 60 71
-3.17 -5.05
-8.72 -6.16
-10.47 -12.61
173 60 71
-8.72 -4.06
-8.72 -6.16
-3.17 -5.05
173 60 71
-8.72 -6.16
-9.34 -6.16
-10.47 -12.61
173 60 71
-11.09 -17.33
-10.81 -13.54
-11.69 -19.29
199 88 88
-11.39 -19.3
-11.09 -17.33
-11.69 -19.29
199 88 88
-10.81 -13.54
-1.27 -17.76
-1.08 -17.46
199 88 88
-11.09 -17.33
-1.27 -17.76
-10.81 -13.54
199 88 88
-1.72 -18.64
-1.27 -17.76
-11.09 -17.33
199 88 88
-1.72 -18.64
-1.27 -17.8
-1.27 -17.76
199 88 88
-1.27 -17.76
-1.24 -17.76
-1.08 -17.46
199 88 88
10.46 8.89
18.4 8.66
8.79 28.76
168 107 173
8.45 19.67
-9.57 28.23
-16.62 20.74
158 96 162
8.0 28.76
-9.57 28.23
8.45 19.67
158 96 162
0.71 7.55
-9.08 19.54
-16.18 7.89
125 64 125
-9.08 19.54
0.71 7.55
6.66 18.62
125 64 125
-18.38 6.73
-10.24 19.87
-20.97 12.22
164 102 170
-10.24 19.87
-16.68 20.34
-20.97 12.22
164 102 170
9.33 1.84
8.44 18.77
-3.37 -3.13
218 188 155
-1.52 -29.57
-2.99 -27.41
-9.52 -29.74
218 188 155
-2.99 -27.41
-9.19 -26.84
-9.52 -29.74
218 188 155
-4.81 -3.19
0.4 6.58
-8.72 6.72
220 181 143
-8.72 -2.62
-4.81 -3.19
-8.72 6.72
220 181 143
-10.57 -4.62
-14.09 6.12
-15.79 -4.49
133 78 120
-14.09 6.12
-10.57 -4.62
-10.39 6.07
133 78 120
13.21 -5.59
15.09 6.55
10.56 6.54
129 61 126
11.13 -5.59
13.21 -5.59
10.56 6.54
129 61 126
3.1 -29.26
10.04 -27.42
3.08 -28.29
214 179 144
10.04 -27.42
3.1 -29.26
10.53 -29.26
214 179 144
0.83 -27.22
8.68 -18.73
-0.03 -18.39
36 81 109
8.68 -18.73
0.83 -27.22
10.15 -26.29
36 81 109
-1.55 -19.3
-9.97 -18.07
-11.38 -25.48
50 98 118
-4.12 -26.69
-1.3 -20.42
-10.23 -25.97
64 118 137
-2.2 -26.79
-1.45 -27.0
-1.3 -20.42
64 118 137
-4.12 -26.69
-2.2 -26.79
-1.3 -20.42
64 118 137
-2.2 -26.79
-2.11 -26.92
-1.45 -27.0
64 118 137
-15.73 6.79
-18.31 24.7
-23.16 15.09
0 0 0
-15.73 6.79
-8.9 34.58
-18.31 24.7
0 0 0
11.52 34.58
18.99 9.03
23.16 9.39
0 0 0
-8.9 34.58
18.99 9.03
11.52 34.58
0 0 0
18.99 9.03
-8.9 34.58
-15.73 6.79
0 0 0
-16.99 6.79
-15.73 6.79
-23.16 15.09
0 0 0
0.99 -34.36
-0.89 -31.67
-9.89 -34.58
0 0 0
11.61 -22.2
12.24 -11.23
0.63 -25.96
0 0 0
15.31 -6.38
-15.73 6.79
-14.12 -5.64
0 0 0
12.24 -11.23
15.31 -6.38
-14.12 -5.64
0 0 0
15.31 -6.38
18.99 9.03
-15.73 6.79
0 0 0
-15.73 6.79
-18.31 4.5
-14.12 -5.64
0 0 0
-18.31 4.5
-16.99 6.79
-23.16 15.09
0 0 0
-10.29 -21.43
-9.5 -30.7
0.63 -25.96
0 0 0
-9.5 -30.7
-0.89 -31.67
0.63 -25.96
0 0 0
-0.89 -31.67
-9.5 -30.7
-9.89 -34.58
0 0 0
1.3 -31.91
2.81 -31.72
0.63 -25.96
0 0 0
-11.89 -15.53
-14.24 -6.3
-20.41 -14.17
0 0 0
-11.89 -15.53
-10.29 -21.43
0.63 -25.96
0 0 0
12.24 -11.23
-11.89 -15.53
0.63 -25.96
0 0 0
-11.89 -15.53
12.24 -11.23
-14.12 -5.64
0 0 0
-14.24 -6.3
-11.89 -15.53
-14.12 -5.64
0 0 0
2.81 -31.72
11.79 -30.59
0.63 -25.96
0 0 0
11.79 -30.59
11.61 -22.2
0.63 -25.96
0 0 0
11.79 -30.59
13.01 -30.44
11.61 -22.2
0 0 0
11.79 -30.59
2.81 -34.44
12.51 -34.44
0 0 0
2.81 -34.44
11.79 -30.59
2.81 -31.72
0 0 0
12.24 -11.23
14.45 -19.15
21.6 -16.55
0 0 0
15.31 -6.38
16.4 -6.38
18.99 9.03
0 0 0
16.4 -6.38
12.24 -11.23
21.6 -16.55
0 0 0
-18.31 4.5
-17.43 -5.64
-14.12 -5.64
0 0 0
-11.77 -30.44
-9.5 -30.7
-10.29 -21.43
0 0 0
-0.89 -31.67
0.36 -31.81
0.63 -25.96
0 0 0
-12.64 -18.2
-12.78 -21.34
-10.29 -21.43
0 0 0
-11.89 -15.53
-12.64 -18.2
-10.29 -21.43
0 0 0
-12.64 -18.2
-11.89 -15.53
-20.41 -14.17
0 0 0
15.41 -6.65
15.31 -6.38
12.24 -11.23
0 0 0
16.4 -6.38
15.41 -6.65
12.24 -11.23
0 0 0
-14.41 -6.02
-14.24 -6.3
-14.12 -5.64
0 0 0
15.41 -6.65
15.44 -6.6
15.31 -6.38
0 0 0
-13.1 -16.52
-11.46 -10.92
-18.38 -13.62
194 93 94
-11.46 -10.92
-13.66 -7.27
-18.38 -13.62
194 93 94
-11.27 -9.43
-10.51 -6.53
-13.19 -6.27
237 183 189
-10.51 -6.53
-12.73 -5.64
-13.19 -6.27
237 183 189
-12.73 -5.64
-10.51 -6.53
-10.37 -5.64
237 183 189
12.14 -8.76
13.91 -6.52
12.04 -6.38
237 183 189
13.91 -6.52
13.83 -6.38
12.04 -6.38
237 183 189
19.79 -15.28
15.24 -7.93
13.43 -12.06
188 74 75
14.93 -17.1
19.79 -15.28
13.43 -12.06
188 74 75
5.1 -20.73
10.33 -1.11
-0.03 -20.59
171 44 44
10.33 -1.11
11.31 -20.42
11.52 -20.89
171 44 44
5.1 -20.73
11.31 -20.42
10.33 -1.11
171 44 44
11.31 -20.42
11.39 -20.89
11.52 -20.89
171 44 44
0.57 -16.97
-2.23 -4.42
-10.0 -12.71
173 60 71
6.21 -0.52
0.57 -16.97
10.12 0.89
173 60 71
6.21 -0.52
-2.23 -4.42
0.57 -16.97
173 60 71
-2.23 -4.42
-8.13 -5.64
-10.0 -12.71
173 60 71
-8.13 -3.34
-8.13 -5.64
-2.23 -4.42
173 60 71
-8.13 -5.64
-8.79 -5.64
-10.0 -12.71
173 60 71
-10.36 -13.72
-7.66 -20.19
0.0 -18.02
199 88 88
-10.04 -19.89
-10.36 -13.72
-11.29 -20.02
199 88 88
-10.04 -19.89
-7.66 -20.19
-10.36 -13.72
199 88 88
-7.66 -20.19
-1.32 -20.48
0.0 -18.02
199 88 88
-10.07 -20.08
-10.04 -19.89
-11.29 -20.02
199 88 88
12.27 10.86
20.72 10.61
10.5 32.62
168 107 173
10.13 22.67
-9.04 32.05
-16.54 23.84
158 96 162
9.65 32.62
-9.04 32.05
10.13 22.67
158 96 162
1.9 9.39
-8.52 22.53
-16.07 9.76
125 64 125
-8.52 22.53
1.9 9.39
8.23 21.52
125 64 125
-18.41 8.48
-9.75 22.9
-21.17 14.5
164 102 170
-9.75 22.9
-16.61 23.4
-21.17 14.5
164 102 170
11.07 3.12
10.12 21.69
-2.45 -2.31
218 188 155
-0.8 -33.61
-2.26 -31.44
-8.8 -33.77
218 188 155
-2.26 -31.44
-8.47 -30.88
-8.8 -33.77
218 188 155
-3.97 -2.38
1.57 8.31
-8.13 8.47
220 181 143
-8.13 -1.77
-3.97 -2.38
-8.13 8.47
220 181 143
-10.1 -3.95
-13.84 7.83
-15.65 -3.81
133 78 120
-13.84 7.83
-10.1 -3.95
-9.91 7.77
133 78 120
15.2 -5.02
17.2 8.3
12.37 8.28
129 61 126
12.98 -5.02
15.2 -5.02
12.37 8.28
129 61 126
3.82 -33.3
10.57 -30.74
3.78 -31.59
214 179 144
10.57 -30.74
3.82 -33.3
11.25 -33.3
214 179 144
2.16 -30.44
10.01 -21.95
1.3 -21.6
36 81 109
10.01 -21.95
2.16 -30.44
11.48 -29.52
36 81 109
-0.72 -21.8
-8.97 -20.71
-10.65 -29.31
50 98 118
-0.92 -30.69
-0.51 -23.08
-9.53 -29.84
64 118 137
