-18.02 23.63
-22.8 14.34
-15.57 6.32
0 0 0
-18.02 23.63
-15.57 6.32
-8.75 33.2
0 0 0
-8.75 33.2
-15.57 6.32
18.42 8.46
0 0 0
-8.75 33.2
18.42 8.46
11.35 33.2
0 0 0
11.35 33.2
18.42 8.46
22.8 8.84
0 0 0
8.92 -33.2
8.46 -30.73
-1.35 -33.2
0 0 0
-1.35 -33.2
8.46 -30.73
-1.35 -29.82
0 0 0
-7.34 -29.84
-1.35 -29.82
-7.4 -28.31
0 0 0
-8.88 -28.56
-7.4 -28.31
-8.97 -21.98
0 0 0
-20.83 -11.66
-13.1 -18.27
-11.44 -14.15
0 0 0
-22.8 14.34
-18.02 4.1
-16.73 6.32
0 0 0
-22.8 14.34
-16.73 6.32
-15.57 6.32
0 0 0
-15.57 6.32
-13.43 -5.77
11.91 -7.77
0 0 0
-15.57 6.32
11.91 -7.77
18.42 8.46
0 0 0
18.42 8.46
11.91 -7.77
16.24 -5.95
0 0 0
16.24 -5.95
11.91 -7.77
21.43 -13.03
0 0 0
21.43 -13.03
11.91 -7.77
14.66 -17.41
0 0 0
10.06 -31.2
11.68 -22.72
8.46 -30.73
0 0 0
8.46 -30.73
11.68 -22.72
-1.35 -29.82
0 0 0
-1.35 -29.82
11.68 -22.72
-8.97 -21.98
0 0 0
-1.35 -29.82
-8.97 -21.98
-7.4 -28.31
0 0 0
-8.97 -21.98
11.68 -22.72
11.91 -7.77
0 0 0
-8.97 -21.98
11.91 -7.77
-11.44 -14.15
0 0 0
-11.44 -14.15
11.91 -7.77
-13.43 -5.77
0 0 0
3.12 -19.93
4.15 -26.34
9.98 -22.99
36 81 109
9.98 -22.99
4.15 -26.34
8.88 -29.83
36 81 109
8.88 -29.83
4.15 -26.34
0.02 -27.04
36 81 109
-7.49 -20.06
2.71 -25.21
1.37 -18.38
50 98 118
-7.78 -21.12
-7.74 -27.27
1.49 -25.76
64 118 137
10.34 31.3
12.09 10.26
20.41 10.02
108 65 93
-8.45 31.3
-15.83 23.37
9.98 21.68
108 65 93
-8.45 31.3
9.98 21.68
9.51 31.3
108 65 93
-8.38 21.55
-15.81 9.2
1.88 8.84
108 65 93
-8.38 21.55
1.88 8.84
8.11 20.56
108 65 93
-16.34 22.38
-20.83 13.77
-9.59 21.9
108 65 93
-9.59 21.9
-20.83 13.77
-18.12 7.96
108 65 93
12.19 9.51
12.79 -5.03
14.97 -5.03
129 61 126
12.19 9.51
14.97 -5.03
16.94 9.52
129 61 126
-13.62 8.02
-15.4 -3.9
-9.94 -4.03
133 78 120
-13.62 8.02
-9.94 -4.03
-9.75 7.96
133 78 120
10.18 -1.13
1.85 -17.42
2.69 -17.27
171 44 44
10.18 -1.13
2.69 -17.27
11.35 -21.38
171 44 44
11.35 -21.38
2.69 -17.27
3.32 -21.17
171 44 44
-8.21 -3.2
-11.11 -20.6
-9.0 -19.37
188 74 75
-8.21 -3.2
-9.0 -19.37
-2.84 -3.96
188 74 75
9.97 0.83
-2.84 -3.96
0.46 -17.67
188 74 75
0.46 -17.67
-2.84 -3.96
-9.0 -19.37
188 74 75
-8.98 -20.71
-9.0 -19.37
-11.11 -20.6
188 74 75
10.24 0.77
15.26 -15.52
19.86 -12.52
188 74 75
-18.73 -11.84
-13.47 -16.48
-10.86 -10.22
194 93 94
-18.73 -11.84
-10.86 -10.22
-11.59 -5.77
194 93 94
-11.59 -5.77
-10.86 -10.22
-10.2 -5.77
194 93 94
-0.33 -29.66
-0.28 -31.98
6.84 -29.13
214 179 144
6.84 -29.13
-0.28 -31.98
7.59 -31.98
214 179 144
9.97 20.73
-2.4 -2.48
10.91 2.79
218 188 155
-6.17 -28.1
-6.17 -28.96
1.04 -26.87
218 188 155
1.04 -26.87
-6.17 -28.96
2.31 -28.94
218 188 155
-8.7 7.96
-8.75 -1.84
-3.9 -2.55
220 181 143
-8.7 7.96
-3.9 -2.55
1.55 7.8
220 181 143
-18.03 23.58
-22.8 14.28
-15.57 6.25
0 0 0
-18.03 23.58
-15.57 6.25
-8.76 33.12
0 0 0
-8.76 33.12
-15.57 6.25
18.42 8.4
0 0 0
-8.76 33.12
18.42 8.4
11.34 33.12
0 0 0
11.34 33.12
18.42 8.4
22.8 8.77
0 0 0
8.92 -33.12
8.46 -30.66
-1.35 -32.68
0 0 0
8.92 -33.12
-1.35 -32.68
-1.35 -33.12
0 0 0
-5.79 -32.69
-1.35 -32.68
-5.85 -31.16
0 0 0
-7.33 -31.42
-5.85 -31.16
-7.45 -22.2
0 0 0
-20.23 -12.4
-12.5 -18.99
-11.95 -17.63
0 0 0
-20.23 -12.4
-11.95 -17.63
-11.99 -5.83
0 0 0
-22.8 14.28
-18.03 4.05
-16.73 6.25
0 0 0
-22.8 14.28
-16.73 6.25
-15.57 6.25
0 0 0
-15.57 6.25
-11.99 -5.83
18.42 8.4
0 0 0
18.42 8.4
-11.99 -5.83
12.01 -10.24
0 0 0
18.42 8.4
12.01 -10.24
16.12 -6.59
0 0 0
18.42 8.4
16.12 -6.59
16.15 -6.59
0 0 0
20.37 -14.62
12.01 -10.24
13.04 -17.95
0 0 0
10.06 -31.12
11.66 -22.78
8.46 -30.66
0 0 0
8.46 -30.66
11.66 -22.78
-6.92 -22.11
0 0 0
8.46 -30.66
-6.92 -22.11
-1.35 -32.68
0 0 0
-1.35 -32.68
-6.92 -22.11
-5.85 -31.16
0 0 0
-5.85 -31.16
-6.92 -22.11
-7.45 -22.2
0 0 0
-11.95 -17.63
-6.92 -22.11
-11.99 -5.83
0 0 0
-11.99 -5.83
-6.92 -22.11
12.01 -10.24
0 0 0
4.34 -20.71
5.63 -28.73
9.98 -22.92
36 81 109
9.98 -22.92
5.63 -28.73
8.88 -29.76
36 81 109
-5.94 -22.91
4.26 -28.06
2.92 -21.23
50 98 118
-6.23 -23.98
-6.19 -30.12
3.04 -28.6
64 118 137
10.33 31.25
12.08 10.2
20.4 9.95
108 65 93
-8.46 31.25
-15.84 23.3
9.97 21.62
108 65 93
-8.46 31.25
9.97 21.62
9.5 31.25
108 65 93
-8.39 21.48
-15.82 9.12
1.87 8.77
108 65 93
-8.39 21.48
1.87 8.77
8.1 20.51
108 65 93
-16.35 22.31
-20.84 13.72
-9.6 21.83
108 65 93
-9.6 21.83
-20.84 13.72
-18.13 7.89
108 65 93
12.18 9.45
12.78 -5.09
14.96 -5.09
129 61 126
12.18 9.45
14.96 -5.09
16.93 9.45
129 61 126
-13.63 7.95
-15.41 -3.95
-9.95 -4.09
133 78 120
-13.63 7.95
-9.95 -4.09
-9.76 7.89
133 78 120
10.17 -1.2
0.12 -20.85
4.24 -20.1
171 44 44
10.17 -1.2
4.24 -20.1
11.34 -21.45
171 44 44
11.34 -21.45
4.24 -20.1
4.43 -21.26
171 44 44
-8.22 -3.27
-11.12 -20.66
-2.85 -4.03
188 74 75
9.96 0.77
-2.85 -4.03
-1.28 -21.1
188 74 75
-1.28 -21.1
-2.85 -4.03
-1.45 -21.13
188 74 75
-1.45 -21.13
-2.85 -4.03
-11.12 -20.66
188 74 75
11.3 0.67
13.91 -16.17
18.9 -13.87
188 74 75
-18.13 -12.58
-12.87 -17.22
-11.35 -13.57
194 93 94
-18.13 -12.58
-11.35 -13.57
-10.21 -5.83
194 93 94
3.75 -29.52
5.26 -31.91
4.24 -29.43
214 179 144
4.24 -29.43
5.26 -31.91
7.16 -30.28
214 179 144
7.16 -30.28
5.26 -31.91
7.59 -31.91
214 179 144
9.96 20.66
-2.41 -2.55
10.9 2.72
218 188 155
-4.62 -30.95
-4.62 -31.81
2.59 -29.72
218 188 155
2.59 -29.72
-4.62 -31.81
3.86 -31.78
218 188 155
-8.71 7.89
-8.76 -1.91
-3.91 -2.6
220 181 143
-8.71 7.89
-3.91 -2.6
1.54 7.73
220 181 143
-18.02 23.15
-22.8 13.84
-15.57 5.82
0 0 0
-18.02 23.15
-15.57 5.82
-8.75 32.7
0 0 0
-8.75 32.7
-15.57 5.82
18.42 7.97
0 0 0
-8.75 32.7
18.42 7.97
11.35 32.7
0 0 0
11.35 32.7
18.42 7.97
22.8 8.34
0 0 0
8.92 -32.7
8.46 -30.22
-1.35 -32.07
0 0 0
8.92 -32.7
-1.35 -32.07
-1.35 -32.7
0 0 0
-2.98 -32.07
-1.35 -32.07
-3.06 -30.06
0 0 0
-6.91 -30.53
-3.06 -30.06
-7.23 -22.54
0 0 0
-20.83 -12.16
-13.1 -18.77
-11.44 -14.65
0 0 0
-22.8 13.84
-18.02 3.62
-16.73 5.82
0 0 0
-22.8 13.84
-16.73 5.82
-15.57 5.82
0 0 0
-15.57 5.82
-13.44 -6.27
11.91 -8.26
0 0 0
-15.57 5.82
11.91 -8.26
18.42 7.97
0 0 0
18.42 7.97
11.91 -8.26
16.24 -6.45
0 0 0
16.24 -6.45
11.91 -8.26
21.43 -13.53
0 0 0
21.43 -13.53
11.91 -8.26
14.66 -17.9
0 0 0
10.06 -30.69
11.49 -23.21
8.46 -30.22
0 0 0
8.46 -30.22
11.49 -23.21
-3.06 -30.06
0 0 0
8.46 -30.22
-3.06 -30.06
-1.35 -32.07
0 0 0
-3.06 -30.06
11.49 -23.21
-7.23 -22.54
0 0 0
-7.23 -22.54
11.49 -23.21
11.91 -8.26
0 0 0
-7.23 -22.54
11.91 -8.26
-11.44 -14.65
0 0 0
-11.44 -14.65
11.91 -8.26
-13.44 -6.27
0 0 0
4.89 -20.21
6.13 -28.21
9.98 -22.48
36 81 109
9.98 -22.48
6.13 -28.21
8.88 -29.31
36 81 109
8.88 -29.31
6.13 -28.21
6.32 -28.51
36 81 109
-5.84 -19.62
4.73 -27.33
3.1 -18.3
50 98 118
-6.09 -20.98
-5.8 -28.98
-3.13 -28.49
64 118 137
-6.09 -20.98
-3.13 -28.49
-0.39 -28.35
64 118 137
-6.09 -20.98
-0.39 -28.35
3.52 -27.91
64 118 137
-5.8 -28.98
-3.12 -28.67
-3.13 -28.49
64 118 137
10.34 30.81
12.09 9.77
20.41 9.52
108 65 93
-8.45 30.81
-15.83 22.88
9.98 21.19
108 65 93
-8.45 30.81
9.98 21.19
9.51 30.81
108 65 93
-8.38 21.05
-15.81 8.7
1.88 8.34
108 65 93
-8.38 21.05
1.88 8.34
8.11 20.08
108 65 93
-16.34 21.88
-20.83 13.29
-9.59 21.4
108 65 93
-9.59 21.4
-20.83 13.29
-18.12 7.46
108 65 93
12.19 9.01
12.79 -5.52
14.97 -5.52
129 61 126
12.19 9.01
14.97 -5.52
16.94 9.02
129 61 126
-13.62 7.52
-15.4 -4.38
-9.94 -4.52
133 78 120
-13.62 7.52
-9.94 -4.52
-9.75 7.46
133 78 120
10.18 -1.62
2.17 -17.28
4.39 -16.98
171 44 44
10.18 -1.62
4.39 -16.98
11.35 -21.88
171 44 44
11.35 -21.88
4.39 -16.98
5.12 -21.71
171 44 44
-8.21 -3.7
-11.11 -21.09
-7.39 -18.56
188 74 75
-8.21 -3.7
-7.39 -18.56
-2.84 -4.46
188 74 75
9.97 0.33
-2.84 -4.46
0.82 -17.46
188 74 75
0.82 -17.46
-2.84 -4.46
-7.39 -18.56
188 74 75
-7.28 -21.28
-7.39 -18.56
-11.11 -21.09
188 74 75
10.24 0.27
15.26 -16.02
19.86 -13.01
188 74 75
-18.73 -12.34
-13.47 -16.98
-10.86 -10.71
194 93 94
-18.73 -12.34
-10.86 -10.71
-11.6 -6.27
194 93 94
-11.6 -6.27
-10.86 -10.71
-10.2 -6.27
194 93 94
6.41 -28.66
7.16 -29.84
6.84 -28.62
214 179 144
9.97 20.23
-2.4 -2.98
10.91 2.29
218 188 155
-1.81 -29.33
-1.81 -31.19
5.16 -28.7
218 188 155
5.16 -28.7
-1.81 -31.19
6.67 -31.16
218 188 155
-8.7 7.46
-8.75 -2.34
-3.9 -3.05
220 181 143
-8.7 7.46
-3.9 -3.05
1.55 7.3
220 181 143
-8.75 35.7
-18.02 25.55
-15.57 7.15
0 0 0
-8.75 35.7
-15.57 7.15
18.42 9.43
0 0 0
-8.75 35.7
18.42 9.43
11.35 35.7
0 0 0
11.35 35.7
18.42 9.43
22.8 9.82
0 0 0
11.82 -35.7
11.03 -31.41
1.55 -33.51
0 0 0
11.82 -35.7
1.55 -33.51
1.55 -35.7
0 0 0
-8.35 -33.38
1.55 -33.51
-8.45 -29.97
0 0 0
-11.25 -29.74
-8.45 -29.97
-9.84 -22.87
0 0 0
-21.12 -14.09
-12.61 -19.9
-11.62 -15.87
0 0 0
-22.8 15.68
-18.02 4.8
-16.73 7.15
0 0 0
-22.8 15.68
-16.73 7.15
-15.57 7.15
0 0 0
-22.8 15.68
-15.57 7.15
-18.02 25.55
0 0 0
-15.57 7.15
-13.51 -5.69
14.94 -6.49
0 0 0
-15.57 7.15
14.94 -6.49
18.42 9.43
0 0 0
18.42 9.43
14.94 -6.49
16.15 -6.49
0 0 0
20.46 -16.2
12.13 -13.51
13.33 -20.08
0 0 0
13.14 -31.18
11.64 -23.7
11.03 -31.41
0 0 0
11.03 -31.41
11.64 -23.7
1.55 -33.51
0 0 0
1.55 -33.51
11.64 -23.7
-9.84 -22.87
0 0 0
1.55 -33.51
-9.84 -22.87
-8.45 -29.97
0 0 0
-9.84 -22.87
11.64 -23.7
12.13 -13.51
0 0 0
-9.84 -22.87
12.13 -13.51
-11.62 -15.87
0 0 0
-11.62 -15.87
12.13 -13.51
-13.51 -5.69
0 0 0
-13.51 -5.69
12.13 -13.51
14.94 -6.49
0 0 0
2.46 -23.38
1.93 -30.79
9.97 -23.62
36 81 109
9.97 -23.62
1.93 -30.79
11.53 -30.37
36 81 109
11.53 -30.37
1.93 -30.79
1.73 -31.18
36 81 109
1.73 -31.18
1.93 -30.79
1.63 -31.01
36 81 109
1.63 -31.01
1.93 -30.79
1.6 -30.76
36 81 109
-7.67 -20.51
1.02 -29.51
1.34 -21.06
50 98 118
-8.2 -21.67
-9.62 -28.93
-0.29 -29.79
64 118 137
10.34 33.7
12.09 11.34
20.41 11.07
108 65 93
-8.45 33.7
-15.83 25.27
9.98 23.46
108 65 93
-8.45 33.7
9.98 23.46
9.51 33.7
108 65 93
-8.38 23.33
-15.81 10.21
1.88 9.82
108 65 93
-8.38 23.33
1.88 9.82
8.11 22.29
108 65 93
-16.34 24.21
-20.83 15.07
-9.59 23.7
108 65 93
-9.59 23.7
-20.83 15.07
-18.12 8.9
108 65 93
12.19 10.54
12.79 -4.91
14.97 -4.91
129 61 126
12.19 10.54
14.97 -4.91
16.94 10.55
129 61 126
-13.62 8.96
-15.4 -3.7
-9.94 -3.84
133 78 120
-13.62 8.96
-9.94 -3.84
-9.75 8.9
133 78 120
10.18 -0.77
0.74 -20.37
2.67 -20.51
171 44 44
10.18 -0.77
2.67 -20.51
11.35 -22.27
171 44 44
11.35 -22.27
2.67 -20.51
2.56 -22.02
171 44 44
-8.21 -2.96
-11.11 -21.45
-9.18 -19.69
188 74 75
-8.21 -2.96
-9.18 -19.69
-2.84 -3.77
188 74 75
9.97 1.31
-2.84 -3.77
-0.49 -20.29
188 74 75
-0.49 -20.29
-2.84 -3.77
-9.18 -19.69
188 74 75
-9.56 -21.52
-9.18 -19.69
-11.11 -21.45
188 74 75
9.97 -0.37
13.58 -18.09
18.43 -15.41
188 74 75
-9.14 -2.34
-19.01 -13.96
-13.2 -18.08
194 93 94
2.57 -32.15
2.62 -34.46
9.74 -31.62
214 179 144
9.74 -31.62
2.62 -34.46
10.49 -34.46
214 179 144
9.97 22.45
-2.4 -2.2
10.91 3.4
218 188 155
-7.14 -30.65
-7.17 -32.51
-3.29 -30.37
218 188 155
-3.29 -30.37
-7.17 -32.51
1.31 -32.62
218 188 155
-3.29 -30.37
1.31 -32.62
0.14 -30.64
218 188 155
-8.7 8.9
-8.75 -1.52
-3.9 -2.27
220 181 143
-8.7 8.9
-3.9 -2.27
1.55 8.73
220 181 143
-18.03 24.61
-22.8 15.31
-15.57 7.29
0 0 0
-18.03 24.61
-15.57 7.29
-8.76 34.16
0 0 0
-8.76 34.16
-15.57 7.29
18.4 9.43
0 0 0
-8.76 34.16
18.4 9.43
11.34 34.16
0 0 0
11.34 34.16
18.4 9.43
22.8 9.8
0 0 0
9.56 -31.64
8.92 -28.21
-0.68 -31.64
0 0 0
0.0 -34.16
-1.33 -32.02
-11.53 -34.11
0 0 0
-11.53 -34.11
-1.33 -32.02
-10.04 -30.46
0 0 0
-11.53 -34.11
-10.04 -30.46
-11.65 -30.53
0 0 0
-20.29 -14.14
-12.25 -18.64
-12.38 -4.8
0 0 0
-22.8 15.31
-18.03 5.08
-16.73 7.29
0 0 0
-22.8 15.31
-16.73 7.29
-15.57 7.29
0 0 0
-15.57 7.29
-12.38 -4.8
14.78 -5.56
0 0 0
-15.57 7.29
14.78 -5.56
18.4 9.43
0 0 0
18.4 9.43
14.78 -5.56
16.14 -5.56
0 0 0
18.92 -16.66
14.78 -5.56
12.38 -18.65
0 0 0
12.2 -28.16
10.96 -21.72
8.92 -28.21
0 0 0
8.92 -28.21
10.96 -21.72
-0.68 -31.64
0 0 0
-0.68 -31.64
10.96 -21.72
-11.25 -20.93
0 0 0
-0.68 -31.64
-11.25 -20.93
-10.04 -30.46
0 0 0
-0.68 -31.64
-10.04 -30.46
-1.33 -32.02
0 0 0
-0.68 -31.64
-1.33 -32.02
-0.76 -32.12
0 0 0
-11.25 -20.93
10.96 -21.72
12.38 -18.65
0 0 0
-11.25 -20.93
12.38 -18.65
-12.25 -18.64
0 0 0
-11.25 -20.93
-12.25 -18.64
-12.58 -20.88
0 0 0
-12.25 -18.64
12.38 -18.65
-12.38 -4.8
0 0 0
-12.38 -4.8
12.38 -18.65
14.78 -5.56
0 0 0
12.38 -18.65
10.96 -21.72
12.51 -21.78
0 0 0
0.94 -21.4
0.47 -24.35
9.41 -22.16
36 81 109
9.41 -22.16
0.47 -24.35
0.73 -27.4
36 81 109
9.41 -22.16
0.73 -27.4
10.63 -27.43
36 81 109
-9.55 -20.5
-1.73 -30.29
-0.63 -21.89
50 98 118
-10.19 -21.62
-12.27 -28.73
-3.06 -30.45
64 118 137
10.33 32.28
12.08 11.23
20.4 10.98
108 65 93
-8.46 32.28
-15.84 24.34
9.97 22.65
108 65 93
-8.46 32.28
9.97 22.65
9.5 32.28
108 65 93
-8.39 22.51
-15.82 10.16
1.87 9.8
108 65 93
-8.39 22.51
1.87 9.8
8.1 21.53
108 65 93
-16.35 23.35
-20.84 14.75
-9.6 22.86
108 65 93
-9.6 22.86
-20.84 14.75
-18.13 8.93
108 65 93
12.18 10.47
12.78 -4.06
14.96 -4.06
129 61 126
12.18 10.47
14.96 -4.06
16.93 10.49
129 61 126
-13.63 8.99
-15.41 -2.92
-9.95 -3.06
133 78 120
-13.63 8.99
-9.95 -3.06
-9.76 8.93
133 78 120
10.17 -0.17
-0.03 -20.1
11.22 -18.31
171 44 44
11.34 -20.42
11.26 -19.0
11.22 -19.01
171 44 44
11.34 -20.42
11.22 -19.01
-0.03 -20.1
171 44 44
-0.03 -20.1
11.22 -19.01
11.22 -18.31
171 44 44
-8.22 -2.24
-11.12 -19.63
-10.73 -19.13
188 74 75
-8.22 -2.24
-10.73 -19.13
-6.42 -19.86
188 74 75
-8.22 -2.24
-6.42 -19.86
-2.85 -3.0
188 74 75
9.96 1.79
-2.85 -3.0
-1.3 -20.1
188 74 75
-1.3 -20.1
-2.85 -3.0
-6.42 -19.86
188 74 75
-10.88 -19.64
-10.73 -19.13
-11.12 -19.63
188 74 75
11.92 -0.32
12.3 -17.36
17.55 -15.72
188 74 75
-10.97 -4.8
-18.18 -13.91
-11.92 -16.38
194 93 94
-10.97 -4.8
-11.92 -16.38
-10.21 -4.8
194 93 94
-12.13 -17.43
-11.92 -16.38
-18.18 -13.91
194 93 94
0.31 -28.34
0.35 -30.42
7.64 -28.23
214 179 144
7.64 -28.23
0.35 -30.42
8.22 -30.42
214 179 144
9.96 21.69
-2.41 -1.51
10.9 3.75
218 188 155
-10.34 -31.37
-10.35 -33.23
-6.62 -31.07
218 188 155
-6.62 -31.07
-10.35 -33.23
-1.87 -33.28
218 188 155
-6.62 -31.07
-1.87 -33.28
-2.79 -31.76
218 188 155
-8.71 8.93
-8.76 -0.87
-3.91 -1.58
220 181 143
-8.71 8.93
-3.91 -1.58
1.54 8.77
220 181 143
-18.02 22.97
-22.8 13.68
-15.57 5.65
0 0 0
-18.02 22.97
-15.57 5.65
-8.75 32.52
0 0 0
-8.75 32.52
-15.57 5.65
18.42 7.8
0 0 0
-8.75 32.52
18.42 7.8
11.35 32.52
0 0 0
11.35 32.52
18.42 7.8
22.8 8.17
0 0 0
15.88 -32.52
15.15 -29.14
5.61 -32.52
0 0 0
5.61 -32.52
15.15 -29.14
5.61 -30.79
0 0 0
-3.15 -32.49
-3.68 -31.2
-14.68 -32.45
0 0 0
-14.68 -32.45
-3.68 -31.2
-14.77 -28.06
0 0 0
-15.91 -27.74
-14.77 -28.06
-12.36 -20.99
0 0 0
-22.8 13.68
-18.02 3.44
-16.72 5.65
0 0 0
-22.8 13.68
-16.72 5.65
-15.57 5.65
0 0 0
-15.57 5.65
-11.03 -6.43
18.42 7.8
0 0 0
18.42 7.8
-11.03 -6.43
14.38 -7.2
0 0 0
18.42 7.8
14.38 -7.2
16.15 -7.2
0 0 0
18.96 -17.16
14.38 -7.2
12.37 -19.73
0 0 0
16.78 -28.86
14.16 -20.61
15.15 -29.14
0 0 0
15.15 -29.14
14.16 -20.61
12.41 -20.8
0 0 0
15.15 -29.14
12.41 -20.8
5.61 -30.79
0 0 0
5.61 -30.79
12.41 -20.8
2.61 -23.06
0 0 0
5.61 -30.79
2.61 -23.06
4.54 -30.98
0 0 0
-3.35 -31.29
-0.32 -22.95
-3.68 -31.2
0 0 0
-3.68 -31.2
-0.32 -22.95
-12.36 -20.99
0 0 0
-3.68 -31.2
-12.36 -20.99
-14.77 -28.06
0 0 0
-12.36 -20.99
-0.32 -22.95
-12.19 -19.9
0 0 0
-14.66 -19.72
-12.19 -19.9
-11.03 -6.43
0 0 0
-11.03 -6.43
-12.19 -19.9
-0.32 -22.95
0 0 0
-11.03 -6.43
-0.32 -22.95
14.38 -7.2
0 0 0
14.38 -7.2
-0.32 -22.95
2.61 -23.06
0 0 0
14.38 -7.2
2.61 -23.06
12.37 -19.73
0 0 0
12.37 -19.73
2.61 -23.06
12.41 -20.8
0 0 0
3.68 -22.36
5.32 -29.69
12.91 -21.98
36 81 109
12.91 -21.98
5.32 -29.69
15.09 -28.2
36 81 109
-10.39 -20.4
-4.04 -29.63
-1.76 -22.66
50 98 118
-11.18 -21.27
-14.26 -27.03
-5.38 -29.6
64 118 137
10.34 30.64
12.09 9.59
20.41 9.34
108 65 93
-8.45 30.64
-15.83 22.7
9.98 21.01
108 65 93
-8.45 30.64
9.98 21.01
9.51 30.64
108 65 93
-8.38 20.88
-15.81 8.52
1.88 8.17
108 65 93
-8.38 20.88
1.88 8.17
8.11 19.9
108 65 93
-16.34 21.71
-20.83 13.11
-9.59 21.22
108 65 93
-9.59 21.22
-20.83 13.11
-18.12 7.29
108 65 93
12.19 8.84
12.79 -5.7
14.97 -5.7
129 61 126
12.19 8.84
14.97 -5.7
16.94 8.85
129 61 126
-13.62 7.35
-15.4 -4.56
-9.9 -2.31
133 78 120
-13.62 7.35
-9.9 -2.31
-9.75 7.29
133 78 120
-10.55 -4.68
-9.9 -2.31
-15.4 -4.56
133 78 120
10.06 -2.03
-0.02 -21.74
10.58 -8.73
171 44 44
10.58 -8.73
-0.02 -21.74
3.24 -21.83
171 44 44
10.58 -8.73
3.24 -21.83
11.29 -20.93
171 44 44
-8.21 -3.87
-8.42 -5.11
-2.84 -4.64
188 74 75
9.89 0.13
-2.84 -4.64
9.9 0.03
188 74 75
9.9 0.03
-2.84 -4.64
-1.29 -21.74
188 74 75
-1.29 -21.74
-2.84 -4.64
-4.52 -20.48
188 74 75
-1.29 -21.74
-4.52 -20.48
-1.77 -21.72
188 74 75
-1.77 -21.72
-4.52 -20.48
-6.98 -20.3
188 74 75
-8.42 -5.11
-4.52 -20.48
-2.84 -4.64
188 74 75
10.75 -1.4
12.42 -18.36
17.53 -16.33
188 74 75
-9.45 -4.37
-12.86 -18.62
-5.88 -19.26
194 93 94
6.66 -30.61
6.68 -31.47
13.9 -29.36
214 179 144
13.9 -29.36
6.68 -31.47
14.55 -31.47
214 179 144
9.97 20.06
-2.4 -3.15
9.67 3.03
218 188 155
9.97 20.06
9.67 3.03
10.91 2.11
218 188 155
10.91 2.11
9.67 3.03
10.22 1.84
218 188 155
-2.4 -3.15
9.78 1.66
9.67 3.03
218 188 155
-13.47 -28.43
-13.5 -31.12
-5.17 -30.78
218 188 155
-5.17 -30.78
-13.5 -31.12
-5.02 -31.15
218 188 155
-8.7 7.29
-8.75 -2.51
-3.9 -3.21
220 181 143
-8.7 7.29
-3.9 -3.21
1.55 7.13
220 181 143
-18.03 23.81
-22.8 14.52
-15.57 6.49
0 0 0
-18.03 23.81
-15.57 6.49
-8.76 33.37
0 0 0
-8.76 33.37
-15.57 6.49
18.41 8.64
0 0 0
-8.76 33.37
18.41 8.64
11.34 33.37
0 0 0
11.34 33.37
18.41 8.64
22.8 9.01
0 0 0
15.65 -33.1
14.89 -29.01
4.96 -31.02
0 0 0
15.65 -33.1
4.96 -31.02
4.96 -33.1
0 0 0
-0.67 -33.37
-1.6 -30.72
-12.2 -33.32
0 0 0
-12.2 -33.32
-1.6 -30.72
-12.26 -30.02
0 0 0
-17.36 -17.65
-12.18 -18.93
-11.79 -5.59
0 0 0
-22.8 14.52
-18.03 4.28
-16.73 6.49
0 0 0
-22.8 14.52
-16.73 6.49
-15.57 6.49
0 0 0
-15.57 6.49
-11.79 -5.59
18.41 8.64
0 0 0
18.41 8.64
-11.79 -5.59
12.0 -9.95
0 0 0
18.41 8.64
12.0 -9.95
16.12 -6.36
0 0 0
18.41 8.64
16.12 -6.36
16.14 -6.36
0 0 0
20.37 -14.37
12.0 -9.95
13.04 -17.72
0 0 0
16.59 -28.66
13.86 -18.66
14.89 -29.01
0 0 0
14.89 -29.01
13.86 -18.66
12.36 -18.85
0 0 0
14.89 -29.01
12.36 -18.85
4.96 -31.02
0 0 0
4.96 -31.02
12.36 -18.85
1.95 -22.2
0 0 0
4.96 -31.02
1.95 -22.2
3.85 -31.24
0 0 0
-0.49 -30.79
-0.09 -22.12
-1.6 -30.72
0 0 0
-1.6 -30.72
-0.09 -22.12
-12.3 -21.68
0 0 0
-1.6 -30.72
-12.3 -21.68
-12.26 -30.02
0 0 0
-12.58 -21.67
-12.3 -21.68
-12.18 -18.93
0 0 0
-12.18 -18.93
-12.3 -21.68
-0.09 -22.12
0 0 0
-12.18 -18.93
-0.09 -22.12
-11.79 -5.59
0 0 0
-11.79 -5.59
-0.09 -22.12
12.0 -9.95
0 0 0
12.0 -9.95
-0.09 -22.12
1.95 -22.2
0 0 0
12.0 -9.95
1.95 -22.2
12.36 -18.85
0 0 0
2.95 -20.79
4.66 -29.67
12.56 -20.32
36 81 109
12.56 -20.32
4.66 -29.67
14.83 -27.87
36 81 109
-10.52 -20.22
-1.66 -29.07
-1.5 -20.6
50 98 118
-11.03 -21.4
-12.31 -28.7
-2.96 -29.38
64 118 137
10.33 31.48
12.08 10.43
20.4 10.18
108 65 93
-8.46 31.48
-15.84 23.54
9.97 21.85
108 65 93
-8.46 31.48
9.97 21.85
9.5 31.48
108 65 93
-8.39 21.72
-15.82 9.37
1.87 9.01
108 65 93
-8.39 21.72
1.87 9.01
8.1 20.74
108 65 93
-16.35 22.56
-20.84 13.95
-9.6 22.07
108 65 93
-9.6 22.07
-20.84 13.95
-18.13 8.13
108 65 93
12.18 9.68
12.78 -4.86
14.96 -4.86
129 61 126
12.18 9.68
14.96 -4.86
16.93 9.7
129 61 126
-13.63 8.19
-15.41 -3.72
-9.91 -1.53
133 78 120
-13.63 8.19
-9.91 -1.53
-9.76 8.13
133 78 120
-10.98 -3.83
-9.91 -1.53
-15.41 -3.72
133 78 120
10.17 -0.96
-0.03 -20.9
1.54 -20.26
171 44 44
10.17 -0.96
1.54 -20.26
11.21 -19.0
171 44 44
1.68 -20.95
1.54 -20.26
-0.03 -20.9
171 44 44
1.68 -20.95
-0.03 -20.9
-0.03 -20.9
171 44 44
-8.22 -3.03
-8.67 -5.73
-2.85 -3.8
188 74 75
9.96 1.0
-2.85 -3.8
-0.63 -19.6
188 74 75
-0.63 -19.6
-2.85 -3.8
-8.67 -5.73
188 74 75
-0.63 -19.6
-8.67 -5.73
-7.56 -19.22
188 74 75
11.29 0.91
13.9 -15.94
18.9 -13.63
188 74 75
-9.69 -3.37
-15.4 -16.86
-8.62 -18.65
194 93 94
6.05 -30.79
6.07 -31.83
13.59 -29.27
214 179 144
13.59 -29.27
6.07 -31.83
14.27 -31.83
214 179 144
9.96 20.9
-2.41 -2.31
10.9 2.95
218 188 155
-11.0 -30.1
-11.02 -31.77
-2.94 -30.63
218 188 155
-2.94 -30.63
-11.02 -31.77
-2.54 -31.81
218 188 155
-8.71 8.13
-8.76 -1.67
-3.91 -2.37
220 181 143
-8.71 8.13
-3.91 -2.37
1.54 7.97
220 181 143
-18.02 25.29
-22.8 16.0
-15.57 7.97
0 0 0
-18.02 25.29
-15.57 7.97
-8.75 34.85
0 0 0
-8.75 34.85
-15.57 7.97
18.42 10.12
0 0 0
-8.75 34.85
18.42 10.12
11.35 34.85
0 0 0
11.35 34.85
18.42 10.12
22.8 10.49
0 0 0
14.21 -34.85
13.64 -31.54
3.52 -34.85
0 0 0
3.52 -34.85
13.64 -31.54
3.52 -31.78
0 0 0
-10.29 -34.42
1.24 -34.48
0.31 -31.62
0 0 0
-10.29 -34.42
0.31 -31.62
-10.35 -30.86
0 0 0
-20.83 -12.54
-12.41 -18.24
-12.16 -17.33
0 0 0
-20.83 -12.54
-12.16 -17.33
-12.39 -4.11
0 0 0
-22.8 16.0
-18.02 5.76
-16.73 7.97
0 0 0
-22.8 16.0
-16.73 7.97
-15.57 7.97
0 0 0
-15.57 7.97
-12.39 -4.11
18.42 10.12
0 0 0
18.42 10.12
-12.39 -4.11
15.14 -4.88
0 0 0
18.42 10.12
15.14 -4.88
16.15 -4.88
0 0 0
20.58 -15.14
12.05 -9.54
13.25 -18.48
0 0 0
14.77 -31.51
13.85 -20.38
13.64 -31.54
0 0 0
13.64 -31.54
13.85 -20.38
12.49 -20.31
0 0 0
13.64 -31.54
12.49 -20.31
1.63 -26.79
0 0 0
13.64 -31.54
1.63 -26.79
3.52 -31.78
0 0 0
3.52 -31.78
1.63 -26.79
1.77 -31.82
0 0 0
0.31 -31.62
1.42 -31.7
1.63 -26.79
0 0 0
0.31 -31.62
1.63 -26.79
-10.35 -30.86
0 0 0
-10.35 -30.86
1.63 -26.79
-10.14 -20.28
0 0 0
-10.35 -30.86
-10.14 -20.28
-11.79 -30.76
0 0 0
-12.16 -17.33
-10.14 -20.28
12.05 -9.54
0 0 0
-12.16 -17.33
12.05 -9.54
-12.39 -4.11
0 0 0
-12.39 -4.11
12.05 -9.54
15.14 -4.88
0 0 0
12.05 -9.54
-10.14 -20.28
1.63 -26.79
0 0 0
12.05 -9.54
1.63 -26.79
12.49 -20.31
0 0 0
2.74 -20.56
2.85 -30.31
12.28 -21.9
36 81 109
12.28 -21.9
2.85 -30.31
13.18 -30.33
36 81 109
-8.61 -20.31
0.25 -29.85
0.41 -20.72
50 98 118
-9.12 -21.58
-10.4 -29.44
-1.05 -30.18
64 118 137
10.34 32.96
12.09 11.91
20.41 11.67
108 65 93
-8.45 32.96
-15.83 25.02
9.98 23.33
108 65 93
-8.45 32.96
9.98 23.33
9.51 32.96
108 65 93
-8.38 23.2
-15.81 10.85
1.88 10.49
108 65 93
-8.38 23.2
1.88 10.49
8.11 22.22
108 65 93
-16.34 24.04
-20.83 15.43
-9.59 23.55
108 65 93
-9.59 23.55
-20.83 15.43
-18.12 9.61
108 65 93
12.19 11.16
12.79 -3.38
14.97 -3.38
129 61 126
12.19 11.16
14.97 -3.38
16.94 11.18
129 61 126
-13.62 9.67
-15.4 -2.24
-9.94 -2.38
133 78 120
-13.62 9.67
-9.94 -2.38
-9.75 9.61
133 78 120
10.18 0.52
-0.02 -19.42
11.35 -19.73
171 44 44
-8.21 -1.55
-11.11 -18.95
-9.93 -18.98
188 74 75
-8.21 -1.55
-9.93 -18.98
-7.71 -19.11
188 74 75
-8.21 -1.55
-7.71 -19.11
-2.84 -2.31
188 74 75
9.97 2.48
-2.84 -2.31
-1.29 -19.42
188 74 75
-1.29 -19.42
-2.84 -2.31
-7.71 -19.11
188 74 75
-11.11 -18.95
-9.93 -19.01
-9.93 -18.98
188 74 75
11.5 0.14
14.11 -16.7
19.1 -14.39
188 74 75
-10.87 -4.11
-18.72 -12.48
-11.06 -9.9
194 93 94
-10.87 -4.11
-11.06 -9.9
-10.2 -4.11
194 93 94
-12.98 -16.5
-11.06 -9.9
-18.72 -12.48
194 93 94
4.6 -31.75
4.63 -33.48
12.35 -31.57
214 179 144
12.35 -31.57
4.63 -33.48
12.82 -33.48
214 179 144
9.97 22.38
-2.4 -0.83
10.91 4.44
218 188 155
-9.09 -30.95
-9.11 -32.75
-1.03 -31.53
218 188 155
-1.03 -31.53
-9.11 -32.75
-0.63 -32.79
218 188 155
-8.7 9.61
-8.75 -0.19
-3.9 -0.89
220 181 143
-8.7 9.61
-3.9 -0.89
1.55 9.45
220 181 143
-18.02 24.3
-22.8 14.99
-15.57 6.97
0 0 0
-18.02 24.3
-15.57 6.97
-8.75 33.84
0 0 0
-8.75 33.84
-15.57 6.97
18.42 9.12
0 0 0
-8.75 33.84
18.42 9.12
11.35 33.84
0 0 0
11.35 33.84
18.42 9.12
22.8 9.49
0 0 0
14.21 -33.84
13.26 -28.77
13.17 -28.78
0 0 0
14.21 -33.84
13.17 -28.78
3.52 -30.96
0 0 0
14.21 -33.84
3.52 -30.96
3.52 -33.84
0 0 0
-9.31 -32.31
2.21 -32.36
1.74 -31.0
0 0 0
-9.31 -32.31
1.74 -31.0
-9.37 -28.62
0 0 0
-19.05 -16.63
-12.21 -18.71
-12.94 -5.12
0 0 0
-22.8 14.99
-18.02 4.77
-16.72 6.97
0 0 0
-22.8 14.99
-16.72 6.97
-15.57 6.97
0 0 0
-15.57 6.97
-12.94 -5.12
15.45 -5.88
0 0 0
-15.57 6.97
15.45 -5.88
18.42 9.12
0 0 0
18.42 9.12
15.45 -5.88
16.15 -5.88
0 0 0
20.38 -15.19
12.08 -11.27
13.05 -18.52
0 0 0
13.17 -28.78
12.47 -20.88
3.52 -30.96
0 0 0
3.52 -30.96
12.47 -20.88
1.74 -31.0
0 0 0
1.74 -31.0
12.47 -20.88
-9.49 -21.31
0 0 0
1.74 -31.0
-9.49 -21.31
-9.37 -28.62
0 0 0
-9.37 -28.62
-9.49 -21.31
-10.71 -28.54
0 0 0
-12.58 -21.2
-9.49 -21.31
-12.21 -18.71
0 0 0
-12.21 -18.71
-9.49 -21.31
-12.94 -5.12
0 0 0
-12.94 -5.12
-9.49 -21.31
12.08 -11.27
0 0 0
-12.94 -5.12
12.08 -11.27
15.45 -5.88
0 0 0
2.89 -20.79
2.49 -29.41
10.86 -21.83
36 81 109
10.86 -21.83
2.49 -29.41
11.76 -29.66
36 81 109
11.76 -29.66
2.49 -29.41
1.43 -29.63
36 81 109
1.43 -29.63
2.49 -29.41
1.43 -29.33
36 81 109
-7.54 -18.84
1.33 -27.69
1.48 -19.22
50 98 118
-8.04 -20.02
-9.32 -27.31
0.02 -28.0
64 118 137
10.34 31.97
12.09 10.91
20.41 10.66
108 65 93
-8.45 31.97
-15.83 24.02
9.98 22.34
108 65 93
-8.45 31.97
9.98 22.34
9.51 31.97
108 65 93
-8.38 22.2
-15.81 9.84
1.88 9.49
108 65 93
-8.38 22.2
1.88 9.49
8.11 21.23
108 65 93
-16.34 23.03
-20.83 14.44
-9.59 22.55
108 65 93
-9.59 22.55
-20.83 14.44
-18.12 8.61
108 65 93
12.19 10.16
12.79 -4.38
14.97 -4.38
129 61 126
12.19 10.16
14.97 -4.38
16.94 10.17
129 61 126
-13.62 8.67
-15.4 -3.23
-9.94 -3.38
133 78 120
-13.62 8.67
-9.94 -3.38
-9.75 8.61
133 78 120
10.18 -0.48
1.14 -18.15
3.01 -18.26
171 44 44
10.18 -0.48
3.01 -18.26
11.33 -20.37
171 44 44
11.33 -20.37
3.01 -18.26
2.93 -19.97
171 44 44
-8.21 -2.55
-11.11 -19.95
-8.86 -17.59
188 74 75
-8.21 -2.55
-8.86 -17.59
-2.84 -3.31
188 74 75
9.97 1.48
-2.84 -3.31
-0.09 -18.08
188 74 75
-0.09 -18.08
-2.84 -3.31
-8.86 -17.59
188 74 75
-9.27 -20.03
-8.86 -17.59
-11.11 -19.95
188 74 75
11.3 0.1
13.91 -16.75
18.9 -14.44
188 74 75
-11.74 -5.12
-17.05 -15.95
-10.53 -7.36
194 93 94
-11.74 -5.12
-10.53 -7.36
-10.57 -5.12
194 93 94
-12.05 -17.58
-10.53 -7.36
-17.05 -15.95
194 93 94
4.6 -30.94
4.63 -32.58
12.34 -30.77
214 179 144
12.34 -30.77
4.63 -32.58
12.82 -32.58
214 179 144
9.97 21.38
-2.4 -1.83
10.91 3.44
218 188 155
-8.12 -28.71
-8.13 -30.75
-0.18 -29.23
218 188 155
-0.18 -29.23
-8.13 -30.75
0.35 -30.78
218 188 155
-8.7 8.61
-8.75 -1.19
-3.9 -1.9
220 181 143
-8.7 8.61
-3.9 -1.9
1.55 8.45
220 181 143
