616.1296363558674 30.05374278037074
634.2252184403244 0.5
605.629826487769 0.5
162 211 10
615.3395925130577 30.81706677847842
604.9445854852123 1.5583118333538408
594.3348942317143 34.472092244691744
201 250 49
173.69903360963806 69.01480752222318
190.52045687094088 47.28751069475826
163.60970235910244 44.85623504906364
177 226 25
76.98184274911455 69.5
107.56567883966115 69.5
101.10154258987572 37.417949414981415
181 230 29
699.5 69.5
699.5 60.0391443865944
689.1866644472641 69.5
205 254 53
665.2017388154802 31.102813904413352
647.0950356161171 23.274026695302858
639.1743970467252 47.66167144485469
157 206 5
494.3875152812305 39.015652851131335
502.50670240604535 21.696249084431862
470.8840817174092 23.091656371018253
157 206 5
345.5178109062911 29.075825136901052
363.44890992584766 0.5
337.80960710473937 0.5
181 230 29
381.408251716807 69.5
355.39143363916605 50.5073662637343
349.4262198877801 69.5
163 212 11
324.2961646358941 69.5
348.37805649908034 69.5
354.2414708446752 50.831485215601106
159 208 7
0.5 69.5
21.035209906253094 69.5
0.5 61.13570005338151
195 244 43
493.341018183444 39.514535695588584
469.6246221921137 23.446253363076856
462.2832290965344 46.16721418093309
182 231 30
290.86820743561907 32.30132208982262
307.672813162775 21.562917379075728
301.90884399790156 1.6209885797041075
156 205 4
390.7560738371036 27.47862050040849
384.4934198412758 47.97040369284035
412.82334153561146 42.65899836678643
202 251 50
413.47478643180426 43.554286238876
384.9020235634636 48.91122038491439
408.800760649185 69.06225508645514
179 228 27
56.036021442957676 20.8919474800993
24.440585824676983 25.38551990038568
37.55229122747791 38.81080081001694
195 244 43
603.4825289570665 0.5
571.4560267204422 0.5
578.976796769572 19.86732640995487
207 255 55
572.4291295265468 47.13383488976655
544.9030799538203 47.757189718685616
559.0983253799656 69.06904729730601
154 203 2
75.02275950251517 69.5
61.92823949959145 50.70148429036155
56.450794939396026 69.5
170 219 18
75.58839936451582 68.56247580983683
77.81276783253438 39.348697335191964
62.441507223259116 49.68877456724408
203 252 51
558.1838501631843 69.5
544.216387943615 48.530121944213946
539.5452024385361 69.5
190 239 38
699.5 0.5
699.0470820839713 0.5
699.5 6.793175478243597
171 220 19
223.57708912954055 47.857271012231664
198.1245775025557 69.5
230.2824270400062 69.5
208 255 56
124.63924672808592 28.131275902783425
121.60658807045245 46.43669854494467
141.2016246821971 48.731711595073946
210 255 58
89.94434195821941 21.04053478398081
101.53061184367544 35.62313662320778
122.55486254200511 27.124656683820962
208 255 56
545.1520717098085 0.49999999999999645
550.1000550460643 22.873242168740312
569.6255008468207 0.49999999999999645
188 237 36
667.1070993267668 31.28402133028502
679.5797397752204 47.288586246459005
698.6886644919656 21.62959593182817
151 200 0
438.7024417717272 69.5
433.57305316004437 47.63805920777596
410.3960173287785 69.5
158 207 6
234.09661941142778 27.905486613861882
248.88548250467443 41.975425852672785
271.0185948141476 23.30541975201813
153 202 1
440.5054142408742 69.5
475.61031597777514 69.5
461.464746338255 47.639705618043045
175 224 23
616.2009397545477 31.99763448476047
608.4723076646845 49.09570141013899
636.8770088344271 48.3658064254859
211 255 59
239.26711307022805 0.5
271.88677120796774 21.52735688245205
267.3608744671956 0.5
183 232 31
249.93062207596893 42.40207762851935
268.23984400571305 47.07046403669671
288.9759493009912 33.519953307405004
249.93062207596893 42.40207762851935
288.9759493009912 33.519953307405004
272.6717851778253 23.219160743128654
162 211 10
416.7734496318326 19.925443071145693
434.9777050178344 25.96230457612097
452.00530695158005 0.5
416.7734496318326 19.925443071145693
452.00530695158005 0.5
421.1450798098872 0.5
183 232 31
291.83343793444806 69.5
321.9246119462675 69.5
316.3223045989318 44.492920005323676
291.83343793444806 69.5
316.3223045989318 44.492920005323676
290.43096574343565 34.26001140624755
173 222 21
439.6097573684985 68.98922862199595
460.7944844381469 46.89385039179943
435.61928842795436 27.524273603424433
439.6097573684985 68.98922862199595
435.61928842795436 27.524273603424433
434.36532869942073 46.63697619345437
210 255 58
476.8014183997175 69.5
507.9399023241486 69.5
494.30728282387224 40.330242919599804
476.8014183997175 69.5
494.30728282387224 40.330242919599804
462.35485518252966 47.174555865677505
191 240 39
191.8846861704188 46.37312757788135
222.90417813386833 46.48225020862194
209.48186230759427 25.94678156369919
191.8846861704188 46.37312757788135
209.48186230759427 25.94678156369919
187.72395069633671 25.62880490532454
176 225 24
55.624874628837674 68.75984018986748
61.23037703329086 49.521831689281264
57.133739249365185 21.220548261039053
55.624874628837674 68.75984018986748
57.133739249365185 21.220548261039053
38.17513592898854 39.599762211771406
159 208 7
517.7980661742916 49.66660121894095
538.6232524043436 69.0395881800744
543.4520153653232 47.36231367621669
517.7980661742916 49.66660121894095
543.4520153653232 47.36231367621669
528.4842787807225 22.07585692989115
188 237 36
290.99439269093966 33.40742314245433
316.73217197032847 43.57964113315408
343.8353827370287 30.479469014422072
290.99439269093966 33.40742314245433
343.8353827370287 30.479469014422072
308.3493206020797 22.317353987514494
187 236 35
528.6311526730155 20.463934560943017
549.1819173812611 23.352656333295876
544.1279085847927 0.5
528.6311526730155 20.463934560943017
544.1279085847927 0.5
509.5047885439379 0.5
171 220 19
89.16027159927636 19.876996147660897
123.76852180468575 26.333833058586254
121.32930000843217 0.5000000000000036
89.16027159927636 19.876996147660897
121.32930000843217 0.5000000000000036
86.17127608951463 0.5
195 244 43
141.89697020507893 69.5
172.8179602779011 69.5
162.53274331054246 44.87238560832132
141.89697020507893 69.5
162.53274331054246 44.87238560832132
142.83838745963203 49.76592620894186
168 217 16
233.22944219531163 27.005795929914495
271.2008771588698 22.274978096704736
237.4214370969551 0.5
233.22944219531163 27.005795929914495
237.4214370969551 0.5
215.31400237545864 0.5
152 201 0
409.9040615651068 68.58936450928923
433.37546163495404 46.449762086731425
434.6099569965114 27.633733025089118
409.9040615651068 68.58936450928923
434.6099569965114 27.633733025089118
414.5551378635695 43.20663988460445
199 248 47
574.0466873617993 45.63195150192506
593.1888782142391 34.767877063940624
603.9409923213424 1.4122671575571957
574.0466873617993 45.63195150192506
603.9409923213424 1.4122671575571957
579.2080207995564 20.95918495154962
203 252 51
124.77631468682016 26.369262507274748
146.09638708376028 22.969775520647858
149.40146705886676 0.5000000000000001
124.77631468682016 26.369262507274748
149.40146705886676 0.5000000000000001
122.3337476539819 0.5000000000000034
159 208 7
550.5152154528752 23.918376681988505
573.026411220131 45.62540189061808
578.235971776578 20.72209483066604
550.5152154528752 23.918376681988505
578.235971776578 20.72209483066604
570.5586438416725 0.9516038968572929
203 252 51
503.54657984304725 20.658163811870093
527.2284969986127 20.445365083674105
508.1199232796792 0.5
503.54657984304725 20.658163811870093
508.1199232796792 0.5
487.1869757836124 0.5
200 249 48
660.2970576067758 69.5
687.1771907232716 69.5
679.1480917166808 48.36152419742125
660.2970576067758 69.5
679.1480917166808 48.36152419742125
666.5705015794623 32.2222905947161
154 203 2
495.26107929732484 39.50812321891637
516.9327488629765 49.1319721859917
527.6575678848201 21.441549949778185
495.26107929732484 39.50812321891637
527.6575678848201 21.441549949778185
503.6293159246836 21.65746074045875
158 207 6
142.54617636312162 48.80812572193476
161.96077731828316 43.984097013499635
146.32497492269505 23.94595954786897
142.54617636312162 48.80812572193476
146.32497492269505 23.94595954786897
125.25811026444592 27.305072543424576
191 240 39
666.7457742352608 30.348795495222703
699.4726796237202 20.344241732845905
698.0444956104374 0.5
666.7457742352608 30.348795495222703
698.0444956104374 0.5
665.8293123600536 0.5
155 204 3
147.11305690900517 22.929596224884794
186.473513423552 24.592391950956433
180.78084536566064 0.5000000000000034
147.11305690900517 22.929596224884794
180.78084536566064 0.5000000000000034
150.41222691025732 0.49999999999999656
201 250 49
273.0738986518801 22.290351790154176
289.64128714551055 32.75744663264208
301.24946423982954 0.5000000000000001
273.0738986518801 22.290351790154176
301.24946423982954 0.5000000000000001
268.38377603215895 0.5000000000000036
210 255 58
76.60883930791033 68.33204300803412
100.73967943815133 36.235174521757095
88.78768231657942 21.19226451443425
76.60883930791033 68.33204300803412
88.78768231657942 21.19226451443425
78.87963897256877 38.508459677560225
194 243 42
574.9747241329508 46.25507768478565
607.3788050076822 49.08704563438884
615.1645867961779 31.862546326070774
574.9747241329508 46.25507768478565
615.1645867961779 31.862546326070774
593.7762947604214 35.58432090347252
181 230 29
391.05662195870707 26.019897120865316
415.76607569675866 19.847075759208817
420.1200695766562 0.5000000000000034
391.05662195870707 26.019897120865316
420.1200695766562 0.5000000000000034
393.99475730711555 0.5000000000000001
194 243 42
58.03756686515 19.682519768175332
88.1367532984767 19.801206207605414
85.15944875406299 0.5
58.03756686515 19.682519768175332
85.15944875406299 0.5
59.84720797304362 0.5
201 250 49
224.365488048681 47.02292832775336
231.12408511922175 68.83756119016795
248.21878705481421 42.72140756384563
224.365488048681 47.02292832775336
248.21878705481421 42.72140756384563
233.14417679199644 28.37961204452296
185 234 33
647.1515019289906 22.208971674706724
665.7421779483396 30.247013996741213
664.8288411192663 0.5
647.1515019289906 22.208971674706724
664.8288411192663 0.5
635.9386572888072 0.5
199 248 47
174.5880666639953 69.5
196.58086510067224 69.5
222.47617609109918 47.480750739522186
174.5880666639953 69.5
222.47617609109918 47.480750739522186
191.71928978697628 47.372551922118916
188 237 36
622.5433529353602 69.5
659.2829958099499 69.5
665.5865784759116 32.04320212996598
622.5433529353602 69.5
665.5865784759116 32.04320212996598
638.6087939496688 49.20674094602174
166 215 14
308.6555833229526 21.361685999475966
344.6334194495696 29.63691348929847
336.77386451991447 0.49999999999999645
308.6555833229526 21.361685999475966
336.77386451991447 0.49999999999999645
302.6257696555785 0.49999999999999645
187 236 35
0.5 59.54203181878367
36.72762111027329 39.39763255766674
23.221018080365432 25.568009770942602
0.5 59.54203181878367
23.221018080365432 25.568009770942602
0.5 29.61489113286685
160 209 8
260.87162384475596 69.5
290.8326463173977 69.5
289.4362911740742 34.413714768185486
260.87162384475596 69.5
289.4362911740742 34.413714768185486
268.74201955043173 47.93688827053547
151 200 0
108.39856978697125 68.57088217441971
120.54848377198786 46.70514747620432
123.68968629567678 27.744543500542992
108.39856978697125 68.57088217441971
123.68968629567678 27.744543500542992
101.94368948243951 36.53476962232098
157 206 5
322.88279778307265 69.20271051253178
354.4709112228199 49.510036186554515
345.1083239790057 30.974885684275918
322.88279778307265 69.20271051253178
345.1083239790057 30.974885684275918
317.32691589685135 44.40286035154685
174 223 22
369.000704417818 29.485827875520073
390.0242217393449 26.2439411209447
392.988151533284 0.5000000000000036
369.000704417818 29.485827875520073
392.988151533284 0.5000000000000036
364.9281037499838 0.5000000000000036
185 234 33
109.02630581010456 69.5
140.89583296033803 69.5
141.8350173676795 49.8127313545083
109.02630581010456 69.5
141.8350173676795 49.8127313545083
121.30202270242998 47.40786262939767
170 219 18
414.0798623994473 42.30961143805605
434.1350519475773 26.736416944870903
416.1665965714543 20.777751003093726
414.0798623994473 42.30961143805605
416.1665965714543 20.777751003093726
391.6740941951438 26.896374404148062
211 255 59
688.1074818279624 69.1329547189251
699.5 58.68211958924151
699.5 22.214384477317854
688.1074818279624 69.1329547189251
699.5 22.214384477317854
680.1535358652766 48.19233683275414
151 200 0
435.85740727897536 26.445750025296892
461.2836204849766 46.008457260300844
468.79982437957773 22.746472516412812
435.85740727897536 26.445750025296892
468.79982437957773 22.746472516412812
452.95755557286043 0.8749629085957267
153 202 1
62.12165499831019 48.69873421978602
78.01366498459497 38.008354633639925
87.85993368921153 20.800122433002013
62.12165499831019 48.69873421978602
87.85993368921153 20.800122433002013
58.0662987456738 20.682640837379452
155 204 3
0.5 28.599153070046857
22.923082391886727 24.6053375690137
24.658781131180366 0.4999999999999965
0.5 28.599153070046857
24.658781131180366 0.4999999999999965
0.5 0.49999999999999994
187 236 35
187.50888552678137 24.625555095123087
209.33862538349365 24.94458147306065
213.7736698720337 0.5
187.50888552678137 24.625555095123087
213.7736698720337 0.5
181.8083815191893 0.5000000000000034
151 200 0
231.8856559841711 69.5
259.80709565916953 69.5
267.67008362064547 47.95718382133331
231.8856559841711 69.5
267.67008362064547 47.95718382133331
249.08809722107682 43.21924940349998
158 207 6
469.6006081966459 22.14731892393199
502.29635230812414 20.704558059083237
485.89909643069007 0.5000000000000034
469.6006081966459 22.14731892393199
485.89909643069007 0.5000000000000034
453.92072823010267 0.5000000000000001
156 205 4
509.04372309820775 69.5
537.650001293172 69.5
516.9301150484035 50.22497015768272
509.04372309820775 69.5
516.9301150484035 50.22497015768272
495.6108348818553 40.757608550489614
189 238 37
1.1542709829702638 60.32242340645446
23.68615804846994 69.5
54.9024209712421 69.5
1.1542709829702638 60.32242340645446
54.9024209712421 69.5
37.362314908317984 40.188910055520495
177 226 25
596.2021883961237 69.5
621.2679189847415 69.5
637.2140281957587 49.357476378395724
596.2021883961237 69.5
637.2140281957587 49.357476378395724
607.9741533869942 50.10883221372962
210 255 58
544.2642946421638 46.77139926105478
572.1200256954402 46.14057846640158
549.5954066282363 24.42060948022384
544.2642946421638 46.77139926105478
549.5954066282363 24.42060948022384
529.3497309071219 21.57477259376901
170 219 18
23.937067511065344 24.44706843768983
57.02762349817945 19.74085670660025
58.84276799786719 0.5
23.937067511065344 24.44706843768983
58.84276799786719 0.5
25.661370121558825 0.5
176 225 24
210.2824947055124 25.343938062650988
223.7593426810743 45.96283815534586
232.4133960019768 27.58421033164289
210.2824947055124 25.343938062650988
232.4133960019768 27.58421033164289
214.64545844360595 1.2966431966316136
179 228 27
616.6669941023696 31.09116138408171
638.0157399314729 47.99185663227374
646.2491816347344 22.641091089048043
616.6669941023696 31.09116138408171
646.2491816347344 22.641091089048043
635.0806575126339 1.0179275123345022
183 232 31
345.90669553101225 30.337491792576483
355.1884955240063 48.71270745914978
368.05394491243123 29.934663487327928
345.90669553101225 30.337491792576483
368.05394491243123 29.934663487327928
364.0483938126088 1.4260459734487796
206 255 54
356.0972962216147 49.15552707860901
383.39967372760435 48.12774841689625
389.7663733935147 27.29552149008892
356.0972962216147 49.15552707860901
389.7663733935147 27.29552149008892
368.8662077191068 30.518387066388808
206 255 54
383.1042629852745 69.5
407.768611714259 69.5
383.59943719383523 49.12093675821727
383.1042629852745 69.5
383.59943719383523 49.12093675821727
356.58148478263416 50.138008438707786
183 232 31
163.08957368929467 43.80517067534538
190.85280300832386 46.31346390285397
186.69881894958513 25.602801995143288
163.08957368929467 43.80517067534538
186.69881894958513 25.602801995143288
147.5972774574046 23.950944221288935
158 207 6
560.0066091718661 69.5
595.032340306955 69.5
606.8436125680975 50.04408398574451
560.0066091718661 69.5
606.8436125680975 50.04408398574451
573.5965194394188 47.13844063415938
176 225 24
