0.5 274.2436627222653
21.01356093556624 265.5090518108945
0.5 239.4437908767979
164 213 12
69.5 0.4999999999999982
62.80901699437495 0.4999999999999982
69.5 13.8819660112501
203 252 51
33.43455702985626 324.4374842300326
43.84224094637217 301.08487298774156
22.373625568602893 304.2147227132549
211 255 59
69.5 294.64349040254837
45.89452281689201 300.6625145824954
69.5 316.076355714279
160 209 8
34.34719107392627 324.84626606039814
68.74842620464194 316.779906330211
44.88639875358082 301.1985436930636
152 201 0
69.16542525497228 293.69680509743057
48.682049974958815 265.2581243048228
45.2369345286617 299.79819263364044
165 214 13
69.5 224.75854586181143
69.5 205.44968530122742
48.82268018616736 203.25253308138807
154 203 2
68.6200709898316 469.87935688990615
32.47667594803675 452.129301701077
41.56737494651816 477.71980019273553
152 201 0
44.26824495026088 87.12290689842345
23.171951324249605 88.51382369130475
28.46054479173025 107.04591801129128
185 234 33
69.5 53.190396039461504
69.5 17.15147545632028
44.388809457288026 40.61443547352206
207 255 55
43.893677441387055 20.711421419169408
44.01502404306237 39.59509842185578
68.46016856950834 16.754466964611563
200 249 48
1.4082741487996806 206.7399754360626
20.886998985550363 210.16534418416188
26.31328924343409 191.8368725823133
195 244 43
46.27613264344531 202.46914744265445
27.455273300792182 191.50221075932015
21.984352561822085 209.98143148557836
152 201 0
22.865970478613097 265.1395430813299
47.18625807111674 263.4702406670447
34.01711544965712 250.2776345734179
156 205 4
22.2490988674731 264.29547507305307
33.341334110801284 249.51207966723163
20.858381066373035 232.41941238821008
171 220 19
43.06771495102165 356.59964882871725
33.40985773034417 326.96073502592054
21.637756055533707 353.62684731525263
158 207 6
68.73495925998421 138.9831675807875
49.36957481347974 109.46330106326613
40.566156191802285 128.2549349935963
162 211 10
69.5 564.4064158976013
69.5 560.5
46.84278779391272 560.5
162 211 10
42.06361818156361 559.5
69.5 559.5
69.5 526.3871253915423
178 227 26
0.5 -4.406415897601305
0.5 -0.5
23.15721220608757 -0.5
175 224 23
30.678875631581914 452.4567788057183
0.992940469704088 474.8766698166996
21.408594029310823 483.5009436466447
204 253 52
0.5000000000000036 356.1893431502248
0.5000000000000036 391.8707502788902
19.408996815016895 374.70395674917984
169 218 17
27.84088383991009 154.0061550984828
48.03785151362257 146.3152754584683
39.88265762692147 129.66275467131794
187 236 35
69.5 226.57303356719933
42.854046356948814 230.2171062171815
69.5 256.795070553171
151 200 0
33.00135222149479 503.14162893324783
69.5 498.558854139325
69.5 470.6654862855751
33.00135222149479 503.14162893324783
69.5 470.6654862855751
41.63964938086197 478.7400049611468
189 238 37
45.60408176500824 173.91542181104995
69.0095318475268 171.59571529433197
48.573076841864356 147.1815135344466
45.60408176500824 173.91542181104995
48.573076841864356 147.1815135344466
27.7082031661844 155.12672762480835
180 229 28
0.5000000000000036 121.19719506146289
27.651521017295956 107.85502480529127
22.153552088359458 88.58924470971063
0.5000000000000036 121.19719506146289
22.153552088359458 88.58924470971063
0.49999999999999645 90.458692714461
175 224 23
28.848750162510306 108.16551382129327
39.84140319672693 127.44476910097842
48.77633326357017 108.37241298289283
28.848750162510306 108.16551382129327
48.77633326357017 108.37241298289283
45.064999377587036 87.72759368863822
159 208 7
0.49999999999999645 89.45497281269493
21.996888022331568 87.5990503174987
20.66254483755271 61.866782487252124
0.49999999999999645 89.45497281269493
20.66254483755271 61.866782487252124
0.5 65.41959868187843
176 225 24
0.5 559.5
11.690385306694369 559.5
22.37508544632612 538.0379060414078
0.5 559.5
22.37508544632612 538.0379060414078
0.5 539.4683716734245
203 252 51
47.97927907548279 202.15728444063518
69.5 204.44405565554933
69.5 172.55200451768033
47.97927907548279 202.15728444063518
69.5 172.55200451768033
45.94533507444659 174.88649966877873
193 242 41
0.5 180.7850774761872
26.265649401633222 154.78372171232553
19.806291779356773 132.42733345752774
0.5 180.7850774761872
19.806291779356773 132.42733345752774
0.5000000000000036 154.18981933545416
183 232 31
46.45997491677801 435.9877932296455
69.5 434.530623581775
69.5 407.5315386005749
46.45997491677801 435.9877932296455
69.5 407.5315386005749
44.07419725372975 409.0877470457632
174 223 22
41.953586623621625 229.33094396100122
68.95816478764905 225.63782619797828
47.36490802242684 203.17916810568678
41.953586623621625 229.33094396100122
47.36490802242684 203.17916810568678
22.212716823892087 210.95753609479374
174 223 22
0.5 473.9958075893809
30.97766793717019 450.9779713752223
22.12404699987087 430.7928874466069
0.5 473.9958075893809
22.12404699987087 430.7928874466069
0.49999999999999645 445.2669949411461
165 214 13
0.49999999999999645 26.63373119363788
22.23943185101816 33.5096961366379
28.398086702703605 0.5
0.49999999999999645 26.63373119363788
28.398086702703605 0.5
0.5 0.5
199 248 47
22.99430692949741 87.52336496277718
44.80691195124994 86.08522046407553
42.208431708654885 62.56438239983623
22.99430692949741 87.52336496277718
42.208431708654885 62.56438239983623
21.660234785471214 61.796324043658124
181 230 29
0.5 237.8268447293735
21.243284044564742 264.18400002532394
19.794740065490096 230.9825276330017
0.5 237.8268447293735
19.794740065490096 230.9825276330017
0.49999999999999645 208.35687927991933
184 233 32
43.61867308869048 19.74282779762396
69.2482994387921 15.614632866334095
61.69098300562505 0.5
43.61867308869048 19.74282779762396
61.69098300562505 0.5
29.967738136524225 0.5
202 251 50
1.4846048307805297 297.88259019292343
21.62013883852926 303.31400036529294
43.79721887632841 300.0808655474385
1.4846048307805297 297.88259019292343
43.79721887632841 300.0808655474385
32.5921490097603 283.9417924048297
183 232 31
41.58714620068001 558.5076981593611
69.5 524.8197711601819
69.5 500.0880334274026
41.58714620068001 558.5076981593611
69.5 500.0880334274026
43.68451149719976 522.2444623440051
185 234 33
27.65402877079394 190.4606405396528
46.94239541021425 201.69999426990816
44.92510444391178 174.6524906335159
27.65402877079394 190.4606405396528
44.92510444391178 174.6524906335159
27.33913369743098 156.18916543273284
201 250 49
22.266277729804788 484.12365017406074
32.16483787493155 502.5080321086947
40.72345112662912 478.3315007347885
22.266277729804788 484.12365017406074
40.72345112662912 478.3315007347885
31.635405401422638 452.7484712601716
175 224 23
43.17061893553967 61.78071313007993
69.5 75.18440001559853
69.5 54.30879295579745
43.17061893553967 61.78071313007993
69.5 54.30879295579745
43.990633646306904 41.53342156189698
175 224 23
20.5089029714514 230.27885301306262
40.57135844443194 229.4105738087874
21.007451109979794 211.20187011136966
20.5089029714514 230.27885301306262
21.007451109979794 211.20187011136966
1.282362599067934 207.7331778686776
154 203 2
23.65619430560764 406.9401104891388
35.142836145233545 389.22503645846524
42.96082601746156 358.4413647104391
23.65619430560764 406.9401104891388
42.96082601746156 358.4413647104391
20.661809838945402 374.95178800234305
163 212 11
36.303170231976694 388.71871276342273
69.5 379.6186167878936
69.5 352.6090556389783
36.303170231976694 388.71871276342273
69.5 352.6090556389783
44.19769238853249 357.63369185053745
207 255 55
0.49999999999999645 510.374945140901
31.506979234116585 503.39558524426405
21.371263032159547 484.57073848818584
0.49999999999999645 510.374945140901
21.371263032159547 484.57073848818584
0.5 475.7539995559435
182 231 30
0.5 297.22801222313353
32.03912596065781 283.0938017274091
21.612294595080375 266.3409905101842
0.5 297.22801222313353
21.612294595080375 266.3409905101842
0.5 275.33054036520423
162 211 10
12.807455219036541 559.5
40.52808302933204 559.5
42.63500385623518 523.0715500218038
12.807455219036541 559.5
42.63500385623518 523.0715500218038
23.606868832088768 537.8074839132533
169 218 17
0.5 206.1181177710827
26.654050459691252 190.46759507266836
26.338555627814973 156.13084549593964
0.5 206.1181177710827
26.338555627814973 156.13084549593964
0.5 182.20577443836947
170 219 18
44.128662070837514 356.6278730056674
69.5 351.5895284699779
69.5 317.6308005607957
44.128662070837514 356.6278730056674
69.5 317.6308005607957
34.12432365378462 325.9256460808177
192 241 40
20.559498365101774 131.43159229118842
26.950381857469445 153.55098573579474
39.318838372868576 128.5471702725694
20.559498365101774 131.43159229118842
39.318838372868576 128.5471702725694
28.35468864049786 109.31790496626834
205 254 53
69.5 138.3262704431678
69.5 109.22084394364722
46.114227768232276 87.91226292764244
69.5 138.3262704431678
46.114227768232276 87.91226292764244
49.77064011653749 108.25157340604906
208 255 56
0.5 326.478080728703
32.65602720590192 325.0980086940567
21.253588701356847 304.25086798127893
0.5 326.478080728703
21.253588701356847 304.25086798127893
0.5 298.65274216339185
157 206 5
48.78588546186056 263.6912655770734
69.5 292.45029982795967
69.5 258.2074810277547
48.78588546186056 263.6912655770734
69.5 258.2074810277547
42.58358023054774 231.35974068157336
210 255 58
32.437245801243826 450.99585487810333
69.5 469.19740821079944
69.5 435.5326215597822
32.437245801243826 450.99585487810333
69.5 435.5326215597822
46.22709185910303 437.0045199296017
193 242 41
0.5 64.40419259926932
20.65518213995069 60.852673776154774
22.106741605320437 34.51655515325959
0.5 64.40419259926932
22.106741605320437 34.51655515325959
0.49999999999999645 27.682558808332796
182 231 30
22.89856755872699 428.77151925993246
42.94202649575277 408.5043106420541
35.508497820284845 390.4991657019977
22.89856755872699 428.77151925993246
35.508497820284845 390.4991657019977
23.786081779803197 408.5778584021657
172 221 20
33.184130329194794 283.04099970342253
44.305631176390584 299.0597053220295
47.759362424274 264.4332566149235
33.184130329194794 283.04099970342253
47.759362424274 264.4332566149235
22.674430103037416 266.15504291891966
172 221 20
0.5 444.0636526709949
21.853696662053274 429.7705048206324
22.75278734498491 409.31344407688084
0.5 444.0636526709949
22.75278734498491 409.31344407688084
0.5 422.2872629226607
187 236 35
23.20009597218587 33.81301959815623
43.01796884566019 40.056574748565495
42.89195592661372 20.446736248051824
23.20009597218587 33.81301959815623
42.89195592661372 20.446736248051824
29.275060859124824 1.2518922435814233
183 232 31
45.837527496613774 86.3072749405556
69.5 107.86797891818418
69.5 76.30652281115904
45.837527496613774 86.3072749405556
69.5 76.30652281115904
43.25675061735267 62.946683598744414
197 246 45
20.18286071128101 374.06213702805013
42.508900561950156 357.53170512847595
20.889780225861678 354.53266280794077
20.18286071128101 374.06213702805013
20.889780225861678 354.53266280794077
1.1704892059298935 355.4463048152165
201 250 49
43.85664394231982 408.09919125754936
69.5 406.52966727208593
69.5 380.65550866441976
43.85664394231982 408.09919125754936
69.5 380.65550866441976
36.285398910921955 389.7604762113712
204 253 52
0.5 421.12971713270736
22.764966184863937 408.14879778037556
19.73312451633103 375.76032859691077
0.5 421.12971713270736
19.73312451633103 375.76032859691077
0.5 393.2213859302567
206 255 54
0.5 152.68295819600343
19.59566773892055 131.15789246887186
27.368209087929646 109.10845646542982
0.5 152.68295819600343
27.368209087929646 109.10845646542982
0.5000000000000036 122.31140814910226
183 232 31
34.34448592654514 249.19011435077866
47.51734057198866 262.3864390821056
41.376756025910964 230.37665324923225
34.34448592654514 249.19011435077866
41.376756025910964 230.37665324923225
21.241241739409755 231.2480943520375
205 254 53
0.5000000000000036 354.476297416796
20.58036988137819 353.5459257605982
32.69799825393392 326.0971279342602
0.5000000000000036 354.476297416796
32.69799825393392 326.0971279342602
0.5 327.4790012819008
174 223 22
69.5 170.62371218557675
69.5 140.3446076342643
40.89139173438184 129.44887299028602
69.5 170.62371218557675
40.89139173438184 129.44887299028602
49.150273756814826 146.31312005392277
171 220 19
0.5 538.4662358673996
22.820127959697018 537.006667810996
31.56238514933825 504.4081336810566
0.5 538.4662358673996
31.56238514933825 504.4081336810566
0.5 511.39996489325813
207 255 55
21.659845015206464 60.79561114678274
42.17863392678733 61.56257027906618
43.00729991042068 41.10166687946586
21.659845015206464 60.79561114678274
43.00729991042068 41.10166687946586
23.091140590826885 34.82714691003678
183 232 31
24.077677146941284 536.1780682295173
42.88152330642704 521.615830072202
68.41295577163208 499.70319539581425
24.077677146941284 536.1780682295173
68.41295577163208 499.70319539581425
32.65543851528252 504.19291374839844
210 255 58
31.755861503456863 450.26261230579655
45.48651819640308 436.3313315614109
43.12797962510971 409.7384107386057
31.755861503456863 450.26261230579655
43.12797962510971 409.7384107386057
22.936395801985768 430.1553977943018
209 255 57
