440.5739698667613 25.42014829868254
439.57447910552014 45.849392474307095
460.59778530439445 35.71045045362408
193 242 41
43.29217575906667 19.28273155677558
25.732745180102683 1.1942473837916694
24.967294750815118 25.393850600554053
182 231 30
438.8748037317608 24.937118855153205
412.9179976066657 20.9621217774983
414.205622646487 43.78263933846125
176 225 24
374.1878103000406 32.381878588894935
360.500005455591 1.797701242620711
355.59034466148665 37.390864016289775
207 255 55
174.8487333425974 69.5
198.30870723275638 69.5
181.03043436393753 50.32855374030498
176 225 24
246.38630663592568 0.5
215.91858569548828 0.5
235.21165003819567 25.13383770432574
209 255 57
489.5 30.214585408049707
463.0076693499271 35.95701963818487
489.5 52.950127544317716
160 209 8
317.02691963185947 20.84019610020576
313.2740589855708 39.22182984013751
332.66739343078615 31.57271631583815
209 255 57
98.20665106946501 35.1194445960637
92.66094194185325 2.1248559833294784
86.53926981714834 21.411134622331222
151 200 0
98.12080539952996 36.561453368218125
86.05693231469388 22.387294818469538
73.67097324980679 43.78709483308283
160 209 8
92.12752255766253 0.5
60.946648117675394 0.5
85.72459594658328 20.672368629152267
163 212 11
189.71550046254077 30.2226909403417
206.69519384058268 40.99036167439496
214.68754076496282 22.365054585166536
194 243 42
124.45850695902905 48.42392956801461
157.23203224115036 48.327622277065814
147.82913807803467 30.270772064446376
189 238 37
187.8801077450657 30.369378087941815
169.4661522581748 23.98268721204092
180.78442886354455 48.09483771268735
165 214 13
440.00286946663124 23.636266273859082
450.2847019560809 0.5
422.7793388809794 0.5
158 207 6
414.6191688086067 69.5
443.9614459674721 69.5
438.74366517117136 47.60390190036503
191 240 39
258.0607894047934 39.4373144967283
235.7650296870185 26.911184048024882
234.32498775695558 45.7071914404289
193 242 41
412.8328690722445 69.5
413.24233731623116 45.74717847323896
380.5912997432482 69.5
201 250 49
45.07739820447233 19.204860784554732
63.25770709520003 23.673390832562493
59.24427416498935 1.1858019361291419
196 245 44
234.48027634455536 69.5
207.18625837875925 42.68635935110135
200.0821549958517 69.5
171 220 19
0.5 29.70952555232917
0.5 54.155479805550684
23.247309444482596 26.75489534008823
193 242 41
248.53279917816627 0.5
272.04682122553993 20.28894578734973
269.9818910901069 0.5
164 213 12
98.91797293982148 38.10126422303064
83.16168045090376 69.5
109.91668749001155 69.5
205 254 53
413.8441722806627 68.8529315055451
438.5446799770184 46.4340286815486
439.5604653274702 25.671728759302866
413.8441722806627 68.8529315055451
439.5604653274702 25.671728759302866
414.25531308512114 45.00308650757829
152 201 0
480.16590762237485 69.5
489.5 69.5
489.5 54.13816746339759
480.16590762237485 69.5
489.5 54.13816746339759
463.0521636656894 37.17359976835245
161 210 9
49.25973192800164 69.5
82.04283450745345 69.5
98.03597592116235 37.629277757064195
49.25973192800164 69.5
98.03597592116235 37.629277757064195
72.87801653103006 45.06419156046143
205 254 53
317.3627270483699 19.85783227540385
333.6341025602543 31.023278339411803
359.17295913824097 0.5
317.3627270483699 19.85783227540385
359.17295913824097 0.5
329.2526484981916 0.5
201 250 49
273.136712374861 21.098371453718066
293.34334841513163 27.93849331321521
301.0430804705302 0.5
273.136712374861 21.098371453718066
301.0430804705302 0.5
270.9873205672986 0.5
194 243 42
354.303060719153 69.5
378.4950120479719 69.5
374.4513087736605 33.346544939556665
354.303060719153 69.5
374.4513087736605 33.346544939556665
355.4776666121753 38.45684861956247
199 248 47
440.76128083000503 24.392087550201552
461.5779880507398 35.0898593030176
488.30608677406644 0.5
440.76128083000503 24.392087550201552
488.30608677406644 0.5
451.379002769521 0.5
204 253 52
396.7752584489854 33.5821024200638
413.20606548586693 43.81867734450108
411.8949758662807 20.58229814833593
396.7752584489854 33.5821024200638
411.8949758662807 20.58229814833593
394.130419631279 1.4018982075568296
182 231 30
181.40082483722773 49.245826074685375
199.1856125488093 68.97928580421559
206.3460372741065 41.95306657160254
181.40082483722773 49.245826074685375
206.3460372741065 41.95306657160254
188.77955580638877 30.813284233433752
202 251 50
44.07519183125386 18.861630335425485
58.511403044225595 0.5
25.221279636174778 0.5
44.07519183125386 18.861630335425485
25.221279636174778 0.5
3.0333760356813464 -3.890120010687154
185 234 33
353.35518416150774 68.10353991940922
354.49324847977107 38.02613002184986
359.51017822054297 1.6553084160503744
353.35518416150774 68.10353991940922
359.51017822054297 1.6553084160503744
334.3240255234446 31.757045615009343
152 201 0
100.19809542727143 36.86742401533365
122.93713189752711 48.33942756673612
146.872402828049 29.747685611637845
100.19809542727143 36.86742401533365
146.872402828049 29.747685611637845
128.3263057998973 25.20215869435071
165 214 13
280.66434279766366 44.19052199252907
312.18002879220154 39.58135314216332
316.01760143545414 20.784797280593843
280.66434279766366 44.19052199252907
316.01760143545414 20.784797280593843
293.97520265532125 29.00552719241511
176 225 24
265.3893777393189 69.5
297.2428946168601 69.5
279.0980048950921 45.32085207222768
265.3893777393189 69.5
279.0980048950921 45.32085207222768
260.01553026820784 40.28996910611295
182 231 30
148.50142888439115 29.39668577309217
157.999036851782 47.63541966399147
167.9338170061222 23.210407728749313
148.50142888439115 29.39668577309217
167.9338170061222 23.210407728749313
149.79147584443984 1.3148455881164942
209 255 57
99.38892094668157 36.12041774816574
127.69602039543844 24.38096396981389
121.69124008427528 0.5
99.38892094668157 36.12041774816574
121.69124008427528 0.5
93.40186415522012 0.5
198 247 46
294.4296012381415 27.76877621937251
316.35192954303585 19.592826685456846
328.07907989310803 0.5
294.4296012381415 27.76877621937251
328.07907989310803 0.5
302.08170764103454 0.5
163 212 11
235.97123820280567 25.88002278853766
259.2398607780945 38.952723850495545
271.9930464156236 21.5506933829083
235.97123820280567 25.88002278853766
271.9930464156236 21.5506933829083
247.34496565238027 0.8073457325849169
157 206 5
1.4407175737649354 54.5878841476914
38.967982233384035 43.36698498813158
43.547534782059074 20.251713830871942
1.4407175737649354 54.5878841476914
43.547534782059074 20.251713830871942
24.738417075860983 26.524319768081533
159 208 7
236.16353011455425 69.5
264.37259558736787 69.5
258.9871477883628 40.226914481286755
236.16353011455425 69.5
258.9871477883628 40.226914481286755
234.30514151320162 46.74673396600191
184 233 32
260.21835196749475 39.309271819505646
279.22166331878464 44.31928426528604
292.8127403485934 28.81461843358429
260.21835196749475 39.309271819505646
292.8127403485934 28.81461843358429
272.8594096660657 22.060242638457883
179 228 27
144.100214455612 69.5
173.15360172614172 69.5
157.80755031816483 49.325935394624224
144.100214455612 69.5
157.80755031816483 49.325935394624224
124.19075288027466 49.424720699645526
162 211 10
444.98944674446506 69.5
479.03441780940693 69.5
461.50277245727455 36.3842197355102
444.98944674446506 69.5
461.50277245727455 36.3842197355102
439.61363346806945 46.94072825965972
185 234 33
158.6254660995665 48.74944944475077
173.98022620855434 68.9349625910022
180.28453372860312 49.38327408197044
158.6254660995665 48.74944944475077
180.28453372860312 49.38327408197044
168.54243559402315 24.368225653128526
156 205 4
412.6322729899607 19.906708409175113
438.98392636044076 23.942171964830486
421.5326677584182 0.5000000000000034
412.6322729899607 19.906708409175113
421.5326677584182 0.5000000000000034
394.6581137474258 0.5000000000000001
178 227 26
233.37733250225077 44.98571566371595
234.81301115912456 26.246659470721795
215.44012534915342 1.5109038421634047
233.37733250225077 44.98571566371595
215.44012534915342 1.5109038421634047
216.07143157470907 21.390381489129034
210 255 58
168.80552666613778 22.695114823926758
187.91018406347573 29.321368546200333
183.19674960923004 0.5
168.80552666613778 22.695114823926758
183.19674960923004 0.5
150.41498055126402 0.5000000000000034
186 235 34
40.0055887789647 43.27527172894695
71.84193775952728 44.10190287428923
63.52405629205554 24.76862000849494
40.0055887789647 43.27527172894695
63.52405629205554 24.76862000849494
44.59390111671638 20.115785575214485
176 225 24
0.5 28.70112523068664
23.958562408470968 25.654110927875568
24.754204586387022 0.5000000000000034
0.5 28.70112523068664
24.754204586387022 0.5000000000000034
0.5 0.5000000000000001
208 255 56
298.4931559345472 69.5
317.90522910640993 69.5
312.20126104980505 40.58888587188022
298.4931559345472 69.5
312.20126104980505 40.58888587188022
280.2985871114408 45.254651706251366
170 219 18
64.36710750922714 24.197833077320233
72.67591610632849 43.51002783673049
85.33250279295517 21.642651839238642
64.36710750922714 24.197833077320233
85.33250279295517 21.642651839238642
60.269417595943935 1.238145498801952
177 226 25
318.92450563012994 69.5
352.95758849065083 69.5
333.49140745515194 32.32268191910858
318.92450563012994 69.5
333.49140745515194 32.32268191910858
313.1709361952098 40.337476485439986
187 236 35
0.5 69.5
22.535371072211255 69.5
38.26363881394461 44.621333935162774
0.5 69.5
38.26363881394461 44.621333935162774
0.5 55.91291052281841
167 216 15
379.45536188182473 69.08975022850376
412.8655043316424 44.784698696210846
396.14217361279793 34.365878275197204
379.45536188182473 69.08975022850376
396.14217361279793 34.365878275197204
375.44602614895194 33.24356434204495
172 221 20
128.69763038927147 24.263570522449385
147.52420934240595 28.877841722584108
148.82785426758966 0.5
128.69763038927147 24.263570522449385
148.82785426758966 0.5
122.72236822747132 0.5
153 202 1
462.9532191549976 34.94559972045696
489.5 29.191362955190762
489.5 0.5
462.9532191549976 34.94559972045696
489.5 0.5
489.5698463533698 0.5
155 204 3
375.2152301023935 32.229579430675535
395.7522569710263 33.34326454721488
393.0529222992807 0.5000000000000001
375.2152301023935 32.229579430675535
393.0529222992807 0.5000000000000001
361.01480593775733 0.500000000000007
194 243 42
188.939364917467 29.41857128123442
215.06481822066942 21.19800503255813
214.40751828222608 0.5
188.939364917467 29.41857128123442
214.40751828222608 0.5
184.21003396893713 0.5
169 218 17
235.0950321847796 68.70211241919873
233.28589748349003 46.55188876854872
215.69098919238516 22.56251412471716
235.0950321847796 68.70211241919873
215.69098919238516 22.56251412471716
207.51750193432719 41.609949328868055
168 217 16
110.97626487314307 69.5
142.69182934105322 69.5
122.69639312204072 49.338030008488616
110.97626487314307 69.5
122.69639312204072 49.338030008488616
99.88179487722859 37.82790501129861
184 233 32
23.71844992514428 69.5
47.86897409535109 69.5
71.46006685188684 45.09232462614251
23.71844992514428 69.5
71.46006685188684 45.09232462614251
39.67078066721821 44.26691546680423
165 214 13
