0.5 24.94297916298226
24.66798827855292 25.342449888971885
0.5 1.2059933103230165
176 225 24
301.2856146599703 0.5
316.35004384497984 22.943888124582966
338.58349735595766 0.5
192 241 40
142.39178877996213 69.5
137.0825822831364 49.69475887435782
109.17709004678974 69.5
174 223 22
617.3272025270315 73.49055699149683
598.5257005116645 70.5
579.7241990944087 70.5
185 234 33
605.6726198559106 25.82120734105088
629.5 38.72580324112238
629.5 11.02934296529584
183 232 31
338.99265596432474 1.5078907274615538
317.0561233111914 23.65204770537286
332.87759578216213 34.28431193163421
207 255 55
340.03699201198623 1.3627382046893572
333.84053698163314 34.57543178373101
359.3624511039629 32.634300189227105
208 255 56
316.5234617612123 45.498108224230855
332.32617355836607 35.11857328990047
316.7645959058503 24.660962237414182
188 237 36
340.6793763843894 0.5
359.8571638088455 31.532606538136555
362.6700202279745 0.5
190 239 38
50.01174453650236 23.664733151511673
60.10626752289794 0.5
36.31140102280011 0.5
187 236 35
17.07280513934152 -3.095906975090302
35.469885209443774 -0.5
48.67515081018403 -0.5
184 233 32
427.4765469747807 43.82427361947629
418.6569474411748 69.5
442.5188858201302 69.5
167 216 15
567.7290298869218 43.59670517805588
577.8975201929971 22.46975060051121
554.6118049690879 28.416288287259597
173 222 21
360.35583508612876 33.7287457535138
349.2048651505471 48.859050398357624
382.47528310717973 46.632439466948355
187 236 35
300.6468156235512 1.3426263012933823
296.9113251104497 25.581636612352348
315.40605271434094 23.331820979808548
165 214 13
83.516539610195 37.51800132080757
95.9181704180763 21.47514171352634
72.66090765606997 22.179981688163057
158 207 6
89.13759052526396 1.000022772276413
72.78986240590986 21.175614427327535
96.25386176375142 20.464509045688448
194 243 42
481.57034648367204 44.5332708614914
465.3471786322299 32.066883374126704
453.05015201675815 47.50406146007314
178 227 26
396.6822312190516 0.5000000000000036
412.19827461960887 20.206609457055517
429.00345496797627 0.5000000000000036
168 217 16
199.31919027914464 69.5
195.90135082565482 49.72917963056316
171.87287291487308 69.5
184 233 32
456.20053265717206 0.5
465.44322734794997 30.267782564440004
486.9776980968283 0.5
183 232 31
444.1227896455759 69.5
476.4588059893352 69.5
452.12827215979235 48.9581335313258
156 205 4
208.05690179235893 0.5
179.39941726226527 0.5
190.65983440800912 24.22840992399286
183 232 31
0.5 69.5
16.07792668242247 69.5
0.5 64.55295558485805
155 204 3
629.5 40.74526151932349
599.8004629813915 69.5
629.5 69.5
152 201 0
49.4887433009735 25.28864271297057
27.13672673607855 26.30685313526986
46.53502060850565 43.7782986465334
154 203 2
580.7013628103488 0.5000000000000036
552.2859008307953 0.5000000000000036
578.4162456602533 20.77873187009885
155 204 3
209.87239946184636 0.5
222.65710879104668 24.74447117545432
247.25856707027896 0.5
197 246 45
517.3637802397063 0.5000000000000036
488.80591158495616 0.5000000000000036
500.64162596744507 21.823284387053427
152 201 0
81.76736793346734 68.7464395991993
102.13855647703706 49.39114955767437
83.9398556103723 39.1792747019424
183 232 31
326.94056308333523 69.5
353.917696897245 69.5
382.51576093178033 47.631967454999796
326.94056308333523 69.5
382.51576093178033 47.631967454999796
348.3710905867869 49.917087417683405
159 208 7
483.80886040510575 44.52482880054212
516.3360209217318 48.9831930267445
531.5171874360956 28.5354591201992
483.80886040510575 44.52482880054212
531.5171874360956 28.5354591201992
500.7766907655809 23.2674078474287
154 203 2
138.2348737463135 48.249697558794246
159.1692112957681 45.395269387045026
169.03794765698026 20.858792014491858
138.2348737463135 48.249697558794246
169.03794765698026 20.858792014491858
149.10792769894965 25.74541204593996
172 221 20
1.0839200485160028 63.689176065476076
19.38183323066038 69.5
49.33036793081014 69.5
1.0839200485160028 63.689176065476076
49.33036793081014 69.5
22.579441358271406 47.774264336187066
206 255 54
568.6732715589029 43.940681568751664
591.6381000066981 42.31423336308938
603.7775183602153 26.21333976207149
568.6732715589029 43.940681568751664
603.7775183602153 26.21333976207149
579.1023455278768 22.272315331855985
210 255 58
0.5 62.877246960120715
22.131029627640345 46.8620072189335
25.31449569696991 26.353272551123105
0.5 62.877246960120715
25.31449569696991 26.353272551123105
0.49999999999999645 25.94311575623871
168 217 16
222.16437415708492 46.26969521827858
243.52484675579404 35.67411924505224
247.80394330065022 1.3665279848774894
222.16437415708492 46.26969521827858
247.80394330065022 1.3665279848774894
223.02007537959125 25.79076189037802
188 237 36
567.64472357399 69.5
597.9279273844566 69.5
591.5150767336761 43.325451137665176
567.64472357399 69.5
591.5150767336761 43.325451137665176
568.336065653876 44.9670684946364
174 223 22
47.488016434393636 44.15190626365471
82.63409032567638 38.00216658816494
71.48259619983453 22.246120642770844
47.488016434393636 44.15190626365471
71.48259619983453 22.246120642770844
50.5148288359274 25.204724789065587
211 255 59
170.66419830917692 69.19951168318806
195.68822664668494 48.6095446025611
190.24877878757053 26.01255771146768
170.66419830917692 69.19951168318806
190.24877878757053 26.01255771146768
160.1556853243551 46.03217504368969
153 202 1
196.78782086564553 48.98665453616768
200.23594405959142 68.93265410896358
221.1377879079379 46.88508327487729
196.78782086564553 48.98665453616768
221.1377879079379 46.88508327487729
221.98016719335115 26.724975086350312
157 206 5
478.0089316369473 69.5
507.0438051276344 69.5
482.68573582868964 45.42249741541846
478.0089316369473 69.5
482.68573582868964 45.42249741541846
453.1363517114029 48.50049299610621
184 233 32
360.7989422695303 32.220159144336
378.9547531508122 23.101684077384043
394.6946729470193 0.5000000000000034
360.7989422695303 32.220159144336
394.6946729470193 0.5000000000000034
363.6741198075592 0.5
183 232 31
355.5639737093764 69.5
383.3167283029116 69.5
405.2685305115053 47.860624201395325
355.5639737093764 69.5
405.2685305115053 47.860624201395325
384.3017586778039 47.52512728827101
171 220 19
84.24871792307452 38.20590978797475
102.94162535624307 48.69509980191464
118.75687311390031 37.36356179874659
84.24871792307452 38.20590978797475
118.75687311390031 37.36356179874659
97.06032293020507 21.632703920346543
209 255 57
26.094005811149877 25.353315603393003
49.225420150529104 24.299600960040877
35.14959607308576 0.4999999999999965
26.094005811149877 25.353315603393003
35.14959607308576 0.4999999999999965
1.2082220081819628 0.49999999999999994
164 213 12
465.9520495746835 31.27054015855783
482.78453041583737 44.20514272576313
499.9704101781483 22.674547900391026
465.9520495746835 31.27054015855783
499.9704101781483 22.674547900391026
487.90086595921787 0.9299944678461749
164 213 12
451.93973625021744 47.29306252746654
464.7062365226767 31.2665266499008
455.2952212407416 0.9566369482768451
451.93973625021744 47.29306252746654
455.2952212407416 0.9566369482768451
434.4544248783132 22.61937954079888
186 235 34
443.3005347071336 68.85593797896864
451.35271945573356 48.19423475332294
433.97728186371586 23.675595663547025
443.3005347071336 68.85593797896864
433.97728186371586 23.675595663547025
427.90190011137116 42.57205137202011
183 232 31
97.37842985876995 20.628158865886885
119.08856620961892 36.36886725336778
118.25067354079361 0.5000000000000069
97.37842985876995 20.628158865886885
118.25067354079361 0.5000000000000069
90.01951804322022 0.4999999999999966
161 210 9
143.42709643699894 69.5
169.70243290723909 69.5
159.22317694683684 46.39716414522517
143.42709643699894 69.5
159.22317694683684 46.39716414522517
138.00930734804587 49.289706929134795
163 212 11
104.55738097174218 48.76760854532486
137.0638531765445 48.37474602881878
147.73960711903518 26.278818257896482
104.55738097174218 48.76760854532486
147.73960711903518 26.278818257896482
119.85632202840783 37.806001452707605
202 251 50
533.3293601849956 27.67800167215057
553.641763245486 27.63191787545325
577.6994273294395 21.488245467080258
533.3293601849956 27.67800167215057
577.6994273294395 21.488245467080258
550.9478985187634 0.7274371651801061
208 255 56
517.1976085154589 49.50025959266614
533.6675497446905 69.18717832842717
547.8094197346776 49.69062747373541
517.1976085154589 49.50025959266614
547.8094197346776 49.69062747373541
532.4044955541355 29.017882337957484
192 241 40
579.3636797783989 21.301380330397993
604.1997005959691 25.268094786926845
605.1755640496067 0.5
579.3636797783989 21.301380330397993
605.1755640496067 0.5
581.7076917828548 0.5
180 229 28
605.2138370874717 24.92899314820581
629.5 9.852319765012966
629.5 0.49999999999999994
605.2138370874717 24.92899314820581
629.5 0.49999999999999994
606.1763399294375 0.4999999999999965
204 253 52
379.9580563806889 23.410834964921673
406.1599101698451 46.442740707358226
411.64433446378223 21.119570615311826
379.9580563806889 23.410834964921673
411.64433446378223 21.119570615311826
395.67681003525587 0.8395443363403814
174 223 22
23.13174239260249 46.93456587771786
50.04932423850805 68.79565043893552
46.41639890055157 45.017269886694365
23.13174239260249 46.93456587771786
46.41639890055157 45.017269886694365
26.248897662748988 26.853023005402967
195 244 43
160.59025355479884 44.542007210891796
189.9302183617379 25.023413394880013
178.6289692694444 1.208960729025634
160.59025355479884 44.542007210891796
178.6289692694444 1.208960729025634
170.32690266772735 20.33393619758151
157 206 5
82.42605735595741 69.5
107.44929728224045 69.5
135.78378539491845 49.39028953546605
82.42605735595741 69.5
135.78378539491845 49.39028953546605
103.17649848314107 49.78437046531559
183 232 31
267.3633793656869 22.14439870485294
295.8962213020237 25.603039670503446
299.7648679726509 0.5000000000000001
267.3633793656869 22.14439870485294
299.7648679726509 0.5000000000000001
274.2782020921671 0.5000000000000034
209 255 57
191.10787811764646 25.308553878527626
196.53921536534153 47.87184702263242
221.90314111444994 25.45854826630953
191.10787811764646 25.308553878527626
221.90314111444994 25.45854826630953
208.974062555133 0.9403003824407037
189 238 37
413.2040278804552 20.56835122869909
433.60958367664216 22.055169701938432
454.34688877072375 0.5
413.2040278804552 20.56835122869909
454.34688877072375 0.5
430.31769030054863 0.5
185 234 33
149.38413299829747 24.6480694405905
169.50564242621584 19.714498313190884
177.84657049574272 0.4999999999999966
149.38413299829747 24.6480694405905
177.84657049574272 0.4999999999999966
153.594281741765 0.5000000000000034
180 229 28
245.21174750273204 35.85962701529452
274.3492219475738 44.91993732293117
295.1521106552236 26.520161336035304
245.21174750273204 35.85962701529452
295.1521106552236 26.520161336035304
266.81153318801125 23.084825927210733
153 202 1
51.1685406226589 69.5
80.70930330329058 69.5
82.95315894132835 38.96153004190108
51.1685406226589 69.5
82.95315894132835 38.96153004190108
47.451860752383375 45.17342564876996
170 219 18
120.09482963044245 36.62531609694872
148.31485184999593 24.958922957505532
152.57919703955463 0.5
120.09482963044245 36.62531609694872
152.57919703955463 0.5
119.25094634573158 0.5
198 247 46
548.6284194726031 49.116116305684685
566.9487821119036 44.22321587996769
553.4768450446658 28.632294607496803
548.6284194726031 49.116116305684685
553.4768450446658 28.632294607496803
533.3982228366679 28.67784801351382
198 247 46
262.60429580371044 69.5
293.0053848293792 69.5
314.8588278486037 46.90556782031742
262.60429580371044 69.5
314.8588278486037 46.90556782031742
274.77022139401794 45.98799482011706
194 243 42
294.39660196007674 69.5
325.4581332375986 69.5
346.9917966645509 49.82284327116467
294.39660196007674 69.5
346.9917966645509 49.82284327116467
316.2051650056503 46.9519695484108
153 202 1
598.8434866678095 69.03463215093484
629.1624110681278 39.680210174581816
604.817351987698 26.495246166936013
598.8434866678095 69.03463215093484
604.817351987698 26.495246166936013
592.4424807259236 42.90842838949263
160 209 8
501.48094740689595 22.373519634424223
532.1647966700957 27.631863144519247
549.9018563429873 0.5
501.48094740689595 22.373519634424223
549.9018563429873 0.5
518.6346073761949 0.5
160 209 8
201.07603892730663 69.5
234.9589999562766 69.5
243.2351367953831 36.934093112282895
201.07603892730663 69.5
243.2351367953831 36.934093112282895
221.93128157535716 47.5015847940934
186 235 34
384.2749303241753 46.52456998445916
405.1177533261843 46.85808354741647
379.21566726367837 24.089679085476682
384.2749303241753 46.52456998445916
379.21566726367837 24.089679085476682
361.2684295865768 33.10340148815001
152 201 0
508.4662822222048 69.5
532.6254566463499 69.5
516.3017183226165 49.98784113007044
508.4662822222048 69.5
516.3017183226165 49.98784113007044
484.2875756340411 45.599794149384046
178 227 26
317.4796547578757 46.06647812722224
347.92815454026066 48.90582082930876
359.17030067002673 33.651802857073946
317.4796547578757 46.06647812722224
359.17030067002673 33.651802857073946
333.3963033286768 35.61210725729059
174 223 22
244.60997483305385 35.0537292044838
266.2847839956046 22.234556842858446
273.2284099034602 0.4999999999999965
244.60997483305385 35.0537292044838
273.2284099034602 0.4999999999999965
248.91977152293228 0.49999999999999994
170 219 18
534.6760126079683 69.5
566.6443265919122 69.5
567.330334316657 45.15636316237686
534.6760126079683 69.5
567.330334316657 45.15636316237686
548.7305134789349 50.1238997273968
179 228 27
50.894944958771234 24.14118356561331
71.44996138527065 21.24081960357888
88.25567819640514 0.49999999999999994
50.894944958771234 24.14118356561331
88.25567819640514 0.49999999999999994
61.19709130199847 0.4999999999999965
187 236 35
275.7564439608122 45.01030618642078
315.5185078493573 45.92040507692978
315.7687631674418 24.295070329207597
275.7564439608122 45.01030618642078
315.7687631674418 24.295070329207597
296.5314147966486 26.635223048417995
205 254 53
407.12344465063404 46.71816029148695
426.9686981998809 42.20748504716578
433.1365697570704 23.02335531721096
407.12344465063404 46.71816029148695
433.1365697570704 23.02335531721096
412.57960250969427 21.525504488620133
177 226 25
384.7411875631755 69.5
417.5995960728369 69.5
426.59296575794184 43.318391822236926
384.7411875631755 69.5
426.59296575794184 43.318391822236926
406.71819710936825 47.83577562422586
180 229 28
235.99078704655443 69.5
261.4783568215896 69.5
273.75126809796024 45.7812330750924
235.99078704655443 69.5
273.75126809796024 45.7812330750924
244.3425338044633 36.63657439994467
160 209 8
