22.27 -31.04
22.63 -20.79
18.32 -21.43
0 0 0
13.24 -6.12
13.84 -5.84
13.65 -3.54
0 0 0
-17.64 -29.7
-18.66 -19.6
-20.73 -30.93
0 0 0
-18.66 -19.6
-17.64 -29.7
-14.53 -20.86
0 0 0
18.99 -30.93
22.27 -31.04
18.32 -21.43
0 0 0
-2.37 25.41
-1.64 38.84
-10.78 38.21
0 0 0
-17.64 -29.7
-18.12 -31.05
-8.09 -33.24
0 0 0
-9.4 -20.15
-13.73 -18.58
-14.53 -20.86
0 0 0
-7.24 -30.9
-9.4 -20.15
-14.53 -20.86
0 0 0
-7.24 -30.9
-17.64 -29.7
-8.09 -33.24
0 0 0
-17.64 -29.7
-7.24 -30.9
-14.53 -20.86
0 0 0
-9.4 -20.15
-7.24 -30.9
2.7 -31.28
0 0 0
13.78 -20.03
-9.4 -20.15
2.7 -31.28
0 0 0
-9.4 -20.15
13.78 -20.03
-8.12 -10.97
0 0 0
18.17 -19.3
13.78 -20.03
18.32 -21.43
0 0 0
13.78 -20.03
13.24 -6.12
-8.12 -10.97
0 0 0
13.78 -20.03
18.99 -30.93
18.32 -21.43
0 0 0
18.99 -30.93
13.78 -20.03
9.27 -31.54
0 0 0
19.05 -31.74
18.99 -30.93
9.27 -31.54
0 0 0
-9.71 22.67
-2.37 25.41
-10.78 38.21
0 0 0
15.03 0.21
15.02 21.21
2.69 25.41
0 0 0
15.03 0.21
2.69 25.41
2.66 25.41
0 0 0
16.99 21.4
15.03 0.21
24.51 1.02
0 0 0
15.02 21.21
15.03 0.21
16.99 21.4
0 0 0
15.02 21.21
9.39 25.41
2.69 25.41
0 0 0
10.14 38.41
9.39 25.41
14.71 38.84
0 0 0
9.39 25.41
16.99 21.4
14.71 38.84
0 0 0
9.39 25.41
15.02 21.21
16.99 21.4
0 0 0
2.73 -31.28
13.78 -20.03
2.7 -31.28
0 0 0
13.78 -20.03
2.73 -31.28
9.27 -31.54
0 0 0
2.73 -31.28
2.7 -31.28
2.7 -43.65
0 0 0
9.28 -32.71
19.05 -31.74
9.27 -31.54
0 0 0
-10.58 -1.5
-9.71 22.67
-16.32 15.85
0 0 0
-21.09 6.54
-10.58 -1.5
-16.32 15.85
0 0 0
-9.71 22.67
-10.58 -1.5
-2.37 25.41
0 0 0
-2.37 25.41
-10.58 -1.5
2.66 25.41
0 0 0
-10.58 -1.5
15.03 0.21
2.66 25.41
0 0 0
-10.58 -1.5
-18.11 0.13
-15.02 -1.5
0 0 0
-18.11 0.13
-10.58 -1.5
-21.09 6.54
0 0 0
15.01 0.15
-10.58 -1.5
13.65 -3.54
0 0 0
-8.34 -9.89
-8.34 -10.93
-8.12 -10.97
0 0 0
13.24 -6.12
-8.34 -9.89
-8.12 -10.97
0 0 0
-8.34 -9.89
13.24 -6.12
13.65 -3.54
0 0 0
-10.58 -1.5
-8.34 -9.89
13.65 -3.54
0 0 0
-18.11 0.12
-18.11 0.13
-32.48 0.12
0 0 0
-18.11 0.12
-16.32 -3.72
-15.02 -1.5
0 0 0
-18.11 0.13
-18.11 0.12
-15.02 -1.5
0 0 0
-10.58 -1.5
15.01 0.16
15.03 0.21
0 0 0
15.01 0.15
15.01 0.16
-10.58 -1.5
0 0 0
-10.27 -26.47
-9.55 -21.28
-12.93 -19.93
50 98 118
-8.22 -31.54
-7.98 -30.88
-8.5 -30.86
50 98 118
-9.51 -31.54
-10.87 -30.76
-16.71 -29.9
64 118 137
-15.81 -27.25
-10.6 -28.82
-13.71 -21.02
64 118 137
-9.81 -30.81
-10.87 -30.76
-9.51 -31.54
64 118 137
-10.87 -30.76
-16.32 -29.17
-16.71 -29.9
64 118 137
-16.32 -29.17
-10.87 -30.76
-10.6 -28.82
64 118 137
-15.81 -27.25
-16.32 -29.17
-10.6 -28.82
64 118 137
-16.32 -29.17
-16.49 -29.24
-16.71 -29.9
64 118 137
17.77 -30.79
17.3 -20.88
13.84 -21.56
36 81 109
14.21 -31.08
17.77 -30.79
13.84 -21.56
36 81 109
-16.84 -28.21
-18.01 -20.9
-19.53 -29.26
218 188 155
-18.01 -20.9
-16.84 -28.21
-14.9 -21.9
218 188 155
12.61 -5.04
11.67 12.93
-0.7 -10.32
218 188 155
21.09 -29.93
21.36 -22.07
18.5 -22.73
214 179 144
18.78 -29.9
21.09 -29.93
18.5 -22.73
214 179 144
-8.34 -6.5
-8.34 -1.5
-9.59 -1.5
237 183 189
13.59 -2.72
14.58 0.18
13.36 0.07
237 183 189
13.05 -30.27
11.88 -8.76
1.68 -29.95
171 44 44
2.27 -26.01
-0.48 -12.36
-8.13 -21.37
173 60 71
-0.48 -12.36
2.27 -26.01
11.52 -6.9
173 60 71
-0.48 -12.36
-6.57 -11.26
-8.13 -21.37
173 60 71
0.41 -29.84
-8.49 -22.48
-9.41 -29.34
199 88 88
-8.49 -22.48
0.41 -29.84
1.71 -27.15
199 88 88
13.79 2.44
13.21 21.04
12.25 20.96
168 107 173
13.21 21.04
13.79 2.44
22.11 2.2
168 107 173
11.68 13.88
-2.51 22.94
-14.57 15.02
158 96 162
9.11 20.66
-2.51 22.94
11.68 13.88
158 96 162
-2.51 22.94
9.11 20.66
9.27 23.47
158 96 162
11.34 20.87
9.11 20.66
11.68 13.88
158 96 162
-2.51 22.94
-7.48 22.65
-14.57 15.02
158 96 162
-2.5 23.11
-2.51 22.94
9.27 23.47
158 96 162
3.58 1.02
-6.68 13.75
-14.11 1.38
125 64 125
-6.68 13.75
3.58 1.02
9.81 12.77
125 64 125
-16.42 0.14
-7.89 14.1
-19.13 5.97
164 102 170
-7.89 14.1
-14.64 14.59
-19.13 5.97
164 102 170
-2.2 -10.38
-7.0 0.14
-7.05 -9.67
220 181 143
-7.0 0.14
-2.2 -10.38
3.25 -0.02
220 181 143
-4.16 23.99
-3.25 36.73
-8.71 36.51
133 78 120
-8.03 23.77
-4.16 23.99
-8.71 36.51
133 78 120
15.57 22.9
11.45 37.04
10.84 22.44
129 61 126
13.62 37.24
11.45 37.04
15.57 22.9
129 61 126
-8.38 -12.82
2.7 -31.28
13.88 -22.59
0 0 0
-8.38 -12.82
13.35 -8.67
-8.12 -10.98
0 0 0
13.35 -8.67
-8.38 -12.82
13.88 -22.59
0 0 0
13.35 -8.67
-8.35 -9.88
-8.12 -10.98
0 0 0
21.27 -24.39
21.89 -14.53
13.88 -22.59
0 0 0
21.89 -14.53
13.35 -8.67
13.88 -22.59
0 0 0
-9.77 -22.82
-10.88 -30.77
2.7 -31.28
0 0 0
-8.38 -12.82
-9.77 -22.82
2.7 -31.28
0 0 0
-9.77 -22.82
-20.06 -14.57
-18.03 -24.56
0 0 0
2.7 -31.28
2.73 -31.29
13.88 -22.59
0 0 0
2.73 -31.29
14.23 -31.73
13.88 -22.59
0 0 0
2.73 -31.29
2.7 -31.28
2.7 -43.65
0 0 0
-8.35 -9.88
13.25 -6.11
13.66 -3.52
0 0 0
13.25 -6.11
-8.35 -9.88
13.35 -8.67
0 0 0
22.7 -14.68
21.89 -14.53
21.27 -24.39
0 0 0
-2.38 25.41
-1.65 38.83
-10.78 38.2
0 0 0
-8.35 -9.88
-8.35 -10.94
-8.12 -10.98
0 0 0
-20.06 -14.57
-10.91 -12.55
-12.02 -8.38
0 0 0
-8.55 -12.03
-10.91 -12.55
-8.38 -12.82
0 0 0
-10.91 -12.55
-9.77 -22.82
-8.38 -12.82
0 0 0
-10.91 -12.55
-20.06 -14.57
-9.77 -22.82
0 0 0
-20.06 -14.57
-21.46 -14.88
-18.03 -24.56
0 0 0
21.89 -14.53
22.8 -11.38
13.35 -8.67
0 0 0
-9.7 22.67
-2.38 25.41
-10.78 38.2
0 0 0
15.03 21.21
9.39 25.41
2.7 25.41
0 0 0
10.13 38.41
9.39 25.41
14.71 38.83
0 0 0
9.39 25.41
16.99 21.39
14.71 38.83
0 0 0
9.39 25.41
15.03 21.21
16.99 21.39
0 0 0
13.25 -6.11
13.84 -5.84
13.66 -3.52
0 0 0
-21.09 6.53
-10.58 -1.51
-16.32 15.84
0 0 0
-10.58 -1.51
-9.7 22.67
-16.32 15.84
0 0 0
-9.7 22.67
-10.58 -1.51
-2.38 25.41
0 0 0
-2.38 25.41
-10.58 -1.51
2.66 25.41
0 0 0
-10.58 -1.51
-8.35 -9.88
13.66 -3.52
0 0 0
-10.58 -1.51
15.03 0.21
2.66 25.41
0 0 0
15.03 0.21
2.7 25.41
2.66 25.41
0 0 0
15.03 0.21
15.03 21.21
2.7 25.41
0 0 0
16.99 21.39
15.03 0.21
24.5 1.01
0 0 0
15.03 21.21
15.03 0.21
16.99 21.39
0 0 0
-18.11 0.13
-16.32 -3.72
-15.02 -1.51
0 0 0
15.0 0.14
-10.58 -1.51
13.66 -3.52
0 0 0
-18.11 0.13
-18.11 0.14
-32.48 0.13
0 0 0
-18.11 0.14
-10.58 -1.51
-21.09 6.53
0 0 0
-10.58 -1.51
-18.11 0.14
-15.02 -1.51
0 0 0
-18.11 0.14
-18.11 0.13
-15.02 -1.51
0 0 0
15.0 0.16
15.03 0.21
-10.58 -1.51
0 0 0
15.0 0.14
15.0 0.16
-10.58 -1.51
0 0 0
-8.82 -15.99
-9.28 -13.43
-16.64 -23.54
50 98 118
-9.67 -22.12
-8.82 -15.99
-16.64 -23.54
50 98 118
-16.92 -14.8
-17.33 -22.45
-10.62 -13.33
64 118 137
-17.33 -22.45
-18.91 -15.42
-19.73 -15.47
64 118 137
-16.92 -14.8
-18.91 -15.42
-17.33 -22.45
64 118 137
-18.91 -15.42
-19.05 -15.31
-19.73 -15.47
64 118 137
13.83 -21.44
21.46 -15.68
13.55 -14.1
36 81 109
13.83 -21.44
20.16 -23.48
21.46 -15.68
36 81 109
-18.38 -14.47
-12.79 -9.62
-20.68 -12.73
218 188 155
-12.79 -9.62
-18.38 -14.47
-11.99 -12.79
218 188 155
12.62 -5.05
11.67 12.92
-0.7 -10.32
218 188 155
21.43 -12.26
13.88 -10.09
13.8 -13.03
214 179 144
20.84 -14.5
21.43 -12.26
13.8 -13.03
214 179 144
-8.35 -6.49
-8.35 -1.51
-9.59 -1.51
237 183 189
13.59 -2.69
14.58 0.18
13.37 0.07
237 183 189
13.05 -30.28
11.88 -8.77
1.68 -29.95
171 44 44
2.27 -26.01
-0.49 -12.37
-8.14 -21.38
173 60 71
-0.49 -12.37
2.27 -26.01
11.53 -6.89
173 60 71
-0.49 -12.37
-6.57 -11.26
-8.14 -21.38
173 60 71
0.41 -29.84
-8.49 -22.48
-9.41 -29.34
199 88 88
-8.49 -22.48
0.41 -29.84
1.7 -27.16
199 88 88
13.8 2.43
13.22 21.04
12.26 20.96
168 107 173
13.22 21.04
13.8 2.43
22.12 2.19
168 107 173
11.68 13.88
-2.52 22.94
-14.57 15.02
158 96 162
9.12 20.66
-2.52 22.94
11.68 13.88
158 96 162
-2.52 22.94
9.12 20.66
9.28 23.47
158 96 162
11.34 20.87
9.12 20.66
11.68 13.88
158 96 162
-2.52 22.94
-7.47 22.65
-14.57 15.02
158 96 162
-2.51 23.11
-2.52 22.94
9.28 23.47
158 96 162
3.59 1.01
-6.68 13.74
-14.11 1.37
125 64 125
-6.68 13.74
3.59 1.01
9.81 12.77
125 64 125
-16.42 0.13
-7.89 14.09
-19.12 5.96
164 102 170
-7.89 14.09
-14.64 14.58
-19.12 5.96
164 102 170
-2.2 -10.39
-7.0 0.13
-7.05 -9.68
220 181 143
-7.0 0.13
-2.2 -10.39
3.25 -0.03
220 181 143
-4.17 23.98
-3.26 36.72
-8.71 36.5
133 78 120
-8.03 23.77
-4.17 23.98
-8.71 36.5
133 78 120
15.56 22.89
11.45 37.03
10.84 22.43
129 61 126
13.62 37.23
11.45 37.03
15.56 22.89
129 61 126
