-16.32 29.89
13.55 2.19
13.05 44.52
0 0 0
-7.05 44.52
-16.32 29.89
13.05 44.52
0 0 0
29.73 0.66
30.33 5.22
24.51 7.23
0 0 0
13.55 2.19
23.73 7.12
13.05 44.52
0 0 0
23.73 7.12
24.51 7.23
13.05 44.52
0 0 0
23.73 7.12
29.73 0.66
24.51 7.23
0 0 0
-17.88 5.1
-23.72 -0.73
-8.04 -11.25
0 0 0
-10.87 -31.62
-7.23 -31.77
-8.04 -11.25
0 0 0
-23.72 -0.73
-22.27 -10.28
-8.04 -11.25
0 0 0
-22.27 -10.28
-22.37 -10.37
-8.04 -11.25
0 0 0
-16.32 29.89
-21.09 15.66
13.55 2.19
0 0 0
-21.09 15.66
-17.88 5.1
13.55 2.19
0 0 0
-17.88 5.1
-25.03 4.06
-23.72 -0.73
0 0 0
-7.23 -31.77
8.12 -7.24
-8.04 -11.25
0 0 0
-17.88 5.1
8.12 -7.24
13.55 2.19
0 0 0
8.12 -7.24
-17.88 5.1
-8.04 -11.25
0 0 0
29.67 -2.16
24.26 -9.34
31.38 -10.09
0 0 0
12.44 -32.53
8.12 -7.24
-7.23 -31.77
0 0 0
13.29 -8.2
12.44 -32.53
14.23 -32.59
0 0 0
8.12 -7.24
12.44 -32.53
13.29 -8.2
0 0 0
-8.2 -38.44
-5.81 -38.76
-7.23 -31.77
0 0 0
-24.5 -0.73
-28.62 -9.87
-22.27 -10.28
0 0 0
10.01 -6.79
8.12 -7.24
13.29 -8.2
0 0 0
24.26 -9.34
24.26 -9.34
13.29 -8.2
0 0 0
24.26 -9.34
24.26 -9.34
29.67 -2.16
0 0 0
12.44 -32.53
11.46 -38.39
13.58 -38.17
0 0 0
2.7 -42.87
12.44 -32.53
-7.23 -31.77
0 0 0
-23.96 -0.73
-22.27 -10.28
-23.72 -0.73
0 0 0
-23.96 -0.73
-24.5 -0.73
-22.27 -10.28
0 0 0
13.21 -6.04
10.01 -6.79
13.29 -8.2
0 0 0
10.01 -6.79
13.21 -6.04
13.19 -5.56
0 0 0
8.12 -7.24
13.71 -0.7
13.55 2.19
0 0 0
-5.81 -38.76
2.7 -42.87
-7.23 -31.77
0 0 0
2.7 -42.87
2.7 -42.87
-7.23 -31.77
0 0 0
2.7 -42.87
-5.81 -38.76
-6.21 -43.06
0 0 0
2.7 -42.87
2.7 -42.87
2.7 -44.52
0 0 0
5.21 -42.67
11.46 -38.39
12.44 -32.53
0 0 0
2.7 -42.87
5.21 -42.67
12.44 -32.53
0 0 0
-24.5 -0.73
-23.96 -0.73
-24.38 -0.46
0 0 0
-23.96 -0.73
-24.5 -0.73
-24.5 -0.73
0 0 0
-24.5 -0.73
-24.5 -0.73
-32.48 -0.73
0 0 0
10.01 -6.79
13.71 -0.71
8.12 -7.24
0 0 0
13.71 -0.71
13.71 -0.7
8.12 -7.24
0 0 0
11.46 -38.39
5.31 -42.81
12.25 -42.67
0 0 0
5.21 -42.67
5.31 -42.81
11.46 -38.39
0 0 0
5.31 -42.81
5.21 -42.67
2.7 -42.87
0 0 0
13.84 -3.26
13.71 -0.71
10.01 -6.79
0 0 0
19.79 -4.48
13.21 -6.04
13.29 -8.2
0 0 0
24.26 -9.34
19.79 -4.49
13.29 -8.2
0 0 0
19.79 -4.49
19.79 -4.48
13.29 -8.2
0 0 0
19.79 -4.49
24.26 -9.34
29.67 -2.16
0 0 0
0.24 -32.54
-6.03 -31.81
-7.03 -37.38
50 98 118
0.17 -32.05
-6.03 -31.81
0.24 -32.54
50 98 118
0.72 -38.74
0.41 -33.84
-5.81 -37.94
64 118 137
0.41 -33.84
0.72 -38.74
1.07 -38.76
64 118 137
2.08 -38.17
10.83 -32.46
1.38 -32.1
36 81 109
10.83 -32.46
2.08 -38.17
11.96 -37.34
36 81 109
1.87 -39.55
-4.71 -38.92
-5.06 -42.17
218 188 155
1.98 -42.01
1.87 -39.55
-5.06 -42.17
218 188 155
1.87 -39.55
1.98 -42.01
1.98 -39.73
218 188 155
12.41 3.76
11.67 25.42
-0.7 -10.1
218 188 155
12.61 -2.05
12.22 2.31
-0.7 -10.1
218 188 155
12.22 2.31
12.41 3.76
-0.7 -10.1
218 188 155
12.46 2.29
12.22 2.31
12.61 -2.05
218 188 155
3.05 -41.44
10.17 -38.61
3.0 -39.14
214 179 144
10.17 -38.61
3.05 -41.44
10.92 -41.44
214 179 144
-20.87 -4.3
-21.18 -9.41
-17.36 -6.35
194 93 94
-21.18 -9.41
-22.62 -4.77
-26.93 -8.95
194 93 94
-20.87 -4.3
-22.62 -4.77
-21.18 -9.41
194 93 94
-22.62 -4.77
-23.9 -2.52
-26.93 -8.95
194 93 94
-22.62 -4.77
-23.11 -2.99
-23.9 -2.52
194 93 94
-10.85 -10.23
-16.62 -6.87
-19.93 -9.52
237 183 189
13.28 -7.91
19.55 -5.91
13.26 -7.36
237 183 189
19.55 -5.91
13.28 -7.91
22.02 -8.65
237 183 189
24.6 -8.87
28.26 -3.88
20.91 -5.55
188 74 75
28.26 -3.88
24.6 -8.87
29.46 -9.28
188 74 75
13.05 -31.14
11.88 -9.62
1.68 -30.8
171 44 44
2.27 -26.88
-0.48 -13.23
-8.13 -22.25
173 60 71
2.67 -11.03
2.27 -26.88
11.67 -7.45
173 60 71
2.67 -11.03
-0.48 -13.23
2.27 -26.88
173 60 71
-0.48 -13.23
-5.07 -11.95
-8.13 -22.25
173 60 71
-5.07 -11.95
-6.51 -11.73
-8.13 -22.25
173 60 71
0.41 -30.69
-8.49 -23.34
-9.41 -30.19
199 88 88
-8.49 -23.34
0.41 -30.69
1.71 -28.03
199 88 88
16.27 9.28
22.11 9.02
12.04 41.62
168 107 173
13.76 10.01
16.27 9.28
12.04 41.62
168 107 173
11.68 26.89
-7.19 40.77
-14.57 28.62
158 96 162
11.21 41.62
-7.19 40.77
11.68 26.89
158 96 162
3.58 7.23
-6.68 26.67
-14.11 7.77
125 64 125
-6.68 26.67
3.58 7.23
9.81 25.17
125 64 125
-16.42 5.88
-7.89 27.22
-19.13 14.78
164 102 170
-7.89 27.22
-14.64 27.97
-19.13 14.78
164 102 170
-2.2 -10.2
-7.0 5.88
-7.05 -9.12
220 181 143
-7.0 5.88
-2.2 -10.2
3.25 5.63
220 181 143
-21.35 -2.41
-9.97 4.51
-22.64 2.9
133 78 120
-9.97 4.51
-21.35 -2.41
-9.01 0.76
133 78 120
28.7 4.23
14.61 8.09
14.0 3.38
129 61 126
28.41 2.08
28.7 4.23
14.0 3.38
129 61 126
12.44 -31.66
13.29 -7.33
-8.13 -10.98
0 0 0
24.02 2.06
29.72 1.52
30.32 6.08
0 0 0
-10.88 -30.76
-7.23 -30.9
-8.13 -10.98
0 0 0
-7.23 -30.9
12.44 -31.66
-8.13 -10.98
0 0 0
12.44 -31.66
14.22 -31.73
13.29 -7.33
0 0 0
13.29 -7.33
-8.35 -10.37
-8.13 -10.98
0 0 0
18.53 -3.92
13.77 -5.04
13.29 -7.33
0 0 0
13.77 -5.04
-8.35 -10.37
13.29 -7.33
0 0 0
5.21 -41.8
11.46 -37.53
12.44 -31.66
0 0 0
11.46 -37.53
13.57 -37.3
12.44 -31.66
0 0 0
29.66 -1.29
24.25 -8.48
31.38 -9.23
0 0 0
-8.35 -10.37
-8.35 -10.93
-8.13 -10.98
0 0 0
-23.72 0.13
-22.29 -9.42
-8.35 -10.37
0 0 0
-22.29 -9.42
-24.51 0.12
-28.62 -9.0
0 0 0
-20.64 5.56
-23.72 0.13
-8.35 -10.37
0 0 0
-23.72 0.13
-20.64 5.56
-25.03 4.93
0 0 0
20.84 8.83
24.02 2.06
30.32 6.08
0 0 0
11.46 -37.53
5.31 -41.95
12.25 -41.8
0 0 0
5.21 -41.8
5.31 -41.95
11.46 -37.53
0 0 0
24.25 -8.48
29.66 -1.29
24.51 1.02
0 0 0
24.25 -8.48
24.25 -8.48
29.66 -1.29
0 0 0
18.53 -3.92
24.25 -8.48
24.51 1.02
0 0 0
24.25 -8.48
18.53 -3.92
13.29 -7.33
0 0 0
24.25 -8.48
24.25 -8.48
13.29 -7.33
0 0 0
20.84 8.83
14.34 0.16
24.02 2.06
0 0 0
2.7 -42.01
2.7 -42.01
2.7 -43.65
0 0 0
2.7 -42.01
5.31 -41.95
5.21 -41.8
0 0 0
2.7 -42.01
5.21 -41.8
12.44 -31.66
0 0 0
-7.23 -30.9
2.7 -42.01
12.44 -31.66
0 0 0
2.7 -42.01
2.7 -42.01
-7.23 -30.9
0 0 0
-8.2 -37.57
-5.82 -37.9
-7.23 -30.9
0 0 0
-5.82 -37.9
2.7 -42.01
-7.23 -30.9
0 0 0
2.7 -42.01
-5.82 -37.9
-6.21 -42.2
0 0 0
-23.97 0.13
-22.29 -9.42
-23.72 0.13
0 0 0
-23.97 0.13
-24.51 0.12
-22.29 -9.42
0 0 0
2.69 25.41
20.84 8.83
13.05 25.41
0 0 0
2.66 25.41
2.69 25.41
2.66 43.65
0 0 0
13.77 -5.04
13.36 0.07
-8.35 -10.37
0 0 0
13.36 0.07
2.69 25.41
2.66 25.41
0 0 0
2.69 25.41
13.36 0.07
20.84 8.83
0 0 0
-23.97 0.13
-24.51 0.13
-24.51 0.12
0 0 0
-24.51 0.13
-23.97 0.13
-24.39 0.4
0 0 0
-24.51 0.12
-24.51 0.13
-32.48 0.12
0 0 0
14.2 0.15
14.34 0.16
20.84 8.83
0 0 0
13.36 0.07
14.2 0.15
20.84 8.83
0 0 0
-16.32 15.85
-20.64 5.56
-8.35 -10.37
0 0 0
13.36 0.07
-16.32 15.85
-8.35 -10.37
0 0 0
-20.64 5.56
-16.32 15.85
-21.1 6.54
0 0 0
-7.05 25.41
-16.32 15.85
2.66 25.41
0 0 0
-16.32 15.85
13.36 0.07
2.66 25.41
0 0 0
0.24 -31.68
-6.03 -30.95
-7.03 -36.51
50 98 118
0.17 -31.19
-6.03 -30.95
0.24 -31.68
50 98 118
0.72 -37.88
0.41 -32.97
-5.81 -37.07
64 118 137
0.41 -32.97
0.72 -37.88
1.08 -37.9
64 118 137
2.08 -37.3
10.83 -31.6
1.38 -31.23
36 81 109
10.83 -31.6
2.08 -37.3
11.96 -36.48
36 81 109
1.86 -38.68
-4.71 -38.05
-5.06 -41.3
218 188 155
1.98 -41.15
1.86 -38.68
-5.06 -41.3
218 188 155
1.86 -38.68
1.98 -41.15
1.98 -38.87
218 188 155
12.61 -5.04
11.67 12.93
-0.7 -10.32
218 188 155
3.05 -40.59
10.17 -37.74
3.0 -38.27
214 179 144
10.17 -37.74
3.05 -40.59
10.92 -40.59
214 179 144
-20.87 -3.44
-21.19 -8.55
-17.36 -5.49
194 93 94
-21.19 -8.55
-22.62 -3.91
-26.93 -8.09
194 93 94
-20.87 -3.44
-22.62 -3.91
-21.19 -8.55
194 93 94
-22.62 -3.91
-23.9 -1.66
-26.93 -8.09
194 93 94
-22.62 -3.91
-23.11 -2.13
-23.9 -1.66
194 93 94
-10.86 -9.36
-16.62 -5.99
-19.94 -8.66
237 183 189
13.28 -7.04
19.55 -5.05
13.26 -6.5
237 183 189
19.55 -5.05
13.28 -7.04
22.02 -7.79
237 183 189
24.6 -8.0
28.25 -3.0
20.91 -4.7
188 74 75
28.25 -3.0
24.6 -8.0
29.46 -8.42
188 74 75
13.05 -30.27
11.88 -8.76
1.68 -29.95
171 44 44
2.27 -26.01
-0.49 -12.36
-8.14 -21.37
173 60 71
-0.49 -12.36
2.27 -26.01
11.52 -6.9
173 60 71
-0.49 -12.36
-6.57 -11.26
-8.14 -21.37
173 60 71
0.41 -29.84
-8.49 -22.48
-9.41 -29.34
199 88 88
-8.49 -22.48
0.41 -29.84
1.7 -27.15
199 88 88
13.79 2.44
22.09 2.24
13.74 3.03
168 107 173
22.09 2.24
13.79 2.44
22.11 2.2
168 107 173
13.26 11.03
18.68 9.45
12.04 23.52
168 107 173
13.15 10.18
13.26 11.03
12.04 23.52
168 107 173
11.68 13.88
-7.19 22.97
-14.57 15.02
158 96 162
11.21 23.52
-7.19 22.97
11.68 13.88
158 96 162
-6.68 13.75
3.58 1.02
9.81 12.77
125 64 125
-9.28 7.2
-7.73 1.25
3.58 1.02
125 64 125
-6.68 13.75
-9.28 7.2
3.58 1.02
125 64 125
-9.28 7.2
-6.68 13.75
-10.74 6.98
125 64 125
-12.38 6.75
-14.64 14.59
-19.13 5.97
164 102 170
-14.64 14.59
-12.38 6.75
-7.89 14.1
164 102 170
-19.05 5.79
-12.38 6.75
-19.13 5.97
164 102 170
-2.2 -10.38
-7.0 0.14
-7.05 -9.67
220 181 143
-7.0 0.14
-2.2 -10.38
3.25 -0.02
220 181 143
-21.36 -1.55
-9.98 5.37
-22.65 3.76
133 78 120
-9.98 5.37
-21.36 -1.55
-9.01 1.62
133 78 120
28.69 5.1
14.6 8.95
14.0 4.24
129 61 126
28.41 2.94
28.69 5.1
14.0 4.24
129 61 126
