20.27 1.44
13.05 27.7
2.69 27.7
0 0 0
20.27 1.44
24.51 1.83
13.05 27.7
0 0 0
-4.12 -42.21
-5.95 -39.43
-15.64 -42.46
0 0 0
-5.95 -39.43
-15.24 -38.15
-15.64 -42.46
0 0 0
-15.24 -38.15
-5.95 -39.43
-10.55 -28.45
0 0 0
-12.69 -15.91
-12.69 -15.92
-11.02 -13.68
0 0 0
-17.78 0.14
-17.78 0.14
-32.48 0.14
0 0 0
-21.09 7.68
-13.86 -0.85
-16.32 17.55
0 0 0
-13.86 -0.85
-21.09 7.68
-17.78 0.14
0 0 0
-16.15 -27.62
-15.24 -38.15
-10.55 -28.45
0 0 0
2.66 27.7
20.27 1.44
2.69 27.7
0 0 0
2.66 27.7
-13.86 -0.85
20.27 1.44
0 0 0
-13.86 -0.85
2.66 27.7
-16.32 17.55
0 0 0
2.66 27.7
-7.05 27.7
-16.32 17.55
0 0 0
2.66 27.7
2.69 27.7
2.66 43.65
0 0 0
20.08 0.15
-13.86 -0.85
20.08 0.15
0 0 0
-13.86 -0.85
20.08 0.15
20.27 1.44
0 0 0
-16.32 -3.2
-15.45 -13.68
-11.02 -13.68
0 0 0
-13.86 -0.85
-16.32 -3.2
-11.02 -13.68
0 0 0
-15.02 -0.85
-13.86 -0.85
-17.78 0.14
0 0 0
-17.78 0.14
-15.02 -0.85
-17.78 0.14
0 0 0
-16.32 -3.2
-15.02 -0.85
-17.78 0.14
0 0 0
-16.15 -27.62
-17.63 -37.82
-15.24 -38.15
0 0 0
9.56 -31.55
16.95 -27.99
16.91 -15.74
0 0 0
11.24 -37.95
16.95 -27.99
9.56 -31.55
0 0 0
-4.53 -39.62
-4.42 -31.01
-5.95 -39.43
0 0 0
-5.95 -39.43
-4.42 -31.01
-10.55 -28.45
0 0 0
-4.42 -31.01
2.7 -31.28
-11.02 -13.68
0 0 0
2.7 -31.28
16.4 -14.49
-11.02 -13.68
0 0 0
16.4 -14.49
-13.86 -0.85
-11.02 -13.68
0 0 0
-13.86 -0.85
16.4 -14.49
20.08 0.15
0 0 0
16.4 -14.49
17.86 -14.49
20.08 0.15
0 0 0
10.43 -38.04
11.24 -37.95
9.56 -31.55
0 0 0
16.95 -27.99
21.27 -26.29
16.91 -15.74
0 0 0
21.27 -26.29
16.91 -15.73
16.91 -15.74
0 0 0
20.72 -36.96
16.95 -27.99
11.24 -37.95
0 0 0
20.72 -36.96
11.24 -41.23
21.52 -41.23
0 0 0
20.72 -36.96
11.24 -37.95
11.24 -41.23
0 0 0
16.95 -27.99
20.72 -36.96
21.04 -27.82
0 0 0
-12.69 -15.92
-10.48 -27.94
-11.02 -13.68
0 0 0
-10.48 -27.94
-4.42 -31.01
-11.02 -13.68
0 0 0
-4.42 -31.01
-10.48 -27.94
-10.55 -28.45
0 0 0
-18.41 -23.51
-10.48 -27.94
-12.69 -15.92
0 0 0
2.73 -31.28
2.7 -31.28
2.7 -43.65
0 0 0
2.73 -31.28
9.56 -31.55
16.91 -15.74
0 0 0
16.4 -14.49
2.73 -31.28
16.91 -15.74
0 0 0
2.73 -31.28
16.4 -14.49
2.7 -31.28
0 0 0
20.72 -36.96
22.84 -36.73
21.04 -27.82
0 0 0
-7.63 -30.89
-10.87 -30.76
-16.46 -36.77
50 98 118
-10.87 -30.76
-14.97 -28.45
-16.46 -36.77
50 98 118
-10.87 -30.76
-10.64 -29.12
-14.97 -28.45
50 98 118
-8.71 -38.13
-5.78 -31.09
-15.24 -37.32
64 118 137
-6.73 -38.24
-5.94 -38.48
-5.78 -31.09
64 118 137
-8.71 -38.13
-6.73 -38.24
-5.78 -31.09
64 118 137
-6.73 -38.24
-6.64 -38.39
-5.94 -38.48
64 118 137
11.34 -36.73
14.23 -31.73
10.74 -31.59
36 81 109
14.23 -31.73
11.34 -36.73
21.22 -35.91
36 81 109
19.66 -29.17
14.23 -31.73
21.22 -35.91
36 81 109
14.38 -29.0
14.23 -31.73
19.66 -29.17
36 81 109
14.38 -29.0
14.13 -29.1
14.23 -31.73
36 81 109
-6.01 -41.37
-7.56 -38.95
-14.49 -41.55
218 188 155
-7.56 -38.95
-14.14 -38.3
-14.49 -41.55
218 188 155
12.61 -4.6
11.67 14.46
-0.7 -10.2
218 188 155
12.31 -40.01
19.43 -37.17
12.26 -37.7
214 179 144
19.43 -37.17
12.31 -40.01
20.18 -40.01
214 179 144
-10.31 -26.7
-9.48 -20.72
-16.32 -23.2
194 93 94
-9.48 -20.72
-11.96 -17.01
-16.32 -23.2
194 93 94
-9.3 -19.43
-8.5 -13.68
-11.38 -16.31
237 183 189
-8.5 -13.68
-9.53 -13.68
-11.38 -16.31
237 183 189
13.77 -19.65
15.96 -16.92
13.57 -14.49
237 183 189
15.96 -16.92
14.97 -14.49
13.57 -14.49
237 183 189
19.36 -25.18
16.52 -18.2
13.87 -22.33
188 74 75
13.9 -23.18
19.36 -25.18
13.87 -22.33
188 74 75
13.9 -23.18
14.21 -27.24
19.36 -25.18
188 74 75
13.05 -30.27
11.88 -8.76
1.68 -29.95
171 44 44
2.27 -26.01
-0.48 -12.36
-8.13 -21.37
173 60 71
10.61 -7.01
2.27 -26.01
11.67 -6.58
173 60 71
10.61 -7.01
-0.48 -12.36
2.27 -26.01
173 60 71
-0.48 -12.36
-6.29 -13.68
-8.13 -21.37
173 60 71
-6.29 -11.25
-6.29 -13.68
-0.48 -12.36
173 60 71
-6.29 -13.68
-6.94 -13.68
-8.13 -21.37
173 60 71
0.41 -29.84
-8.49 -22.48
-9.41 -29.34
199 88 88
-8.49 -22.48
0.41 -29.84
1.71 -27.15
199 88 88
13.79 3.34
22.11 3.08
12.04 25.7
168 107 173
11.68 15.47
-7.19 25.1
-14.57 16.68
158 96 162
11.21 25.7
-7.19 25.1
11.68 15.47
158 96 162
3.58 1.83
-6.68 15.33
-14.11 2.21
125 64 125
-6.68 15.33
3.58 1.83
9.81 14.29
125 64 125
-16.42 0.9
-7.89 15.7
-19.13 7.08
164 102 170
-7.89 15.7
-14.64 16.22
-19.13 7.08
164 102 170
-2.2 -10.26
3.25 0.73
-6.29 0.88
220 181 143
-6.29 -9.63
-2.2 -10.26
-6.29 0.88
220 181 143
-8.24 -11.84
-11.92 0.96
-13.7 -11.7
133 78 120
-11.92 0.96
-8.24 -11.84
-8.05 0.9
133 78 120
16.67 -13.0
18.64 1.47
13.89 1.45
129 61 126
14.49 -13.0
16.67 -13.0
13.89 1.45
129 61 126
-7.22 -30.9
16.4 -14.49
-11.01 -13.68
0 0 0
16.4 -14.49
-13.86 -0.85
-11.01 -13.68
0 0 0
-13.86 -0.85
16.4 -14.49
20.08 0.15
0 0 0
5.22 -41.8
11.47 -37.53
12.45 -31.66
0 0 0
-10.48 -27.94
-7.22 -30.9
-11.01 -13.68
0 0 0
14.13 -29.1
-7.22 -30.9
12.45 -31.66
0 0 0
14.13 -29.1
16.4 -14.49
-7.22 -30.9
0 0 0
11.47 -37.53
13.58 -37.3
12.45 -31.66
0 0 0
16.4 -14.49
17.86 -14.49
20.08 0.15
0 0 0
-17.77 0.12
-17.77 0.13
-32.48 0.12
0 0 0
-21.09 7.68
-13.86 -0.85
-16.31 17.55
0 0 0
-13.86 -0.85
-21.09 7.68
-17.77 0.13
0 0 0
20.28 1.44
13.06 27.7
2.7 27.7
0 0 0
20.28 1.44
24.51 1.83
13.06 27.7
0 0 0
-13.86 -0.85
2.67 27.7
-16.31 17.55
0 0 0
2.67 27.7
-7.04 27.7
-16.31 17.55
0 0 0
2.67 27.7
20.28 1.44
2.7 27.7
0 0 0
20.28 1.44
2.67 27.7
-13.86 -0.85
0 0 0
2.67 27.7
2.7 27.7
2.67 43.65
0 0 0
11.47 -37.53
5.32 -41.95
12.26 -41.8
0 0 0
5.22 -41.8
5.32 -41.95
11.47 -37.53
0 0 0
-12.2 -15.28
-10.48 -27.94
-11.01 -13.68
0 0 0
-10.48 -27.94
-12.2 -15.28
-18.41 -23.51
0 0 0
-10.48 -27.94
-10.87 -30.76
-7.22 -30.9
0 0 0
14.13 -29.1
16.91 -15.74
16.4 -14.49
0 0 0
16.91 -15.74
14.13 -29.1
21.28 -26.3
0 0 0
14.23 -31.73
14.13 -29.1
12.45 -31.66
0 0 0
-16.31 -3.2
-15.45 -13.68
-11.01 -13.68
0 0 0
-13.86 -0.85
-16.31 -3.2
-11.01 -13.68
0 0 0
-15.01 -0.85
-13.86 -0.85
-17.77 0.13
0 0 0
-17.77 0.12
-15.01 -0.85
-17.77 0.13
0 0 0
-16.31 -3.2
-15.01 -0.85
-17.77 0.12
0 0 0
20.09 0.15
-13.86 -0.85
20.08 0.15
0 0 0
20.09 0.15
20.28 1.44
-13.86 -0.85
0 0 0
-5.81 -37.9
2.71 -42.01
-7.22 -30.9
0 0 0
2.71 -42.01
-5.81 -37.9
-6.21 -42.2
0 0 0
-8.19 -37.57
-5.81 -37.9
-7.22 -30.9
0 0 0
16.91 -15.73
16.91 -15.74
21.28 -26.3
0 0 0
-7.22 -30.9
2.71 -42.01
12.45 -31.66
0 0 0
2.71 -42.01
2.71 -42.01
-7.22 -30.9
0 0 0
2.71 -42.01
5.22 -41.8
12.45 -31.66
0 0 0
2.71 -42.01
5.32 -41.95
5.22 -41.8
0 0 0
2.71 -42.01
2.71 -42.01
2.71 -43.65
0 0 0
0.25 -31.68
-6.03 -30.95
-7.03 -36.51
50 98 118
0.18 -31.19
-6.03 -30.95
0.25 -31.68
50 98 118
0.72 -37.88
0.42 -32.97
-5.81 -37.07
64 118 137
0.42 -32.97
0.72 -37.88
1.09 -37.9
64 118 137
2.09 -37.3
10.84 -31.6
1.39 -31.23
36 81 109
10.84 -31.6
2.09 -37.3
11.97 -36.48
36 81 109
1.87 -38.68
-4.7 -38.05
-5.06 -41.3
218 188 155
1.99 -41.15
1.87 -38.68
-5.06 -41.3
218 188 155
1.87 -38.68
1.99 -41.15
1.99 -38.87
218 188 155
12.62 -4.6
11.68 14.46
-0.69 -10.2
218 188 155
3.06 -40.59
10.18 -37.74
3.01 -38.27
214 179 144
10.18 -37.74
3.06 -40.59
10.93 -40.59
214 179 144
-10.3 -26.69
-9.47 -20.72
-16.31 -23.2
194 93 94
-9.47 -20.72
-11.95 -17.01
-16.31 -23.2
194 93 94
-9.29 -19.43
-8.49 -13.68
-11.38 -16.32
237 183 189
-8.49 -13.68
-9.52 -13.68
-11.38 -16.32
237 183 189
13.77 -19.65
15.96 -16.91
13.57 -14.49
237 183 189
15.96 -16.91
14.98 -14.49
13.57 -14.49
237 183 189
19.37 -25.18
16.52 -18.2
13.87 -22.35
188 74 75
13.89 -22.91
19.37 -25.18
13.87 -22.35
188 74 75
13.89 -22.91
14.22 -27.24
19.37 -25.18
188 74 75
13.06 -30.27
11.89 -8.76
1.69 -29.95
171 44 44
2.28 -26.01
-0.48 -12.36
-8.13 -21.37
173 60 71
10.6 -7.01
2.28 -26.01
11.68 -6.58
173 60 71
10.6 -7.01
-0.48 -12.36
2.28 -26.01
173 60 71
-0.48 -12.36
-6.29 -13.68
-8.13 -21.37
173 60 71
-6.29 -11.25
-6.29 -13.68
-0.48 -12.36
173 60 71
-6.29 -13.68
-6.94 -13.68
-8.13 -21.37
173 60 71
0.42 -29.84
-8.48 -22.48
-9.4 -29.34
199 88 88
-8.48 -22.48
0.42 -29.84
1.71 -27.15
199 88 88
13.8 3.34
22.12 3.08
12.05 25.7
168 107 173
11.69 15.47
-7.18 25.1
-14.56 16.68
158 96 162
11.22 25.7
-7.18 25.1
11.69 15.47
158 96 162
3.59 1.83
-6.67 15.33
-14.1 2.21
125 64 125
-6.67 15.33
3.59 1.83
9.82 14.29
125 64 125
-16.41 0.9
-7.88 15.7
-19.12 7.08
164 102 170
-7.88 15.7
-14.63 16.22
-19.12 7.08
164 102 170
-2.19 -10.26
3.26 0.73
-6.29 0.88
220 181 143
-6.29 -9.63
-2.19 -10.26
-6.29 0.88
220 181 143
-8.23 -11.84
-11.91 0.96
-13.69 -11.7
133 78 120
-11.91 0.96
-8.23 -11.84
-8.04 0.9
133 78 120
16.68 -13.0
18.65 1.47
13.9 1.45
129 61 126
14.5 -13.0
16.68 -13.0
13.9 1.45
129 61 126
