674.4543642297243 32.74785028393981
696.5888195659071 0.5
660.1533131794624 0.5
0.8314439265432871
0.5 31.712723103126027
25.122565758428156 0.5
0.5 0.5
0.9521102445826559
796.6739837564252 48.11083106269902
780.3194145247078 69.5
808.6099363028623 69.5
0.7623059361621358
257.450484668875 69.5
293.41113189838256 69.5
266.57106671265404 48.212025088769934
0.780828750634071
576.9547301560538 1.120008001107763
567.3258512031223 21.878519982511005
587.1764207843744 20.245855988036332
0.6808115430596064
873.9103260950781 40.72196608500341
870.3351902940228 69.5
894.9384679794412 69.5
0.9708283291785957
675.7794278293761 33.834212289412854
698.9004947743007 43.76641914769746
706.6190554028296 23.836873332916255
0.3
752.9505131655818 25.89737748083487
740.0575912575779 41.617381705128096
762.7197159787833 42.01635797645123
0.3738651225886729
52.828627683389726 69.5
43.44271431939386 49.4872773120988
17.909964918503924 69.5
0.7614376950864199
267.34460756863706 47.54920086130359
294.113750531543 68.78092440020463
288.5868372932989 38.70590787345502
0.45850023667830886
577.7572270550795 0.5
587.9772550409947 19.6227370097858
598.2410868584811 0.5
0.6935947356443871
381.04562992502457 21.995535948508547
396.77353878239626 45.69817979449651
404.74980924362114 28.70543520945096
0.3
751.9596837084301 25.528565164856893
728.5579313352893 25.40669973449863
739.0586801386902 41.25842314902988
0.35567365679724705
208.30341886561246 0.49999999999999645
183.89883405738277 0.49999999999999645
198.90954837954462 21.361376093016965
0.6854758850498788
591.459200298049 69.5
576.6876366149564 46.95713358843153
561.1815573148505 69.5
0.9512652399173681
323.1177503798228 69.5
311.6692021092916 50.3835010261877
295.9064891632632 69.5
0.9059392930441978
499.6095112747809 40.60737293293526
510.81430868282615 20.99094263553015
482.2971526830913 23.502395094517013
0.3
513.0939888742323 0.5
512.2664476399339 19.415759333572606
539.1879065834343 0.5
0.7616731476173385
707.4981658509965 24.335896667521503
699.8530138035544 44.07589941198436
718.2734948317918 48.430723266573764
0.3490894239005688
137.3372688752341 69.5
125.09330955245146 39.01647936092857
110.71181733518466 69.5
0.8091462811494898
593.656593995114 69.5
627.9101323612934 69.5
621.8654122005642 43.26984974360837
0.7303274981686313
417.2829910006495 69.5
439.9383624697882 69.5
431.4856832240246 42.03470989389668
0.6492050706706907
456.6614445434335 21.424187456566735
432.5724137199271 40.58635342217188
452.56122232741194 49.076584732400946
0.3
631.0304672943765 1.022515968486637
606.1772224355043 30.89441032309949
639.6487712483074 28.20155573413829
0.49298227124482563
200.64281583038186 69.5
192.83824538936656 50.21901674770369
172.48558374162442 69.5
0.6562644053407406
202.12854982806698 69.5
234.46869127666488 69.5
212.7326094594347 43.50225897115717
0.8837875640796942
909.5 0.5
902.3437693671846 0.5
909.5 19.079939297753707
0.8141697811941746
57.99196851440824 0.5
67.42576634895613 30.07979050487184
88.49161520611683 0.5
0.6916014963937726
54.32102037514828 69.5
83.9950489956554 69.5
67.31098503216376 32.52786721032566
0.5950990515023261
797.4859408879487 46.151940780101704
822.4310686029422 30.711132023714065
802.1324135889707 25.31949366471496
0.4109245252247806
381.27619364377466 69.5
415.38663844988224 69.5
396.8820514171981 47.53139649005287
0.697567117786092
266.0615817269196 46.4662940512447
271.4268713882693 21.53515664930442
244.64071527474593 27.257126543398805
0.3
0.5 34.06655580352344
0.5 62.27084106691184
20.16090578318069 46.625945928116465
1.0
752.7233265783238 24.069475533975965
758.2162294919294 0.5
727.9434749965437 0.5
0.8477323176144574
397.43705284389773 46.63805633030684
416.3614373785946 69.1050424769426
430.92127518114904 40.94910113458079
397.43705284389773 46.63805633030684
430.92127518114904 40.94910113458079
405.6924535980946 29.050649139789336
0.454650977222962 
85.09215248176662 69.5
109.08665769695408 69.5
92.26484401967855 38.20512518476915
85.09215248176662 69.5
92.26484401967855 38.20512518476915
68.13876320383172 31.93103832552842
0.6114723045194512 
498.4555191548009 69.5
536.9763807583134 69.5
519.540388911144 49.53622472597812
498.4555191548009 69.5
519.540388911144 49.53622472597812
500.17728538875787 42.13022683655658
0.7382131333707215 
0.5 63.54880669838331
0.5 69.5
16.04947805540273 69.5
0.5 63.54880669838331
16.04947805540273 69.5
20.270010296945927 47.817093144615086
0.9185458920160628 
833.1761907304499 69.5
869.3275031184362 69.5
872.9827941272158 40.07675722729506
833.1761907304499 69.5
872.9827941272158 40.07675722729506
835.4423139664055 49.79776025051803
0.9242134864882843 
802.1002681101559 24.27628068177968
823.0745763456064 29.84738304092068
818.7225252692004 0.5
802.1002681101559 24.27628068177968
818.7225252692004 0.5
789.8209695914235 0.5
0.781894658628391 
380.13279278642943 20.697848911233994
404.67977038638173 27.646317560687404
395.6395131260915 0.5000000000000036
380.13279278642943 20.697848911233994
395.6395131260915 0.5000000000000036
358.1302036183217 0.5000000000000001
0.6904562510432782 
457.77987764168563 19.79288448079432
480.75134803557927 22.544441162668367
483.8854247231869 0.49999999999999994
457.77987764168563 19.79288448079432
483.8854247231869 0.49999999999999994
454.8882180647987 0.4999999999999965
0.9040357554814499 
538.6990721048097 69.5
559.9678292939738 69.5
575.6734915874663 46.666978180938855
538.6990721048097 69.5
575.6734915874663 46.666978180938855
542.997356857176 49.990380115094766
0.9532501337287517 
139.36379789974444 69.5
171.03153640278302 69.5
191.77147866624955 49.85212856398797
139.36379789974444 69.5
191.77147866624955 49.85212856398797
160.82266957894194 49.85991457491605
0.7501145168155573 
44.08963538702784 48.511586790214096
53.54892729516356 68.68076782139659
66.57412685055846 31.60834920523144
44.08963538702784 48.511586790214096
66.57412685055846 31.60834920523144
36.38972733472155 28.09058488050385
0.629231903735782 
824.1112808332327 30.021150124165235
853.8537827629546 29.708894661469216
841.9713067355036 0.5
824.1112808332327 30.021150124165235
841.9713067355036 0.5
819.7334610802596 0.5
0.8721604743626726 
272.56243173035966 20.39881602549842
302.19857122966306 21.27501578950291
305.9403617530294 0.49999999999999994
272.56243173035966 20.39881602549842
305.9403617530294 0.49999999999999994
271.90149808937605 0.4999999999999965
0.7119901867053501 
36.00250718020119 27.03868912017004
66.54133478025821 30.597759367505006
56.94234262042032 0.5000000000000001
36.00250718020119 27.03868912017004
56.94234262042032 0.5000000000000001
26.855056120205255 0.5000000000000034
0.5198761688160265 
546.8755039089011 20.165228694592614
566.2054285670724 21.91749844928451
576.1399797635892 0.4999999999999965
546.8755039089011 20.165228694592614
576.1399797635892 0.4999999999999965
541.4266110955043 0.49999999999999994
0.828299676014944 
628.9363423236381 69.5
651.2195010577452 69.5
652.485991148012 46.863934885814224
628.9363423236381 69.5
652.485991148012 46.863934885814224
622.8077011341452 42.905687113145554
0.9207515464229987 
640.6978009614709 28.201427799053462
673.5338297709127 33.138829879131464
659.0593898249192 0.5000000000000001
640.6978009614709 28.201427799053462
659.0593898249192 0.5000000000000001
631.9138510210529 0.5000000000000034
0.7102343338668665 
267.0589453578812 46.58492896954883
288.6622838515065 37.591303804437445
301.56599595451576 22.256750502112173
267.0589453578812 46.58492896954883
301.56599595451576 22.256750502112173
272.4795402375619 21.396802274526028
0.3 
380.5963886185061 68.73022287153756
396.24196207273116 46.705710993250435
380.1280287938293 22.42131152657834
380.5963886185061 68.73022287153756
380.1280287938293 22.42131152657834
376.0233560759521 42.174590898225105
0.3 
357.4309090294913 69.5
379.71422958229687 69.5
375.0926166511332 42.662261370101824
357.4309090294913 69.5
375.0926166511332 42.662261370101824
340.4652292928617 42.366144928265804
0.515152176598398 
675.604149960112 32.83980107362777
707.1735980651878 22.605874849186378
725.6237272230525 0.5000000000000034
675.604149960112 32.83980107362777
725.6237272230525 0.5000000000000034
697.8017189807591 0.5000000000000001
0.7202124504134956 
17.208547291869543 68.77920388175471
43.03130986172137 48.53916712613811
35.48200229307881 28.517574241004386
17.208547291869543 68.77920388175471
35.48200229307881 28.517574241004386
21.48828126334473 46.792149226441225
0.7268362204035989 
244.04554013395995 26.361704351597258
271.56468162064914 20.48315655135273
270.900946632552 0.5
244.04554013395995 26.361704351597258
270.900946632552 0.5
242.75631525410725 0.5
0.7688882451627679 
453.49200762659996 49.61711264486635
472.36365310166445 68.87186826218714
474.38203215323534 45.21183825841439
453.49200762659996 49.61711264486635
474.38203215323534 45.21183825841439
457.65358300591447 21.550942174283136
0.5292201500343803 
339.6973067276332 41.35954146744348
374.3121398263648 41.65555055140621
356.3903244866876 23.41526666851747
339.6973067276332 41.35954146744348
356.3903244866876 23.41526666851747
322.8133673856989 31.331764574688293
0.44758862538184574 
357.05229886791875 22.662170162074585
375.21532675485184 41.147952910712725
379.33491927582236 21.3228736517352
357.05229886791875 22.662170162074585
379.33491927582236 21.3228736517352
357.33161453980864 1.1243678663333796
0.6982069754061292 
577.265321303901 46.01418889769924
592.2336283841 68.85730518216384
604.4363127057636 31.70204953032091
577.265321303901 46.01418889769924
604.4363127057636 31.70204953032091
588.1979959975284 21.414107999191465
0.36053384790736864 
235.77215693532278 69.5
255.42450518848128 69.5
234.93961743522095 50.36617573815086
235.77215693532278 69.5
234.93961743522095 50.36617573815086
214.08440464055897 43.560064164369685
0.8885191423349315 
543.8076991313288 48.902803496056976
576.3585802670597 45.59214076872142
587.1769837968565 21.249186324020783
543.8076991313288 48.902803496056976
587.1769837968565 21.249186324020783
566.7523958552655 22.929062017145036
0.3 
500.44447640538925 41.16177228612054
519.5961761399334 48.48691247601256
528.4641902334331 31.32193265527257
500.44447640538925 41.16177228612054
528.4641902334331 31.32193265527257
511.9001923998637 21.106054531587567
0.3577250282981781 
235.78315361504693 49.785705307694144
256.5131696150526 69.14849058955636
265.76829620404413 47.54648079665134
235.78315361504693 49.785705307694144
265.76829620404413 47.54648079665134
243.7917849681076 27.83903868586206
0.4423984752487351 
406.8739233734887 28.50222147271974
431.5356892557114 40.13323786761573
455.88357170647805 20.765162503730146
406.8739233734887 28.50222147271974
455.88357170647805 20.765162503730146
433.0486320052286 21.095744238507457
0.3 
588.6368562115838 20.508345626792092
604.9294162669953 30.830653551571125
630.1643461478454 0.5
588.6368562115838 20.508345626792092
630.1643461478454 0.5
599.3760246870193 0.5
0.8643125044016255 
105.24724586359065 19.763274999477282
124.55121824457272 36.598327323966316
122.14757085590132 0.5
105.24724586359065 19.763274999477282
122.14757085590132 0.5
90.47506003632301 0.5
0.7804057018386951 
512.6309200547302 20.38183523656107
529.1236265080195 30.553744261751426
545.9029732679651 20.40034610260514
512.6309200547302 20.38183523656107
545.9029732679651 20.40034610260514
540.4766699442242 0.8166435997351265
0.45086837928221735 
138.27184597394202 69.14379463855397
159.99247799824371 49.2641348492815
149.1785728355915 30.82740095563587
138.27184597394202 69.14379463855397
149.1785728355915 30.82740095563587
125.79619698800792 38.0834412575283
0.49559341982678395 
719.410846106658 48.52443784084413
738.2456488323857 41.841841832744024
727.339171923426 25.377639267322376
719.410846106658 48.52443784084413
727.339171923426 25.377639267322376
708.2706274163623 23.613677520059678
0.3471414475305168 
796.5224145190647 45.87824475392965
801.2302085960226 24.77086342426314
789.0601601805796 1.2061226049891864
796.5224145190647 45.87824475392965
789.0601601805796 1.2061226049891864
781.3158169601822 20.762923076116163
0.3043313186109028 
109.89398442316235 68.88982368657176
124.51667034239927 37.89506032797272
104.97296230517827 20.850933817239827
109.89398442316235 68.88982368657176
104.97296230517827 20.850933817239827
93.18755242525211 37.809602016416754
0.3 
798.3490988265189 46.79372771218591
834.7928870445531 48.887889040589805
853.3551231494336 30.714185012312022
798.3490988265189 46.79372771218591
853.3551231494336 30.714185012312022
823.8252698302248 31.024207956357646
0.4738214806506002 
160.91469588994593 48.85989139156021
192.11851533609857 48.85204122587143
178.68108040993278 27.62397408170542
160.91469588994593 48.85989139156021
178.68108040993278 27.62397408170542
150.23245295263726 30.64762972843566
0.45552608800485406 
312.0604048392833 48.91036578162237
338.2924121410495 41.68821682203085
321.2544230832117 31.568946104867283
312.0604048392833 48.91036578162237
321.2544230832117 31.568946104867283
303.4620705589921 22.764882056548984
0.31422362909858664 
719.9740508103215 69.5
748.8520428266338 69.5
762.7962471442986 43.017860303360436
719.9740508103215 69.5
762.7962471442986 43.017860303360436
739.269236571017 42.603657351546104
0.6067295588655708 
593.4650867869482 68.31255857530641
621.8369552420106 41.930795000146105
638.6380772807177 29.28609917787063
593.4650867869482 68.31255857530641
638.6380772807177 29.28609917787063
605.4042009827895 31.959832526702485
0.3 
753.6664217159787 24.42863350685444
780.4004127799218 20.358504116275274
788.2642283333482 0.5000000000000001
753.6664217159787 24.42863350685444
788.2642283333482 0.5000000000000001
759.2430269535 0.5000000000000034
0.7679117627332337 
125.58692626347357 37.10133932749706
148.91355883029914 29.8625973315756
149.2632409936358 0.5
125.58692626347357 37.10133932749706
149.2632409936358 0.5
123.14978525949122 0.5
0.7213074821835394 
405.77614744891497 27.773588312083774
432.12989618418493 20.31644933147106
416.907438656422 0.4999999999999999
405.77614744891497 27.773588312083774
416.907438656422 0.4999999999999999
396.69350652712956 0.49999999999999656
0.6657176554809562 
473.31370081826435 69.5
497.4535424266275 69.5
499.18319561002227 42.00485324471431
473.31370081826435 69.5
499.18319561002227 42.00485324471431
475.3602814079103 45.509383312577576
0.6854691244140636 
809.7551024689769 69.5
832.1695978291032 69.5
834.4275792675579 49.868547065555546
809.7551024689769 69.5
834.4275792675579 49.868547065555546
797.6197266831081 47.753465587121255
0.8307179249250544 
889.0422791630331 23.94280573269966
909.3042858715738 21.35405373477756
901.2721596216653 0.5
889.0422791630331 23.94280573269966
901.2721596216653 0.5
873.3963725851163 0.5
0.6438811099956577 
68.08150079213871 30.882886069608492
92.3903073350561 37.20449150809172
104.26194973983439 20.121738632026688
68.08150079213871 30.882886069608492
104.26194973983439 20.121738632026688
89.4764073638656 0.8410463813935678
0.5225455575475689 
749.9822004444268 69.5
779.0605886748347 69.5
795.8227532181033 47.577761383314645
749.9822004444268 69.5
795.8227532181033 47.577761383314645
763.8955563673784 43.076446041176816
0.6560903969169185 
896.1769848911324 69.5
909.5 69.5
909.5 57.2374742932829
896.1769848911324 69.5
909.5 57.2374742932829
875.1492175726225 40.72247869657347
0.8600283195885162 
475.12675753196515 44.53297403508691
498.65652234519916 41.071568449769416
480.9479680572674 23.57514085203574
475.12675753196515 44.53297403508691
480.9479680572674 23.57514085203574
458.39987742931487 20.874297224396805
0.40908224699309526 
0.7346697313827981 33.02984344132428
20.902118966712695 45.91281361358949
35.072090422632726 27.4080709963479
0.7346697313827981 33.02984344132428
35.072090422632726 27.4080709963479
25.97944348079031 1.0283802074771735
0.3983268432061507 
223.0087407165102 24.625647845479605
243.04740466074156 26.42401644610278
241.75507347739625 0.5000000000000036
223.0087407165102 24.625647845479605
241.75507347739625 0.5000000000000036
209.91711680908952 0.5000000000000036
0.6111625127236658 
149.91585615429855 29.675646780597347
178.4990467528669 26.63768912219494
182.34414108393423 0.5
149.91585615429855 29.675646780597347
182.34414108393423 0.5
150.26331190447553 0.5
0.854464271949327 
763.921697335387 42.07024182995456
795.7661140784332 46.55988626435629
780.5047668395023 21.354139636395093
763.921697335387 42.07024182995456
780.5047668395023 21.354139636395093
753.8278361711405 25.415581839470644
0.3 
537.8017955393028 68.92489254236918
542.0499889014983 49.64263404416553
529.1947524591053 32.08651457024247
537.8017955393028 68.92489254236918
529.1947524591053 32.08651457024247
520.4355184823544 49.040938962314954
0.7465945363522792 
440.98464892969787 69.5
471.57907195140353 69.5
452.6736898269889 50.21082285121064
440.98464892969787 69.5
452.6736898269889 50.21082285121064
432.39776518442056 41.59863922263169
0.5871792611098696 
193.5484106126607 49.30827084977686
201.3863838063334 68.67177471219975
212.01977402407 42.6021245263785
193.5484106126607 49.30827084977686
212.01977402407 42.6021245263785
199.24552229692517 23.603460126880766
0.6856087332959064 
718.9844845772194 69.16385861511183
737.6798171681628 43.103675648793555
719.1712403971075 49.670526549595394
718.9844845772194 69.16385861511183
719.1712403971075 49.670526549595394
700.4417063307403 45.24263882980523
0.4546966052319965 
324.2833665147396 69.5
356.25152424144943 69.5
339.3315967514561 42.439318231588004
324.2833665147396 69.5
339.3315967514561 42.439318231588004
312.50108743593523 49.82624568663461
0.6346226638476211 
212.55199726338915 41.60148889428844
222.12384101637053 25.091597487148807
209.11861515921078 1.1251666303232781
212.55199726338915 41.60148889428844
209.11861515921078 1.1251666303232781
199.5798000305212 22.308427585057704
0.4260784968027595 
836.6737302294521 48.44590553497026
873.3150286677303 38.95774312022421
887.3136899910363 25.233400722303166
836.6737302294521 48.44590553497026
887.3136899910363 25.233400722303166
854.8313344631425 30.668363899297756
0.3 
708.4586670261918 22.62680278184192
727.6481081973737 24.401948240100356
751.7538705624041 24.52747982670496
708.4586670261918 22.62680278184192
751.7538705624041 24.52747982670496
726.7343021938265 0.7299965129866912
0.47795235341981823 
529.8471166278903 31.284780236740218
542.623369210271 48.733033154563486
565.4825725585088 22.856071461642173
529.8471166278903 31.284780236740218
565.4825725585088 22.856071461642173
546.6043706791824 21.14475065925469
0.3065144526132112 
854.9061288279433 29.64194782491481
887.9532632070662 24.112485581898376
872.194111009193 0.5000000000000034
854.9061288279433 29.64194782491481
872.194111009193 0.5000000000000034
843.050887455884 0.49999999999999656
0.8150726781777866 
295.1437650412198 68.85312757940997
311.1731050447205 49.413272094062364
302.4194898564585 22.795616164487548
295.1437650412198 68.85312757940997
302.4194898564585 22.795616164487548
289.5010051736623 38.14772495087403
0.5649521827973245 
213.32578714856862 42.26058359386314
234.8958929182498 49.30000093149336
242.88266007110914 27.413250454083144
213.32578714856862 42.26058359386314
242.88266007110914 27.413250454083144
222.96982203376416 25.62617409134165
0.4555429057363282 
179.45898073410243 26.983205660094733
192.80076768007558 48.060170919348224
198.47313384806478 22.467009545692274
179.45898073410243 26.983205660094733
198.47313384806478 22.467009545692274
183.2381136194016 1.2939007945898062
0.4790913200729015 
685.2219642170331 69.5
717.9797917586744 69.5
698.8634701109305 44.83887718745016
685.2219642170331 69.5
698.8634701109305 44.83887718745016
675.1344003700069 34.64548819796615
0.684351957421873 
874.428575861123 39.266442682566904
909.5 56.12790475983998
909.5 22.33717730648439
874.428575861123 39.266442682566904
909.5 22.33717730648439
889.0284119100191 24.952706228712888
0.7156338630596915 
623.4340539153562 41.980370109894224
652.9052353982686 45.91099543932347
672.8980203592957 34.05446783941004
623.4340539153562 41.980370109894224
672.8980203592957 34.05446783941004
640.4484348640609 29.175173456656527
0.31167682238545136 
303.1730351712515 21.506132375925915
321.13034793923305 30.39182253577331
327.0829218757628 0.49999999999999656
303.1730351712515 21.506132375925915
327.0829218757628 0.49999999999999656
306.95645213002626 0.4999999999999999
0.8996180986873257 
322.1355800128724 30.46414941125449
356.05474627913344 22.466968251619026
356.3396276431804 0.5000000000000036
322.1355800128724 30.46414941125449
356.3396276431804 0.5000000000000036
328.10255692109735 0.5000000000000036
0.8036832982346062 
652.2210650415268 69.5
684.1809246138124 69.5
674.059449594009 34.528318444226905
652.2210650415268 69.5
674.059449594009 34.528318444226905
653.495405440257 46.72362577885218
0.8545211297664951 
481.76122150475413 22.545723041609754
511.24214528671496 19.94939336111503
512.0930323541902 0.4999999999999965
481.76122150475413 22.545723041609754
512.0930323541902 0.4999999999999965
484.89548043816586 0.49999999999999994
0.9664904478425458 
433.21936484027685 20.093167750443634
456.76262953528874 19.752331585031182
453.8770481148082 0.5
433.21936484027685 20.093167750443634
453.8770481148082 0.5
418.1684261515889 0.5
0.8691848249885278 
