484.71666659422783 1.3008690802834586
468.82929105611026 24.550900321024155
488.2244396965236 21.66965661653184
0.7281612427297182
346.0835594175527 69.5
328.8294644977878 42.69319290656121
321.6514977487224 69.5
0.8323085207611514
767.0076033353668 68.74385190744152
778.2450565969782 43.26777461938461
758.6492388620005 49.15607841189633
0.7820978924194463
767.7670305255474 69.5
801.904842069407 69.5
779.2795499487601 43.40032885761154
0.6947594918400826
829.6620964680545 27.668966578981316
841.2433354242669 0.5
809.0081753989947 0.5
0.8293216672929906
484.0527508281749 0.5
455.81373222707344 0.5
467.83493962211486 24.233600070865247
1.0
54.06852266021143 69.5
31.072962947021722 34.82042161293238
24.601927440304753 69.5
0.8171744400923739
930.9526069129911 38.560726811877316
910.9144327844422 46.01622722128448
917.1189351730458 68.54854002106887
0.48825352895879054
615.2676176576425 68.3388660333126
629.0197307512383 40.68338919004112
612.6354932893659 49.92645643164093
0.7016479403928189
510.82171458357413 19.15154232479709
537.4162797139433 0.5
509.5356629136529 0.5
0.8392604119657351
485.5934667462733 0.5
489.12358492162974 20.998539955342377
507.86536623390197 0.5
0.6617675717475544
509.8514346399233 19.617005664890826
508.5814685038184 1.1987510234814707
490.04701883544107 21.47052512793832
0.7528551298834956
427.01020064100265 30.761526909358697
446.01851643352813 21.03325162511823
421.72966513999575 1.2396244081387664
0.46098283612417357
481.64810785446576 42.903949047516
499.6498350725735 68.6275773796762
502.76672018007577 40.65600541915076
0.4336537989024496
528.8842566016817 69.5
503.7053479348572 41.262315992656184
500.5588098397851 69.5
0.6451879713761156
181.12680718141482 0.5
199.1740509358803 20.442998006939842
210.15394647989524 0.5
0.7200357285218583
215.94168527644382 33.47518441063468
210.73923591189165 1.5103343666754583
199.91889355761734 21.163532809289492
0.4543353458100026
52.44654974844352 19.52078666783928
60.254272969771094 0.5
29.39171988295772 0.5
1.0
0.49999999999999645 23.883274129317023
26.689267024835058 0.5
0.49999999999999645 0.5
0.9476623276477356
859.7673117632435 69.5
840.3279928080693 50.62466573909013
828.8877176397216 69.5
0.894561898136358
419.2354557238884 0.5
387.5042494807966 0.5
387.6688675016106 19.95115294527842
0.8931489075337256
616.7531352954622 69.5
652.3969597684527 69.5
648.6627119608071 49.68695423366944
0.7920639588119246
766.2430248266269 69.5
757.8018298269893 49.71811369778178
738.1993720621927 69.5
0.8233865264127269
531.1297625293989 69.5
557.3429858460619 69.5
551.2263665967558 47.37879922022543
0.8609771372873245
166.11280174060064 69.5
153.45397742572507 48.59057345629014
145.71810765683904 69.5
0.7962326675449296
740.0064937266884 29.509888974331933
748.3362294642272 0.5
718.9799277037972 0.5
0.7822722216119147
467.8039048432056 69.5
446.2834268134947 47.697875279505126
444.5415408921941 69.5
0.7612562519964651
741.2780049018423 31.018923920252917
757.6780521417481 47.823158269588156
761.8046810354055 28.758404302429366
0.3
714.6524837156437 69.5
735.9004983450955 69.5
719.6660514845877 50.88520305133315
0.9385228789380939
404.1385469674801 30.618555667046195
387.6008891382433 21.64127233271925
385.0770076962136 47.55093600349238
0.3
112.12667359399248 69.5
144.09459246388428 69.5
130.98107777509884 48.661372259343594
0.8091383732810256
979.5 40.93059323123039
979.5 11.849085126936934
958.5823085945249 23.451094665705238
0.7905736328180356
828.6797227724305 28.832481529229927
808.0083944400673 22.31867431801783
808.1460409826357 43.53030131791843
0.3921038773916701
957.4375465658859 22.428602605429518
963.3474077261677 0.5
934.2561511673692 0.5
0.8846528385326463
691.5707090593546 1.4885222195829542
693.0900362297299 33.725463522042034
711.9910616867706 26.476497061909168
0.5776536942604703
0.5 69.5
21.8819660112501 69.5
0.5 58.80901699437495
1.0
901.7089189269881 23.64290987135903
910.3163557669167 44.41471261449434
920.428886325828 20.595086538523244
901.7089189269881 23.64290987135903
920.428886325828 20.595086538523244
896.7968790358144 1.2963030969656373
0.644630292207095 
314.3117371266344 24.62788775828994
328.7140381342276 40.805619152259275
346.3041039353708 28.293710325822367
314.3117371266344 24.62788775828994
346.3041039353708 28.293710325822367
328.03026802592996 0.9452685366103708
0.6476259690733108 
195.25970533364602 69.5
227.7019221973652 69.5
197.12576675583446 41.84141935650291
195.25970533364602 69.5
197.12576675583446 41.84141935650291
178.11333938085514 45.10708789509674
0.5952384317049982 
958.492405076909 22.357440023167303
979.5 10.705565446774637
979.5 0.5
958.492405076909 22.357440023167303
979.5 0.5
964.383087587801 0.5
0.9254196135538825 
890.50074281864 40.97920007641168
909.4848551595328 45.02032850342994
900.90988153174 24.326867251662275
890.50074281864 40.97920007641168
900.90988153174 24.326867251662275
865.8602847108409 27.727403183657785
0.341626076704491 
933.135618569566 37.56385648202674
951.0201994473676 43.76934628764643
978.7383674670476 41.59732972470994
933.135618569566 37.56385648202674
978.7383674670476 41.59732972470994
957.6449479396465 23.970987064605477
0.6140739290551492 
643.2626464568924 21.214174104343783
662.8295042521571 32.34546896789615
654.612635759223 0.5
643.2626464568924 21.214174104343783
654.612635759223 0.5
627.9898691093291 0.5
0.8634161978272861 
597.0294597711232 37.04113905818447
612.1398001118582 49.057944395047265
629.4020104435403 39.31957413487025
597.0294597711232 37.04113905818447
629.4020104435403 39.31957413487025
614.3545170118314 22.708077893633824
0.41963608293787036 
719.3574015843772 49.23360167644249
739.0938998671951 30.979715361973852
712.8734796382694 27.209092626575906
719.3574015843772 49.23360167644249
712.8734796382694 27.209092626575906
693.7836312968852 34.53047689063281
0.40446189226227725 
529.3685133046401 68.54051351366107
526.6927716133584 38.38950196362132
510.5803535156943 21.016568162690863
529.3685133046401 68.54051351366107
510.5803535156943 21.016568162690863
503.9022344667704 39.980549133069616
0.3412096398555866 
679.4884144094825 69.5
713.6168486752908 69.5
718.7746912214365 50.34952749927271
679.4884144094825 69.5
718.7746912214365 50.34952749927271
679.0382553249685 50.300176142543194
0.9043376980811566 
763.674442468521 27.22031703166087
781.2324829308606 21.032682097536618
806.5880514432099 0.5
763.674442468521 27.22031703166087
806.5880514432099 0.5
781.2694227621695 0.5
0.9076446475221562 
649.4222768596782 48.38960960880601
677.3641162942029 49.26296779581167
663.2920775216724 33.759111369119665
649.4222768596782 48.38960960880601
663.2920775216724 33.759111369119665
643.6573687335527 22.589217083209675
0.3 
329.8984714744149 41.19029905366533
356.4401273716328 45.93848673676608
368.1542370453929 31.015031669137713
329.8984714744149 41.19029905366533
368.1542370453929 31.015031669137713
347.12681126692036 28.935687891227623
0.3 
827.9438636045782 69.12797234154931
839.6561572340369 49.8038342448006
829.5967779689378 29.405840901070995
827.9438636045782 69.12797234154931
829.5967779689378 29.405840901070995
808.3717194542033 44.59854176434127
0.5442867281344401 
379.2145794609301 69.5
411.4898298219889 69.5
384.2721527557528 49.25817910386984
379.2145794609301 69.5
384.2721527557528 49.25817910386984
357.91354343143195 47.08941849563865
0.8707907014259384 
55.77305153938974 69.5
81.63601028140963 69.5
90.02545047188512 43.51385932374525
55.77305153938974 69.5
90.02545047188512 43.51385932374525
64.93353887168703 49.12787125515507
0.873737842386966 
270.17781734217397 44.33171331799284
307.37921367472177 44.24281559720342
282.3850587370822 22.936254268475672
270.17781734217397 44.33171331799284
282.3850587370822 22.936254268475672
259.799451985184 23.898284709055158
0.3489942791461049 
64.87893528600331 48.115364451201174
89.94769553529488 42.50653235472335
77.8624736025728 24.49127616534479
64.87893528600331 48.115364451201174
77.8624736025728 24.49127616534479
53.45543285489306 20.95963761781311
0.3002385147013441 
615.0183425905732 21.95137707944737
630.146203491346 38.65159400471862
642.3055718075782 21.60119302981371
615.0183425905732 21.95137707944737
642.3055718075782 21.60119302981371
627.0529558432519 0.9143634216969474
0.5873221739160179 
678.7480508969819 49.299814946872225
717.5500713942992 49.348005790167235
692.4811055509132 34.93510816486935
678.7480508969819 49.299814946872225
692.4811055509132 34.93510816486935
664.7774006202018 33.907663206817475
0.3 
481.5207996824517 41.91185102673426
502.965780243279 39.629167549767885
509.6527799128949 20.639968112845843
481.5207996824517 41.91185102673426
509.6527799128949 20.639968112845843
489.1564147917178 22.558247957547522
0.3 
663.9996955592575 32.87813304177344
692.098104929635 33.92021636994477
690.5230100006752 0.5
663.9996955592575 32.87813304177344
690.5230100006752 0.5
655.645387399463 0.5
0.6570945567229382 
53.35747234758272 19.935048516869458
77.85305768516837 23.47949924798865
88.22572803254153 0.5
53.35747234758272 19.935048516869458
88.22572803254153 0.5
61.33524331272162 0.5
0.9207649226882602 
779.6950701775851 42.01468577494024
807.1488189318575 43.96163380944676
807.0071648573073 22.132437548458924
779.6950701775851 42.01468577494024
807.0071648573073 22.132437548458924
781.9271561502966 21.978325999527563
0.3418049117908563 
230.2461714344821 69.5
262.61821142279075 69.5
269.16219808938285 45.53146868777784
230.2461714344821 69.5
269.16219808938285 45.53146868777784
250.19854071469942 50.41699484266217
0.5643524831987857 
412.42644508733997 68.95033101173578
411.1008456887691 49.723044095633966
404.77516984845363 31.390607372649697
412.42644508733997 68.95033101173578
404.77516984845363 31.390607372649697
385.2473386829927 48.737195165689045
0.42830630881629556 
864.7347551158368 26.831907354232033
900.6207103977505 23.35022735050178
895.597968940794 0.5
864.7347551158368 26.831907354232033
895.597968940794 0.5
867.4510748164154 0.5
0.5526099926532118 
240.17233956338228 31.896403001436276
258.61579415913053 23.062268887565327
268.24303652217253 0.5
240.17233956338228 31.896403001436276
268.24303652217253 0.5
235.57848285555576 0.5
0.6523214005946343 
740.8902125600755 30.05558433118357
762.1519502212587 27.71411536760716
780.0720902792813 0.5
740.8902125600755 30.05558433118357
780.0720902792813 0.5
749.3766361815217 0.5
0.7446623230421925 
229.21567258403334 69.10185141159084
249.31589069005753 49.8774394936947
239.5045323696551 33.166004306708295
229.21567258403334 69.10185141159084
239.5045323696551 33.166004306708295
217.32241685030667 35.083453710987875
0.6274111549445448 
294.87044243666753 69.5
320.6162688198229 69.5
327.9553005803409 42.09168013247725
294.87044243666753 69.5
327.9553005803409 42.09168013247725
309.0459842189305 45.194856371372445
0.8803493026991949 
250.1876472717823 49.387148854663366
269.1435381889047 44.50362353911059
258.77715031375874 24.093776776808284
250.1876472717823 49.387148854663366
258.77715031375874 24.093776776808284
240.4825071847355 32.856632462448474
0.41497775874837883 
782.881397867823 20.98417074157985
807.5823638001715 21.135953149808074
828.4347106973695 27.706801689667525
782.881397867823 20.98417074157985
828.4347106973695 27.706801689667525
807.913980404905 0.7130394094657255
0.6410073304079223 
469.2090134706924 69.5
499.0398194033488 69.5
480.51415217635014 43.027685839321066
469.2090134706924 69.5
480.51415217635014 43.027685839321066
446.9474900345361 46.94713152964194
0.8895508073337304 
527.2737576554224 37.54536685945553
549.5571113542842 24.964560009011617
538.7899424875162 0.7580285621048439
527.2737576554224 37.54536685945553
538.7899424875162 0.7580285621048439
511.140176269427 20.14961411198576
0.5563201631648692 
616.231217511555 68.64697890327942
648.4535124281308 48.63976255648063
642.6795887386915 22.79902158694559
616.231217511555 68.64697890327942
642.6795887386915 22.79902158694559
630.6227165346926 39.70569800589533
0.42916854135321936 
283.62297345195896 22.004249237735557
313.421971846978 24.168868403223673
327.1325373676931 0.5
283.62297345195896 22.004249237735557
327.1325373676931 0.5
303.2208161446962 0.5
0.5573868697805755 
1.016911982803176 24.762340171751575
30.733676508862814 32.976506551979114
51.78887073423178 20.274590187576056
1.016911982803176 24.762340171751575
51.78887073423178 20.274590187576056
28.012861817037717 0.6588135340421566
0.38404151547134524 
131.56775830228943 47.71610551019367
144.88299025448111 68.87528125500802
152.77433601491592 47.54561575669788
131.56775830228943 47.71610551019367
152.77433601491592 47.54561575669788
133.85022110287187 25.276435040915064
0.601314844086507 
427.56130733225007 31.6028321030234
445.8359045053292 45.90612285508239
466.7394662589294 25.521032166469546
427.56130733225007 31.6028321030234
466.7394662589294 25.521032166469546
447.00175152022484 21.653397614834933
0.3 
558.6767186169681 69.5
592.5466949167824 69.5
595.6924532476071 37.465759629946895
558.6767186169681 69.5
595.6924532476071 37.465759629946895
569.8342055577397 33.19055730866772
0.6854588407425783 
862.3573024537509 48.03397333880149
889.5115137998368 68.99139204774683
889.8233697717791 41.75034967532483
862.3573024537509 48.03397333880149
889.8233697717791 41.75034967532483
864.588969046217 28.179126621656422
0.33454379473319407 
0.5 57.69098300562506
23.630182837341977 69.25607442429605
30.232048935821076 33.8753486308
0.5 57.69098300562506
30.232048935821076 33.8753486308
0.49999999999999645 25.656957406892275
0.8057951869294837 
551.9624136606582 46.288487787755486
558.0253122751119 68.21540396338057
568.8698139098527 32.92449905684562
551.9624136606582 46.288487787755486
568.8698139098527 32.92449905684562
550.744199515515 25.92328276073824
0.530469679832428 
111.44473252443551 68.7632202631932
130.57207606411646 47.622929227612346
132.90229993869224 24.713703345909742
111.44473252443551 68.7632202631932
132.90229993869224 24.713703345909742
109.7156315601316 30.42181988460665
0.3 
447.1469367803166 20.662829225453674
466.8621066355953 24.526046073658343
454.6927736278811 0.5
447.1469367803166 20.662829225453674
454.6927736278811 0.5
422.4050359985422 0.5
0.7584595966118999 
713.0798234179649 26.228478854564422
739.1057584849799 29.97113368682444
717.7448791385006 0.5
713.0798234179649 26.228478854564422
717.7448791385006 0.5
692.054325589814 0.5
0.8145735042425597 
308.88056766727436 44.208626296238165
327.66093979830583 41.126610879035674
313.4592407855216 25.17421050594997
308.88056766727436 44.208626296238165
313.4592407855216 25.17421050594997
284.04536654457763 23.037567016488016
0.4431695641194008 
830.5535933491568 28.127751794892177
863.721914016427 26.904946526406313
866.4457682164863 0.5
830.5535933491568 28.127751794892177
866.4457682164863 0.5
842.3303973887739 0.5
0.6293248304216152 
153.5533435722847 46.918052582108615
176.55274325021026 44.323551988056266
169.0829934517916 24.74091750577519
153.5533435722847 46.918052582108615
169.0829934517916 24.74091750577519
134.55728400900014 24.564210129306446
0.3 
177.57043933503337 44.18569472214538
196.82101356807865 40.87912090162135
198.71584209147505 21.855918177497454
177.57043933503337 44.18569472214538
198.71584209147505 21.855918177497454
170.12851513747697 24.67600760565842
0.3904174567486289 
90.90217746459226 42.13433169411778
108.50790677652549 29.904736855831562
89.08624550872219 1.0242462125609428
90.90217746459226 42.13433169411778
89.08624550872219 1.0242462125609428
78.72403839061526 23.980565338073614
0.585922070889729 
569.9414042888188 32.194705482996845
595.7478143378237 36.46133737037797
596.4895802647702 0.5
569.9414042888188 32.194705482996845
596.4895802647702 0.5
566.556246326413 0.5
0.6854426275712063 
263.6548126762393 69.5
293.71278973833455 69.5
307.8610300047003 45.24166708770027
263.6548126762393 69.5
307.8610300047003 45.24166708770027
270.25338589617803 45.33153559197956
0.7190564429268562 
347.2727945540478 69.5
377.83493043128965 69.5
356.39843590227684 46.94690412499374
347.2727945540478 69.5
356.39843590227684 46.94690412499374
329.68008634212816 42.16710670822531
0.8895393437493878 
82.68683258683288 69.5
110.476943066752 69.49999999999999
108.73896789552315 30.961821337336215
82.68683258683288 69.5
108.73896789552315 30.961821337336215
91.19399680646931 43.149211252682626
0.706066246017958 
861.2028087820954 69.5
888.533805628916 69.5
861.6747268188617 48.77036239113581
861.2028087820954 69.5
861.6747268188617 48.77036239113581
841.3739218500026 50.246400132221666
0.6002897992322722 
530.3971780396903 68.81923051305607
550.9547706300917 46.19059973957412
549.7473321756453 26.00553475708148
530.3971780396903 68.81923051305607
549.7473321756453 26.00553475708148
527.702232737079 38.451827257909
0.3209313871479678 
720.1229636026862 49.887680494612326
737.023362338902 69.26607345923215
757.2686796847148 48.835443244768896
720.1229636026862 49.887680494612326
757.2686796847148 48.835443244768896
740.1860169622643 31.33177002362037
0.5544908958333951 
167.28178594508202 69.5
194.03737055958675 69.5
177.01126254446388 45.27817028722168
167.28178594508202 69.5
177.01126254446388 45.27817028722168
154.17705292571685 47.854036233732266
0.879765392076539 
369.36778676281995 29.89944489397776
386.67385901698617 20.54517849319413
386.5042136689857 0.5
369.36778676281995 29.89944489397776
386.5042136689857 0.5
357.73554565761214 0.5
0.5552038032830078 
917.7812924152033 69.5
953.4373243812596 69.5
950.4953252134856 44.64571373545509
917.7812924152033 69.5
950.4953252134856 44.64571373545509
932.1786355815957 38.290293300387994
0.6167428948348737 
357.6148713498225 46.06146483949226
384.00584493130333 48.23288834716477
386.5876585842086 21.728504150104037
357.6148713498225 46.06146483949226
386.5876585842086 21.728504150104037
369.43922249053776 30.997565160663104
0.3 
259.7729003748124 22.898508921454887
282.33067605343103 21.93766394115473
301.86783640596593 0.5
259.7729003748124 22.898508921454887
301.86783640596593 0.5
269.33026692478944 0.5
0.7586490739503056 
921.2310882764184 19.959111156185337
956.3288288790767 22.756333289385466
932.800979367377 0.5
921.2310882764184 19.959111156185337
932.800979367377 0.5
897.4027543250717 0.5
0.7612101190415849 
413.4667150715638 69.5
443.5383543447899 69.5
445.32641827704583 47.11989325331196
413.4667150715638 69.5
445.32641827704583 47.11989325331196
412.12763042642155 50.07711499805143
0.7632411156323038 
217.056970001322 34.10267017349102
239.2043898283829 32.18821990761418
234.56783507480128 0.5
217.056970001322 34.10267017349102
234.56783507480128 0.5
211.5879566991816 0.5
0.5043130888512222 
593.5515049560563 69.5
614.4234399768611 69.5
611.6253300351051 49.926477191177526
593.5515049560563 69.5
611.6253300351051 49.926477191177526
596.6436253074265 38.01197194065492
0.5374416917776738 
169.648741843251 23.718482438725715
198.23736774950683 20.89826487121349
179.77813417936676 0.5
169.648741843251 23.718482438725715
179.77813417936676 0.5
151.04144994590894 0.5
0.6153245679824685 
109.417515533093 29.465353557241674
132.67241548590385 23.740439703334136
117.72707436538491 0.5
109.417515533093 29.465353557241674
117.72707436538491 0.5
89.93878533285005 0.5
0.7755118218183438 
388.17396186507057 20.814521043759058
405.1410331723016 30.024906701240727
426.03448332251077 30.986014237832727
388.17396186507057 20.814521043759058
426.03448332251077 30.986014237832727
420.63711108086204 0.8109122902441861
0.5420052449656606 
653.414566038751 69.5
678.48813958977 69.5
678.0376131304103 50.284507165575164
653.414566038751 69.5
678.0376131304103 50.284507165575164
649.6255660633815 49.39645203328063
0.7984479957081562 
550.5715174915883 24.78457615321581
568.9004297554251 31.864318469238174
565.550558829553 0.5
550.5715174915883 24.78457615321581
565.550558829553 0.5
539.76963400518 0.5
0.8263666359511395 
133.74533191917584 23.560041348145354
168.3823370549873 23.73731835142969
149.75995005714668 0.5
133.74533191917584 23.560041348145354
149.75995005714668 0.5
118.91600043488984 0.5
0.6848641444665623 
447.2719841855445 45.9024475651759
480.3973862881684 42.03452605535316
488.02120522323935 22.710822145545354
447.2719841855445 45.9024475651759
488.02120522323935 22.710822145545354
468.0042087715254 25.684444368226956
0.3 
54.91574529692445 68.96817561998465
64.03491652845051 48.687930297234445
52.41481542603085 21.064852942753493
54.91574529692445 68.96817561998465
52.41481542603085 21.064852942753493
31.512867264774357 33.67432092274861
0.4322461416931494 
758.6379767884694 48.115291609063
778.6801758682842 42.092855676660065
780.8949481517279 22.21191254355012
758.6379767884694 48.115291609063
780.8949481517279 22.21191254355012
762.869890394229 28.564129199453998
0.3 
411.94021688098707 49.089849638049266
444.5678381604304 46.18350523894554
426.4544495216494 32.00639032080179
411.94021688098707 49.089849638049266
426.4544495216494 32.00639032080179
405.71633723395496 31.052428391532075
0.3991080727999749 
803.2282775780701 69.5
826.9613892905115 69.5
807.3982324367316 44.981833046552794
803.2282775780701 69.5
807.3982324367316 44.981833046552794
780.3085724091072 43.060705231976094
0.8391993122064048 
840.5253696945225 49.30545718028566
861.3785110600368 47.78925997909518
863.6129618552004 27.909642573543255
840.5253696945225 49.30545718028566
863.6129618552004 27.909642573543255
830.5745800745381 29.127657429010654
0.3 
954.4443057272673 69.5
979.5 69.5
979.5 42.54071312994999
954.4443057272673 69.5
979.5 42.54071312994999
951.5127352523385 44.73381631555913
0.5269849791723703 
227.8805947361883 68.31319301324653
216.21515995655963 34.9464338542298
199.6822529325862 22.24281797951126
227.8805947361883 68.31319301324653
199.6822529325862 22.24281797951126
197.80336992705736 41.105935073093534
0.5324448924290061 
347.2740413390437 27.945369617592
368.34356861394986 30.028876695640307
356.6601162723038 0.5
347.2740413390437 27.945369617592
356.6601162723038 0.5
328.93543964716724 0.5
0.732466537607684 
890.5057567727351 69.5
916.3437103969794 69.5
909.9093975533779 46.133105998959984
890.5057567727351 69.5
909.9093975533779 46.133105998959984
890.8197814406323 42.06951909277052
0.6484569201342706 
596.7582094036102 35.967689504428414
614.0153171004131 21.690843159567276
626.1379313684134 0.5
596.7582094036102 35.967689504428414
626.1379313684134 0.5
597.4897929737913 0.5
0.8433578607285945 
911.2248377825714 44.83376301938187
931.70482379218 37.21387993523647
956.0102202678627 23.73411166234725
911.2248377825714 44.83376301938187
956.0102202678627 23.73411166234725
921.3551842976424 20.972172233248923
0.40126110615956506 
