0.4999999999999929 32.51389955289289
33.432813570841155 26.632123968719895
0.4999999999999929 3.9514516426990767
0.863351331636849
35.61534146797359 27.322053090156455
48.3476754652435 45.5695674755396
68.71625668429633 23.96605112306792
0.5425662401250958
0.5 69.5
24.451139073031424 69.5
0.5 60.93211255271259
0.9908865182336614
35.15878343151121 25.896731910154976
65.83425183931008 0.49999999999999645
33.64186650106459 0.49999999999999645
0.9392804863560359
69.5 69.5
69.5 54.93118148446007
58.451164387007076 69.5
0.8759654599071933
0.5 59.87005503701575
26.810400126977715 69.28190581762712
26.17074924720875 49.03238411316501
0.5 59.87005503701575
26.17074924720875 49.03238411316501
0.5 33.98379789638305
0.8612152712097153 
57.58726080281065 68.9842385856819
69.5 53.27629057505908
69.5 24.59250550372598
57.58726080281065 68.9842385856819
69.5 24.59250550372598
48.86971376133546 46.473593897662056
0.7811480780222113 
27.81778817331323 69.5
56.71462839657288 69.5
47.962137000725406 46.899121219593354
27.81778817331323 69.5
47.962137000725406 46.899121219593354
27.176134047380774 49.18706123796794
0.6928902631655068 
34.15824263183623 25.917515484494523
32.6400843229358 0.4999999999999965
0.5 0.5000000000000004
34.15824263183623 25.917515484494523
0.5 0.5000000000000004
0.5 2.7372436088388086
0.7028352191428572 
26.771737365841194 48.2255340659769
47.39741159766871 45.95524162029232
34.491440961531076 27.458877568677693
26.771737365841194 48.2255340659769
34.491440961531076 27.458877568677693
1.421901639998076 33.3650722684667
0.5323723666158623 
36.303628018117074 26.247143272914162
69.5 22.88146323224675
69.5 0.5000000000000006
36.303628018117074 26.247143272914162
69.5 0.5000000000000006
67.40234114598778 0.5000000000000028
0.7808105490934188 
