49.52957132735526 38.38577397604399
69.5 48.626152358932416
69.5 24.297940483452685
0.7733397951953946
0.5 69.5
20.063247915381027 69.5
0.5 64.8548450015444
0.8997060357253169
48.702169311842496 37.74567181390448
68.5352014294385 23.75476261982027
38.550920372093536 22.131446296024667
0.5484735079526752
0.5 0.5000000000000004
0.5 4.406800732698616
23.246261956894145 0.5000000000000004
0.9254799947664384
29.844955130207715 0.5
37.77446003136339 20.668013542951815
57.05260060535049 0.5
0.8667284746932012
0.5 32.43474518784586
36.93243642411872 21.259337762532702
28.794685838941703 0.5616692375918166
0.5 32.43474518784586
28.794685838941703 0.5616692375918166
0.5 5.421443541454991
0.8274007371637927 
50.91555741577507 69.5
69.5 69.5
69.5 49.74995854695764
50.91555741577507 69.5
69.5 49.74995854695764
49.11720615155016 39.298128747507754
0.7595326619678138 
29.02466948939433 44.766224893335426
47.79969167315275 38.19216572340555
37.38162937992762 22.167539091624782
29.02466948939433 44.766224893335426
37.38162937992762 22.167539091624782
1.4654313420855019 33.184593827371245
0.36113166847557043 
0.5 63.82704193321508
23.939431633835376 69.39256936944744
28.441847324016035 45.60601144383297
0.5 63.82704193321508
28.441847324016035 45.60601144383297
0.5 33.863590797859736
0.849128862725796 
38.70810650822505 21.138491743707927
69.5 22.805531325219903
69.5 0.5
38.70810650822505 21.138491743707927
69.5 0.5
58.43596638014184 0.5
0.922257533330537 
24.936853305667313 69.5
49.91378621860631 69.5
48.10627800275724 39.14434506824562
24.936853305667313 69.5
48.10627800275724 39.14434506824562
29.44593007853357 45.6782511368864
0.5779496225274929 
