50.72790119552447 40.451259627802145
69.5 53.06177150432906
69.5 17.405527885029564
0.7933992942537461
49.15490373068111 41.184093262470675
26.241874342128675 44.42150404336657
41.265353875855155 58.25121425223008
0.4193009424904638
22.744016356463405 87.72843964217955
35.83901232311074 111.57385738370971
42.53135902036122 81.10769483389696
0.4454543735718901
21.139603330485176 87.84988147098697
0.5 85.55857906266277
0.5 118.36817008710678
0.7541599762108202
49.94288130600259 39.83159918108464
68.59047275116498 16.93871998999625
35.73329123903004 26.66562696002302
0.7764046092585545
0.5 56.815658900388215
0.5 83.91664344338554
20.401578515665328 66.94871138619172
0.6659315820309619
21.49758455949461 86.88347942418996
20.83265794862646 67.89529723324334
1.2039471642432495 84.63058437127403
0.6783415023402548
0.4999999999999982 139.5
9.19098300562506 139.5
0.4999999999999982 122.11803398874989
1.0
35.69465522601361 114.06219493388727
11.176370330921369 139.5
39.421410297169096 139.5
0.9413871066706232
37.24889254189117 113.27671021316104
69.5 137.98701888129742
69.5 107.59577124420649
0.7474206610135085
0.49999999999999645 55.209220389843864
24.037591541014333 44.03743444879421
0.49999999999999645 30.853163758559248
0.6357600604213263
68.53118930085245 77.62711729559135
42.015567659473156 60.07012835621177
43.665342142066 79.81172108968524
0.5933149935885116
69.5 0.5000000000000018
65.68009545669501 0.5000000000000018
69.5 12.723694538575963
1.0
36.69022755046491 112.35972203891663
69.5 106.58037585326397
69.5 78.54585373956964
36.69022755046491 112.35972203891663
69.5 78.54585373956964
43.61846538831314 80.8196913590406
0.620967997886311 
21.324332014147178 66.29637935290317
40.50066321205291 58.906474618501036
25.035885303774663 44.670531710881384
21.324332014147178 66.29637935290317
25.035885303774663 44.670531710881384
1.1329010941118547 56.01574613000861
0.3429047412995361 
22.493791959340207 86.75767127138302
42.67793803376437 80.00415804822153
40.98867983319584 59.79009378115132
22.493791959340207 86.75767127138302
40.98867983319584 59.79009378115132
21.80827755415714 67.18156737152638
0.40105346046183454 
25.223420873987298 43.55547033174386
48.88276422350846 40.212611911332424
34.5753030905501 26.955956726867786
25.223420873987298 43.55547033174386
34.5753030905501 26.955956726867786
1.6232005292255138 30.336118945160955
0.5576820247289034 
40.43208511796323 139.5
69.5 139.5
69.5 139.24679630783268
40.43208511796323 139.5
69.5 139.24679630783268
36.71487258254547 114.12732965814422
0.9262042462463047 
35.1843189147591 25.78524400263227
69.37135809155492 15.66465135439978
64.632404543305 0.5
35.1843189147591 25.78524400263227
64.632404543305 0.5
32.55469580540149 0.5
0.8245898463016141 
42.0653776175183 58.903765352532815
69.5 77.06925919762567
69.5 54.26645961101536
42.0653776175183 58.903765352532815
69.5 54.26645961101536
50.20182342507951 41.30254505739454
0.6404314341567738 
0.5779721935218518 120.0379103982938
10.130879099843181 139.14372421093648
35.42624452987753 112.89969541208279
0.5779721935218518 120.0379103982938
35.42624452987753 112.89969541208279
21.973214457241596 88.40231314572515
0.6241340520688349 
0.5 29.446087298055478
34.20013601537978 25.989193271383424
31.54930252299447 0.5
0.5 29.446087298055478
31.54930252299447 0.5
0.5 0.5
0.8580681398065774 
