69.5 78.24321837679022
69.5 47.001814415811324
42.99509051452074 66.94058841375515
0.6640649322465767
49.13918312540717 34.71359931238446
26.85133829616823 48.22226953944056
41.74582902254518 65.9764984186487
0.3
49.88861397068304 32.47191052494888
64.22776996053672 0.5
34.78909371757591 0.5
0.6723149248217937
48.84947329774863 32.61329479156706
34.10331898078822 1.389605660653686
27.723755002263772 22.552051864369446
0.6154360548814987
23.475596354439514 112.01121253607664
43.41741353652427 107.83183942949626
26.036511335920885 83.60537111968465
0.3
47.811357952740025 87.91869754846087
26.841466512081606 83.01189353253028
44.00641707652224 106.93735643942517
0.3
0.5 55.326131973364134
25.069242626871983 47.88471026174412
0.5 27.078613999651058
0.6750911240937716
21.93640331093283 112.42894555990328
0.5 93.12318713060255
0.5 119.31424292943473
0.9915685477790512
26.14206411037055 47.48282018533899
48.84849233278064 33.72044642327564
27.036221389939417 23.332228911320865
26.14206411037055 47.48282018533899
27.036221389939417 23.332228911320865
1.2017308730441911 26.36247138073459
0.5536901319314208 
25.67610375772294 81.52410230059299
41.31433064057722 67.0180648499302
25.922589056067824 48.67111308359228
25.67610375772294 81.52410230059299
25.922589056067824 48.67111308359228
0.9339759968850956 56.23955182571676
0.63404821722543 
0.5 91.77741910213494
22.508737284343763 111.59862507509698
25.140531352894328 82.40658805221841
0.5 91.77741910213494
25.140531352894328 82.40658805221841
0.5 57.225861287636846
0.8424789180147959 
0.5 139.5
4.729754499867035 139.5
21.724607723689278 113.54729121511355
0.5 139.5
21.724607723689278 113.54729121511355
0.49999999999999645 120.3645605867307
0.6875230595166626 
51.1800295473179 32.036121988428754
69.5 17.755789286867728
69.5 0.5
51.1800295473179 32.036121988428754
69.5 0.5
65.32373772998231 0.5
0.8567701818426796 
42.53693672527033 139.5
69.5 139.5
69.5 111.44791229842045
42.53693672527033 139.5
69.5 111.44791229842045
44.73271218872817 108.7177477941797
0.825558833467849 
0.5 25.437925025006855
26.737060473670226 22.360463332162663
33.3270464840414 0.5
0.5 25.437925025006855
33.3270464840414 0.5
0.5 0.5
0.5443800623723062 
26.68840902031648 81.94906766963139
48.35821357542349 87.01964632838727
68.684380563438 78.98253734003661
26.68840902031648 81.94906766963139
68.684380563438 78.98253734003661
42.105346861186305 67.64829819176974
0.5371518751090945 
42.80807910944812 65.82990932609187
69.5 45.75045278241727
69.5 19.02370611343573
42.80807910944812 65.82990932609187
69.5 19.02370611343573
50.346448407826095 33.95381147901033
0.8457849688425405 
5.925084783565268 139.5
41.53439578960792 139.5
43.72508264872198 108.7890841875826
5.925084783565268 139.5
43.72508264872198 108.7890841875826
23.221945580186585 113.08609778881801
0.8052599034450032 
44.86832662673588 107.72663966054981
69.5 110.44185502188347
69.5 79.73537131935899
44.86832662673588 107.72663966054981
69.5 79.73537131935899
48.833504888662446 87.90704843462512
0.7445169545467769 
