69.5 0.5
62.89876514147644 0.5
69.5 22.0011640705334
1.0
48.455245957002575 35.68349408233313
69.39842672134671 25.07752054300563
62.15964300055046 1.4997688362957327
0.9519093977064268
21.693893736156635 23.612069650452874
0.5 1.2542419476405051
0.5 30.425178183054836
0.9380007590274526
22.325867512057886 22.82518486061897
27.482458566348686 0.5
1.1629172529639185 0.5
0.9582201081384359
69.5 117.52643502873133
40.20046748621691 134.1976323503996
69.5 145.05917416449327
0.6614033391872635
22.140138805472485 147.31460408768967
48.17075643594215 160.9065535148885
38.7790671123191 135.09157324746127
0.3
69.5 209.5
69.5 207.54454332832987
46.61391458176669 209.5
1.0
0.5 209.5
5.156179702402987 209.5
0.5 188.27856667195957
0.8426272878399788
68.94972988103635 174.82703223269795
49.3262212433209 162.68559259986938
39.00977038769304 188.79123358393505
0.6817694393717877
0.6834957387309224 125.43231308487452
20.704242319792804 146.15616864207422
20.82051855996369 124.4522527049647
0.6834957387309224 125.43231308487452
20.82051855996369 124.4522527049647
22.185497615265955 101.5332862265645
0.5076334594620355 
0.5 95.32431957000628
25.215634561026963 76.50962534910578
25.456458842854875 51.28685815088833
0.5 95.32431957000628
25.456458842854875 51.28685815088833
0.5 66.50297568090589
0.6658852139077759 
0.5 124.14114407249812
22.293063148084297 99.9186086782801
25.068380771671933 77.87850200573905
0.5 124.14114407249812
25.068380771671933 77.87850200573905
0.5 96.58109977154987
0.6397208361441631 
50.080485648443954 62.065754469357856
69.5 57.05704167549889
69.5 26.14700040636853
50.080485648443954 62.065754469357856
69.5 26.14700040636853
48.023255428471785 37.023179492991474
0.6374986129120486 
21.702977582810355 146.39492086852883
38.589931812226794 133.9896890809293
48.68401241841317 100.32222923695784
21.702977582810355 146.39492086852883
48.68401241841317 100.32222923695784
21.81925355830437 124.69105433553486
0.47400620336559995 
35.48235796803575 209.44747039905948
69.5 206.54089970991515
69.5 175.67380232637416
35.48235796803575 209.44747039905948
69.5 175.67380232637416
38.535752583824234 190.11573855227778
0.673195951719428 
28.067082649832678 167.58096745262984
38.04068842843331 188.52257043841553
48.45048174281588 162.18072761023498
28.067082649832678 167.58096745262984
48.45048174281588 162.18072761023498
22.03664170390826 148.38867768335527
0.3 
0.5 183.24047341953585
37.22263604911393 189.13057586784808
27.22171781043716 168.13162484684062
0.5 183.24047341953585
27.22171781043716 168.13162484684062
0.5 154.37532034878993
0.6333052471809764 
49.49149673346408 161.6119208685378
69.5 173.9915640321969
69.5 146.1256748350116
49.49149673346408 161.6119208685378
69.5 146.1256748350116
39.86005823624191 135.13794092891894
0.7617119016234251 
0.5 65.33176172466779
25.42832360211596 50.13279843646448
22.183135783167508 24.505195142304572
0.5 65.33176172466779
22.183135783167508 24.505195142304572
0.5 31.47557818078512
0.9084814675788386 
39.85811461613576 133.24188423262177
69.5 116.37589089336934
69.5 88.40164823826551
39.85811461613576 133.24188423262177
69.5 88.40164823826551
50.099224039437246 99.08402937505232
0.8594571713691411 
26.428159876083306 50.068442961788854
49.058313668602146 61.83686150144934
47.021747993807196 37.04583514464382
26.428159876083306 50.068442961788854
47.021747993807196 37.04583514464382
23.21914309552265 24.72648631560645
0.41938231053936764 
26.215377892206337 76.54128143413932
49.1774679216718 97.60602600151603
49.13115537806848 63.001876849234684
26.215377892206337 76.54128143413932
49.13115537806848 63.001876849234684
26.45723160631557 51.2106964918764
0.407628032847833 
6.179967003680442 209.5
34.46166422787703 209.5
37.51167106732723 190.1897169313716
6.179967003680442 209.5
37.51167106732723 190.1897169313716
0.6457248383066343 184.27662834338227
0.6552125639718956 
50.17786113680528 97.89916221980876
69.5 87.26007994113377
69.5 58.08976795442373
50.17786113680528 97.89916221980876
69.5 58.08976795442373
50.13126803414238 63.085382872592014
0.8286131919872197 
0.5 153.2505903103246
26.76455011642546 166.7715454925076
20.756037219340527 147.64904323482233
0.5 153.2505903103246
20.756037219340527 147.64904323482233
0.5 126.68163386298816
0.544368282129825 
23.267706722673708 100.18268901816029
21.89243009676769 123.27455901076436
48.937085901288995 98.74255071754247
23.267706722673708 100.18268901816029
48.937085901288995 98.74255071754247
26.08844437553834 77.7818804634899
0.4017482119842746 
23.178033591834037 23.579211548116213
47.23821130912108 36.03187055138575
61.48308538973591 0.499999999999993
23.178033591834037 23.579211548116213
61.48308538973591 0.499999999999993
28.50878702353492 0.4999999999999999
0.5818977744669538 
