69.5 0.5
67.780043319078 0.5
69.5 16.18600346873347
0.857500309421986
32.1665133179033 25.363942391675305
35.14825030947131 44.82428364344351
68.16903309898206 25.81065327563661
0.606041405188262
0.5 209.5
10.862278701907897 209.5
0.5 193.3700384672826
0.867869437843515
69.5 122.74162662346576
50.50660410775859 138.74152559855438
69.5 147.9786178135046
0.9214186007697042
21.92976688309614 171.99951788503026
1.37584645318082 191.07208186539515
35.93763006822696 188.7249963826705
0.6066339756821149
31.506639988808857 94.41686056270193
39.810251947564666 74.28967267380321
34.49248430794919 46.84586354675952
31.506639988808857 94.41686056270193
34.49248430794919 46.84586354675952
22.699433062663754 63.05095704446684
0.3 
0.5 190.5206011664538
21.591283243122447 170.949403036438
33.39056729749226 153.1052401849107
0.5 190.5206011664538
33.39056729749226 153.1052401849107
0.5 151.08717476814064
0.8815972292467069 
50.1187398151828 104.5484299863412
69.5 82.3678831725895
69.5 56.35569958710795
50.1187398151828 104.5484299863412
69.5 56.35569958710795
40.919284491706804 74.55901013940638
0.5894465587869087 
34.66732651157736 151.6412125177048
49.09819193919351 138.63046263982307
49.395401503039665 106.49968683638544
34.66732651157736 151.6412125177048
49.395401503039665 106.49968683638544
30.78739351579256 119.03985444447622
0.33569453644430236 
0.4999999999999929 150.0852941977796
33.71765880576183 152.12342895707536
29.829880271593414 119.45614830054464
0.4999999999999929 150.0852941977796
29.829880271593414 119.45614830054464
0.49999999999999645 128.80979865274045
0.6378096120855969 
0.5 127.76017736174917
29.7730487976703 118.42465124774166
30.892724736309688 96.40414469144449
0.5 127.76017736174917
30.892724736309688 96.40414469144449
0.5 93.87663973647714
0.6465476417822501 
50.106181860856985 137.7713118976987
69.5 121.43410012535408
69.5 83.88766147019228
50.106181860856985 137.7713118976987
69.5 83.88766147019228
50.402438694193876 105.74353402608313
0.8255818958306296 
31.226731590616765 24.02223663661839
35.511796751252895 0.4999999999999965
0.5 0.5
31.226731590616765 24.02223663661839
0.5 0.5
0.5 3.731002070095414
0.8499647926426046 
12.050853031866204 209.5
42.226575466116806 209.5
36.58188297798595 189.6835484866282
12.050853031866204 209.5
36.58188297798595 189.6835484866282
0.8779374031713729 192.10819801478965
0.6227557848290242 
50.08959938336899 172.93608163730835
69.5 176.29493612695506
69.5 149.09060639689042
50.08959938336899 172.93608163730835
69.5 149.09060639689042
50.0959855235465 139.65381731103528
0.7597513477156187 
37.108634371634686 188.56573277061628
68.08777180263493 177.06542011700816
49.52795511550647 173.85375412217195
37.108634371634686 188.56573277061628
49.52795511550647 173.85375412217195
23.11970105644976 171.86285665911865
0.3 
40.68074695684946 73.52533447811331
69.5 55.17009725959381
69.5 26.19820207638646
40.68074695684946 73.52533447811331
69.5 26.19820207638646
35.32341671251306 45.87735159882793
0.6777080196572993 
32.18092190322808 24.364044196666693
69.4414145048119 24.826363714525414
66.77404981394369 0.49999999999999994
32.18092190322808 24.364044196666693
66.77404981394369 0.49999999999999994
36.52825442771365 0.4999999999999965
0.7490228147614708 
0.5 28.795053167948627
34.12765906132535 44.76606078626888
31.122316310698206 25.151656272684846
0.5 28.795053167948627
31.122316310698206 25.151656272684846
0.5 4.929375181766911
0.5807894176498738 
43.26635373114361 209.5
69.5 209.5
69.5 177.60784370868137
43.26635373114361 209.5
69.5 177.60784370868137
37.55942726378035 189.46506773953064
0.5742048827582782 
0.5 92.87318777592084
30.74066524775631 95.38804723384563
21.774877846155956 63.457376708917465
0.5 92.87318777592084
21.774877846155956 63.457376708917465
0.5 63.71617670196617
0.8608095905683271 
0.5 62.71610271617724
21.895756927708938 62.455832279646245
34.00575430815832 45.81521606205573
0.5 62.71610271617724
34.00575430815832 45.81521606205573
0.4999999999999929 29.902105478375596
0.8524704755221397 
30.80497757537279 117.82211961435259
49.31749989193418 105.34630098522777
40.260345926413265 75.82077112073716
30.80497757537279 117.82211961435259
40.260345926413265 75.82077112073716
31.911656549245365 96.05722250538122
0.4056632854087444 
22.862079255363955 170.84059701429217
49.08962204704075 172.81787079730333
49.095923121963196 139.97893596673313
22.862079255363955 170.84059701429217
49.095923121963196 139.97893596673313
34.666959175646475 152.9879714846751
0.32328526928579127 
