49.99497212135557 84.37675693783066
69.5 112.98763038771175
69.5 77.86786929983475
0.7172640865811112
0.5 121.15547781850552
0.5 152.530214284118
21.484259442263387 147.1725496522978
0.6811981468409758
22.286302456993873 197.6495652175899
45.12792547141332 193.91424171041962
23.28879243109405 179.1191358397211
0.45052128314641965
21.871924182019118 148.10565093568124
0.9307378782960924 153.45231820866803
22.316937913690413 176.89697548198396
0.6358171430428169
35.39475702418371 260.5360598784115
27.11182452453976 279.5
53.60910017276705 279.5
0.9031289991315107
33.84986019741493 259.4969320673859
0.5 242.2986765905963
0.5 268.26460271502106
0.6485724271613219
69.5 201.22330120176585
69.5 174.5843411131032
47.435899390802064 194.00200073016416
0.7911849956485861
23.149488676721933 147.61098648303158
44.41662275669984 172.22287527491682
43.316041857135694 136.84845280512837
0.3
0.49999999999999645 36.5921316298712
0.49999999999999645 58.27989305932434
20.09067650402562 55.03357320828524
0.7349523106855314
35.27711876771399 258.35031691315316
44.05229892024165 239.0232027541951
25.792287131215808 233.4211563828805
0.40526932013693884
0.5 87.55778171522257
20.159067479986096 56.035876810643714
0.5 59.29352955173625
0.6529638037143851
69.5 202.59678538177005
38.35302482035853 212.5048747460564
69.5 229.5052900386951
0.9474073201454182
50.49973937939237 83.15410502336246
69.5 76.8136597678303
69.5 56.310958272322296
0.7511695669956596
40.42211959018175 40.89083144603053
34.605095591745666 70.21831717809984
68.82424486772241 54.722677377493724
0.49171042892607025
20.986531333812525 198.2652920559409
0.5000000000000036 181.65768146887433
0.5000000000000036 216.91226889590442
0.9825533476156247
27.633159812690295 0.5
47.565292450567696 20.638323000262755
60.937369471832575 0.5
0.8332405499981232
0.5000000000000071 241.17353739056898
34.304573361830194 258.60628479997774
24.55671621111702 232.98580938729944
0.5000000000000071 241.17353739056898
24.55671621111702 232.98580938729944
0.5 218.91517071580986
0.6718145201449256 
25.718095655756873 232.35239206403426
44.736909345866195 238.18723365397332
68.7498655026953 230.23511628815197
25.718095655756873 232.35239206403426
68.7498655026953 230.23511628815197
37.26859704474321 213.05223947146345
0.4494935761556871 
1.4657270824322524 119.31431322587643
27.959866562258373 120.6854018230409
47.44530584757035 110.26779010665014
1.4657270824322524 119.31431322587643
47.44530584757035 110.26779010665014
32.27316177996538 97.510178423166
0.4315996717559303 
37.211680184780676 211.8185679744938
68.37187017266294 201.90627487934023
46.40884301245052 194.718054466507
37.211680184780676 211.8185679744938
46.40884301245052 194.718054466507
22.84654369571724 198.57123120728477
0.43613716285148935 
1.4186993613384118 87.97441745347257
33.48090690696868 70.74621800706136
39.299789152833576 41.40936361414933
1.4186993613384118 87.97441745347257
39.299789152833576 41.40936361414933
21.548228631435823 55.698160806410264
0.39176629971834026 
0.5000000000000036 180.37037048699904
21.307113045516846 197.23786383032967
22.32669460234738 178.39150673754767
0.5000000000000036 180.37037048699904
22.32669460234738 178.39150673754767
0.5 154.46395656432992
0.8503903161721559 
0.49999999999999645 118.77269239960327
31.815472555656502 96.60899095162816
33.3698716832646 71.94110404944729
0.49999999999999645 118.77269239960327
33.3698716832646 71.94110404944729
0.5 89.60329104425406
0.7443356558629227 
28.9214275124879 121.30526379921878
43.81451915663239 135.36320291279765
68.85992852361942 114.8946889099542
28.9214275124879 121.30526379921878
68.85992852361942 114.8946889099542
48.41106506335758 110.88540754013013
0.37329432280052105 
54.995645318260614 279.5
69.5 279.5
69.5 261.2665757527227
54.995645318260614 279.5
69.5 261.2665757527227
36.448116076661854 260.18916177367356
0.7364557367485511 
22.491578754664502 146.8286037797371
42.94188484920682 135.91463617719685
27.863453492190306 121.68175055411285
22.491578754664502 146.8286037797371
27.863453492190306 121.68175055411285
1.09175363208535 120.2962980304387
0.5807464068134982 
45.42052730748836 172.33282134907174
69.5 144.855394595021
69.5 115.66306153610134
45.42052730748836 172.33282134907174
69.5 115.66306153610134
44.29819854475105 136.25938792969544
0.8525788884941397 
36.001355010478775 259.1740672470692
69.5 260.26604459016494
69.5 231.04010929027987
36.001355010478775 259.1740672470692
69.5 231.04010929027987
45.10755084674417 239.1178993482672
0.5411548528065516 
32.866916910515954 95.82405849880485
48.845992056067416 83.75960383308868
68.52666647289325 55.9551835633312
32.866916910515954 95.82405849880485
68.52666647289325 55.9551835633312
34.40554634433523 71.40643230248486
0.3184702952704207 
26.883643264689077 23.120712401350524
39.91243592617567 39.184247778589864
47.05497115268956 21.54426975566361
26.883643264689077 23.120712401350524
47.05497115268956 21.54426975566361
26.932100653542808 1.2132357832030216
0.3598082193635338 
0.5 279.5
26.020600237161524 279.5
34.36492431625596 260.395502625685
0.5 279.5
34.36492431625596 260.395502625685
0.4999999999999929 269.29858351281393
0.7702897471705301 
0.5 34.6543931600441
25.883959074640845 22.97682947761995
25.93367582135615 0.5
0.5 34.6543931600441
25.93367582135615 0.5
0.5 0.5
0.5991483844857304 
40.69654923749888 39.91219763176067
69.5 53.93948922871892
69.5 16.931853964554932
40.69654923749888 39.91219763176067
69.5 16.931853964554932
48.00768927012149 21.855814931784025
0.6506441348622519 
23.33319975495031 177.94134993505995
45.875461424446094 193.2127962580182
44.47348708325141 173.81815391578633
23.33319975495031 177.94134993505995
44.47348708325141 173.81815391578633
22.883276284503268 148.8323770276622
0.3 
48.555375092027425 109.89466225379674
68.9005495166525 113.88361395984066
49.09171144701631 84.82709772588714
48.555375092027425 109.89466225379674
49.09171144701631 84.82709772588714
33.10137816095405 96.90005246589268
0.7521482904463409 
21.19443842583789 54.699226273250666
39.35340825573192 40.082492335579346
26.239496609085663 23.91401156048829
21.19443842583789 54.699226273250666
26.239496609085663 23.91401156048829
0.8827410650894407 35.579060608747014
0.6188388338085095 
0.8396431162279292 217.95533504517041
24.786499292330276 231.9617171970435
36.448568829802035 212.47514133004302
0.8396431162279292 217.95533504517041
36.448568829802035 212.47514133004302
21.751239722140234 198.92146097232907
0.37813240556874744 
45.47399536518852 173.78908914159817
46.87453810372415 193.1639269690592
69.5 173.2522375890026
45.47399536518852 173.78908914159817
69.5 173.2522375890026
69.5 146.37267554418497
0.7143671435834608 
48.751632559445525 20.65946645978736
69.5 15.905945412420909
69.5 0.5
48.751632559445525 20.65946645978736
69.5 0.5
62.13774907989091 0.5
0.7322931159250166 
