69.5 55.633160613712164
69.5 22.019945894173
42.5266314135754 31.89866386328047
0.7868187958112527
46.70081974547891 63.413980556378476
41.25143319814953 32.81020527509441
21.111628901438372 55.07252316486466
0.3
0.5 62.14883873368012
19.45330619345907 55.06307062563536
0.5 27.06530504914507
0.9806049557610067
21.073519256023182 217.221290745052
0.5 211.69549277582325
0.5 242.08949659366638
0.7230320053141202
41.60404391948282 30.69236692111115
59.97992554941331 0.49999999999999645
26.24999318691205 0.49999999999999645
0.6066259505634918
40.485297426939454 30.69852782526952
25.63631144415909 1.4993255426106344
21.349797358388873 22.299756550344853
0.5242313577269642
32.53602653930259 170.02632221240466
0.5 148.12149764787807
0.5 176.98836569988447
0.7720569532906958
0.5000000000000036 63.59424610801305
0.5000000000000036 92.38577149450172
28.558687186383217 74.24817964165469
0.6711665200972626
69.5 235.62465893652615
48.04404361235427 258.81931982669226
69.5 261.22345510998645
0.8064288829453877
22.422899102786573 218.10533081423006
21.535335585657972 250.2159869766363
43.46165997643246 238.8859825783704
0.5197721809651642
25.978819128599408 94.71642724356386
45.072339592444344 94.25980688317543
46.786540519260726 65.03444522957169
25.978819128599408 94.71642724356386
46.786540519260726 65.03444522957169
30.104560246821727 74.45480196115011
0.3 
0.5 210.2551203917012
35.04609015592382 193.97552975417378
33.32031490598674 170.879222701755
0.5 210.2551203917012
33.32031490598674 170.879222701755
0.5 178.01170710546018
0.6136942585969076 
20.280303876606666 54.50086188195001
40.72869258029394 31.89743818684426
20.706527385497214 23.109500307121404
20.280303876606666 54.50086188195001
20.706527385497214 23.109500307121404
0.8653581090606757 25.82116374740413
0.7340024181171867 
25.778521438931506 279.5
53.093755074431655 279.5
46.60964569610962 259.60596136145864
25.778521438931506 279.5
46.60964569610962 259.60596136145864
21.624974381706288 251.7655214535208
0.884132943651675 
0.49999999999999645 269.752308310376
20.51803203796319 250.82818444636112
21.414999519262143 218.37730760767627
0.49999999999999645 269.752308310376
21.414999519262143 218.37730760767627
0.49999999999999645 243.65827713438526
0.6966016166577215 
44.469311140017055 238.47570625054527
68.88654818701569 234.04183840174719
45.28994777507408 213.5120435113671
44.469311140017055 238.47570625054527
45.28994777507408 213.5120435113671
23.001147293999907 217.27091954381373
0.3 
54.14553064524392 279.5
69.5 279.5
69.5 262.22971310580164
54.14553064524392 279.5
69.5 262.22971310580164
47.72121131833637 259.78940453362605
0.6088738444969347 
33.35418262991249 169.37432800725708
35.14238949190282 149.41449329497232
31.20872698902227 123.66527236384998
33.35418262991249 169.37432800725708
31.20872698902227 123.66527236384998
0.8494130941161657 147.14899761809428
0.5956140417591763 
0.4999999999999999 123.92936088789345
0.49999999999999645 146.15502197487024
31.016855301383334 122.54943431231575
0.4999999999999999 123.92936088789345
31.016855301383334 122.54943431231575
25.09028510743904 96.29082518979706
0.8175688906670229 
22.32071929919104 250.93577076981302
46.853003557240925 258.6342470919252
68.61638349810428 235.10725027891772
22.32071929919104 250.93577076981302
68.61638349810428 235.10725027891772
44.465892886301845 239.49268027864545
0.5631714245044898 
50.090726807831246 132.3474975914083
69.5 137.39676232835467
69.5 110.8803744299359
50.090726807831246 132.3474975914083
69.5 110.8803744299359
46.15400082101378 95.73986073507191
0.806239612297384 
29.61841580521248 73.58090005325047
46.104255840262994 64.27130421309144
20.2348249738792 55.83849535134083
29.61841580521248 73.58090005325047
20.2348249738792 55.83849535134083
1.4181161266614346 62.87319600393688
0.34914493171777083 
46.06070471364238 94.48747169545524
69.5 109.68849044647487
69.5 87.37868196162425
46.06070471364238 94.48747169545524
69.5 87.37868196162425
47.77262020831243 65.30107430792242
0.5652213835104724 
36.05070243089417 148.73837866834955
68.23383135690212 138.10065663415415
49.44358528263954 133.21242996219414
36.05070243089417 148.73837866834955
49.44358528263954 133.21242996219414
32.22260308070008 123.68015980939768
0.3234645829525137 
36.0404385917965 193.86258561747272
69.5 200.3075422882606
69.5 176.89984115513516
36.0404385917965 193.86258561747272
69.5 176.89984115513516
34.32237239957345 170.86945003193782
0.6781864874537675 
0.5 24.86180076678373
20.360151924606964 22.14754299587834
24.82123727133107 0.5000000000000036
0.5 24.86180076678373
24.82123727133107 0.5000000000000036
0.49999999999999645 0.5000000000000036
0.8076997007360462 
0.49999999999999645 122.42493753226562
24.90064889978658 94.99954564571732
28.932907788453864 75.19701409980648
0.49999999999999645 122.42493753226562
28.932907788453864 75.19701409980648
0.49999999999999645 93.5765082376107
0.5691488034558548 
1.44689505996255 210.91437564546766
21.97929219130217 216.42912871031032
44.674916006461224 212.60164429845673
1.44689505996255 210.91437564546766
44.674916006461224 212.60164429845673
35.35120133522804 194.93722093651343
0.30979122539488935 
47.80447785635092 63.90778835778501
69.5 85.9530248438216
69.5 56.965176039881015
47.80447785635092 63.90778835778501
69.5 56.965176039881015
42.307736553440144 33.03806859160785
0.8390868629095951 
42.735152250917125 30.7573391528191
69.5 20.95498978914484
69.5 0.5
42.735152250917125 30.7573391528191
69.5 0.5
61.15057771794448 0.5
0.8691735534046157 
45.838452644727994 212.66375826315323
69.5 233.25005906548898
69.5 201.32592443044757
45.838452644727994 212.66375826315323
69.5 201.32592443044757
36.4988691550211 194.96927032527026
0.8488356524986558 
0.5 271.1284238292582
0.5 279.5
24.767369423491512 279.5
0.5 271.1284238292582
24.767369423491512 279.5
20.65950498217128 252.07055797129894
0.6436945453601282 
34.31524602279248 169.85364118403828
69.5 175.88525395980895
69.5 138.7353524539812
34.31524602279248 169.85364118403828
69.5 138.7353524539812
36.11449967627603 149.77050298992904
0.6845450662450099 
32.013066964688086 122.42120112618841
49.03047011254987 131.84078487595843
45.09657938499637 95.25951311129366
32.013066964688086 122.42120112618841
45.09657938499637 95.25951311129366
25.985824071001122 95.71654564205694
0.3 
