0.5 30.93385591176216
0.5 54.39849238115572
28.03955590576488 49.279294165936676
0.724474600673108
139.5 69.5
139.5 65.5871070473583
115.2400636936215 69.5
0.992936478909702
139.5 42.75924534550782
139.5 14.726727796194659
119.78633980809107 22.27154057359961
0.8321738557720787
139.5 0.4999999999999982
120.651387818866 0.4999999999999982
139.5 13.06574145408934
0.7957304181850762
30.306394680731486 49.797517320153986
49.62009427726351 68.92023168568015
52.50668690073927 43.651068984130134
0.7013772713568877
29.57517135610661 50.480763408229976
23.678498159982503 69.5
48.784359710194565 69.5
0.9380340243444997
75.72867603906691 33.45635076320765
94.1477615221834 0.5
58.8185320927117 0.5
0.8705832088342311
0.5 29.48904248296583
30.012006803668502 28.8492207173887
0.5 1.154881617625371
0.8912856656880821
117.82184265697859 48.242355577666366
94.29795702151007 50.18401892020532
108.87620654861301 69.02302554962274
0.7124671431963887
29.42847974829487 49.002960758136375
51.85845819253592 42.7929207136451
31.10869840263845 29.82567937400199
29.42847974829487 49.002960758136375
31.10869840263845 29.82567937400199
1.6005424893710547 30.465417652084962
0.5405061848240698 
76.76794814095868 33.64656862225313
94.79559982189477 27.806760749363303
117.89054522013456 21.820197632615535
76.76794814095868 33.64656862225313
117.89054522013456 21.820197632615535
95.12690684997224 0.7977996963420821
0.4847178926754962 
50.560368669482116 69.5
78.45149576967736 69.5
75.27236066741614 35.21223625786954
50.560368669482116 69.5
75.27236066741614 35.21223625786954
53.549579330792554 43.33252145260815
0.670318344877559 
119.01390698044992 21.496430540325047
138.9171837371792 13.879047704030116
118.848612181134 0.5
119.01390698044992 21.496430540325047
118.848612181134 0.5
96.27838683032017 0.5
0.7084313665480972 
31.35408669946077 28.73728683560459
51.70727964111295 20.323037728827988
32.78604381994826 0.5
31.35408669946077 28.73728683560459
32.78604381994826 0.5
1.2634967703216695 0.5
0.6899196898333968 
79.45578499887404 69.5
107.98086152794187 69.5
92.97390929691238 50.10699454745182
79.45578499887404 69.5
92.97390929691238 50.10699454745182
76.32240717519025 35.705739901747435
0.5573539345492816 
52.88902372092605 20.112797698114782
74.45949912805972 33.17332999741421
57.694575200867476 0.5
52.88902372092605 20.112797698114782
57.694575200867476 0.5
34.16846356080741 0.5
0.7739814587739517 
93.50697237689387 49.245906204059025
117.33677483293764 47.27899246345312
94.82989106113706 28.84681128215159
93.50697237689387 49.245906204059025
94.82989106113706 28.84681128215159
76.70803077556046 34.71713672664812
0.3 
0.5 69.5
22.631539162897 69.5
28.61874381544125 50.18876160799726
0.5 69.5
28.61874381544125 50.18876160799726
0.5 55.41562233323053
0.9759806282565775 
109.81926442889026 69.36139868991745
139.5 64.57418327522234
139.5 44.593247435517874
109.81926442889026 69.36139868991745
139.5 44.593247435517874
118.96219013515282 48.12242592393585
0.5947577923073737 
53.14346017605452 42.41674987894286
74.56790407352119 34.407987470015186
52.530555016295374 21.064771628900854
53.14346017605452 42.41674987894286
52.530555016295374 21.064771628900854
32.335988806881794 29.41344258074737
0.3 
118.75042388568325 47.144158678375334
138.98567556760133 43.666971217127
118.74515546929766 22.631719712988865
118.75042388568325 47.144158678375334
118.74515546929766 22.631719712988865
96.01398981179116 28.523985556418104
0.42552452536271457 
