0.5 25.997692409027714
0.5 59.16835503790235
26.452087200559454 45.386864678308
0.6257136628531467
36.14788228052402 23.27085049078331
60.72466426886032 0.5
33.560042084088984 0.5
0.9759367822086906
27.681566427505892 46.632388669356715
23.597216883693207 69.5
45.960235307726784 69.5
0.7342456333525479
0.4999999999999929 0.5000000000000004
0.4999999999999929 4.418535779749133
26.36233614634427 0.5000000000000004
0.877496173001792
115.72894859128499 30.123713708596483
92.99763851458337 21.823320710104202
109.32842061339841 48.48562936247394
0.3
0.5 24.49025094316416
35.2038614149169 23.820061738555527
32.56179901158215 0.5721007336475097
0.5 24.49025094316416
32.56179901158215 0.5721007336475097
0.5 5.4299490687357155
0.6304409152637344 
87.45867124831639 48.95000984178176
108.52519063745613 68.86316335205454
108.95007110484072 49.78247446522701
87.45867124831639 48.95000984178176
108.95007110484072 49.78247446522701
92.08852787231712 22.253623287092662
0.7164496657829784 
71.16328863081598 23.10600816345315
91.3048674963839 20.42634881318638
90.51932282375293 0.5
71.16328863081598 23.10600816345315
90.51932282375293 0.5
62.72047161791979 0.5
0.7318338019108597 
27.525638670555157 44.94065956014582
53.27726651479607 42.220923287798044
35.56217590066334 24.813328543442086
27.525638670555157 44.94065956014582
35.56217590066334 24.813328543442086
1.466845833395226 25.47176599699961
0.3 
55.32440816407057 42.285557494526124
86.51521702980415 48.53788834804435
91.21343440738468 21.44732433799391
55.32440816407057 42.285557494526124
91.21343440738468 21.44732433799391
71.08782625689268 24.12485892553631
0.40940912978874644 
0.5 69.5
22.58139160692512 69.5
26.710480053213136 46.38190280320081
0.5 69.5
26.710480053213136 46.38190280320081
0.49999999999999645 60.30060904760298
0.9962563134864489 
109.5112577279114 69.5
139.5 69.5
139.5 40.68223964899567
109.5112577279114 69.5
139.5 40.68223964899567
109.94512666020077 50.01565381286338
0.6471244292599592 
92.30883234687364 20.507218782452483
115.90098569496598 29.12195078905913
117.47180672125803 0.5
92.30883234687364 20.507218782452483
117.47180672125803 0.5
91.52009958523908 0.5
0.720672305866902 
116.917393684629 28.850400804455212
139.5 13.733021348153207
139.5 0.5
116.917393684629 28.850400804455212
139.5 0.5
118.4733115888855 0.5
0.681517381325312 
47.240439016498456 69.5
82.72305212994843 69.5
54.21040257905548 43.12793262401423
47.240439016498456 69.5
54.21040257905548 43.12793262401423
28.34419620457578 45.8597700103812
0.7745626926842611 
84.19577933121883 69.5
107.74316746247973 69.5
86.68107141351258 49.59102765749666
84.19577933121883 69.5
86.68107141351258 49.59102765749666
56.02741585046283 43.4463714776907
0.755357495367075 
36.486890190507616 24.319998345418725
54.35448073863435 41.87744595292577
70.26194118375578 23.550799254800967
36.486890190507616 24.319998345418725
70.26194118375578 23.550799254800967
61.79260306630663 0.8737796854257525
0.5891248755076541 
110.25360407790279 48.86955699921052
139.5 39.63355984899438
139.5 14.936404458823391
110.25360407790279 48.86955699921052
139.5 14.936404458823391
116.78035964611908 30.14551803693817
0.7942962342358315 
