40.68156946565145 70.52488194702748
58.25619638475951 60.582510621628856
27.54259096259224 51.4825435876557
0.331
0.5 59.5071471675825
25.330094870711964 50.43271403863683
0.5 30.164670971924927
0.6728278937806288
119.39872451565877 43.05086945701577
139.5 48.027773813693734
139.5 21.811274436080677
0.8082051751118485
88.89834130471598 70.97855786325927
93.65948023748024 92.51371465421666
107.89556510080193 65.58698677797722
0.3439
119.87976897596911 0.5
99.39483660375313 0.5
117.24457348507623 22.11014857572419
0.9084275101733986
22.511463324220447 117.72557031646284
19.13895953644947 139.5
40.601238863757466 139.5
0.9259540736890202
38.66509715032882 101.78359921635727
23.384915250918187 116.11487788279838
51.420248267731 117.58496319685972
0.5888102878286813
23.301703838386636 117.11188840546532
41.56030624888052 139.0895328178037
51.72706007599488 118.60242531925229
0.6371703324465805
117.77579409734011 43.60577308071962
99.92488318355873 36.65853009497705
108.94881994905758 63.413462685624005
0.30581069449968856
59.10872050710786 59.09728917577348
61.060335586058386 27.221133972342074
37.1821191376946 31.24389895693791
0.3
138.69104470598572 82.59850140072518
109.92220133475556 65.96431628876337
119.04818101221588 87.65617293381668
0.5117530503782652
139.5 0.5
121.61024093288759 0.5
139.5 19.304576271343883
0.6969017209491967
139.5 139.5
139.5 138.5382439214304
126.46286209948745 139.5
0.9072160280102173
0.49999999999999645 0.49999999999999645
0.49999999999999645 27.90400421881346
27.90400421881346 0.49999999999999645
0.6634428270084753
0.5 89.7782363509221
0.5 121.79434325642828
21.32448158780909 116.26450709911146
0.9696394172299351
60.096145856375415 59.33325751818556
80.10344812636139 43.1163862396168
83.43536357751238 22.740073159302966
60.096145856375415 59.33325751818556
83.43536357751238 22.740073159302966
62.07342834849196 27.037870851246968
0.3 
21.227077236310933 83.64443474063842
38.28213725681048 99.94430917668285
40.02019732459046 71.3271708012214
21.227077236310933 83.64443474063842
40.02019732459046 71.3271708012214
26.613889179993595 51.897391250248276
0.3727323160837207 
1.1512151480326338 28.667002633153917
36.2382526807628 30.388820418204396
60.430337642860195 26.313177980657027
1.1512151480326338 28.667002633153917
60.430337642860195 26.313177980657027
29.144445344777356 0.6737724364091875
0.6333565707048685 
94.05744798941429 93.90050333910757
106.25738288287688 109.735790858907
118.1996147166067 88.21791046479898
94.05744798941429 93.90050333910757
118.1996147166067 88.21791046479898
108.83284176751145 65.9537039664693
0.3 
99.37693831188645 35.37221806843996
117.91415627240092 42.5865590101082
117.12003081581454 23.808551607451026
99.37693831188645 35.37221806843996
117.12003081581454 23.808551607451026
85.39273069247345 22.656554016156385
0.3 
0.5 139.5
18.12703614302163 139.5
21.57592487358772 117.23239412736433
0.5 139.5
21.57592487358772 117.23239412736433
0.49999999999999645 122.82899978227225
0.8536484231253071 
84.28351736090762 21.615620235675536
116.50545165034697 22.785577671195878
98.0978180200074 0.5
84.28351736090762 21.615620235675536
98.0978180200074 0.5
66.30463647005261 0.5
0.8189792969274746 
77.300227057867 139.5
112.26475715886886 139.5
105.9439496857955 111.22852578672477
77.300227057867 139.5
105.9439496857955 111.22852578672477
78.30227686272352 116.69167148411574
0.6810439139509312 
113.28264726639878 139.4695935835395
139.5 137.53552657067522
139.5 105.48158091616482
113.28264726639878 139.4695935835395
139.5 105.48158091616482
106.92820895029254 111.04769657766617
0.593843872589418 
81.10830077416075 43.167930077848354
107.89239342464681 63.41026390604124
98.67684509260482 36.087225101923174
81.10830077416075 43.167930077848354
98.67684509260482 36.087225101923174
84.3903327478912 23.096679166235347
0.3 
61.73152721794162 26.08661992323487
83.114078840671 21.78467442874637
64.99125686888176 0.49999999999999994
61.73152721794162 26.08661992323487
64.99125686888176 0.49999999999999994
30.510045354455215 0.4999999999999965
0.8812894945429577 
52.737758235145705 117.62505579985812
76.92107677572706 115.84223055363908
65.42340589277559 98.87862137047027
52.737758235145705 117.62505579985812
65.42340589277559 98.87862137047027
39.68568644895157 101.45585991225148
0.3 
78.04803044820393 115.72257714926756
105.43693620422279 110.30938875090304
93.2502191495286 94.4912577388322
78.04803044820393 115.72257714926756
93.2502191495286 94.4912577388322
66.52545801258181 98.72222833318878
0.4393 
26.565097965213948 50.149958407910596
58.16228772553484 59.511717837742616
36.015883276851056 31.37911148161896
26.565097965213948 50.149958407910596
36.015883276851056 31.37911148161896
1.4937855195978713 29.685016850795773
0.3 
118.10134135775925 23.345482284128906
118.89564205413538 42.12763343264123
139.31073199673037 20.556452885692334
118.10134135775925 23.345482284128906
139.31073199673037 20.556452885692334
120.81251110304339 1.1123002632584509
0.5063440705982234 
39.2505684118883 100.49442934859303
65.09155674045508 97.9068500091158
59.14885317058894 61.22644516217747
39.2505684118883 100.49442934859303
59.14885317058894 61.22644516217747
41.012352113006926 71.48668163194355
0.3 
109.52419151764573 64.57906012888105
139.5 81.91111414099458
139.5 49.0579687157772
109.52419151764573 64.57906012888105
139.5 49.0579687157772
118.7323174542407 43.91606765479177
0.876545583777963 
42.47297393061931 139.5
76.2992624466929 139.5
77.2957920810208 116.81731979248335
42.47297393061931 139.5
77.2957920810208 116.81731979248335
52.834380386175596 118.62064642255464
0.9489176761519889 
107.26825884912964 109.97509004359094
139.5 104.46708469799822
139.5 83.42282689387527
107.26825884912964 109.97509004359094
139.5 83.42282689387527
119.08759881295933 88.67863999807572
0.7513635231897624 
66.08399028783035 97.77966545787427
92.86227902413127 93.54022056143907
87.88004401940069 71.00502183873002
66.08399028783035 97.77966545787427
87.88004401940069 71.00502183873002
60.156087596972355 61.19061671304118
0.3 
0.5 87.71257590782555
20.253256511124548 83.40591026407517
25.6897693796087 51.36595559770906
0.5 87.71257590782555
25.6897693796087 51.36595559770906
0.5 60.57183575882131
0.7686195041567863 
22.24302089882614 115.81485485769764
37.98862796216035 101.04705404993175
20.536460989826285 84.36765626745506
22.24302089882614 115.81485485769764
20.536460989826285 84.36765626745506
0.8864381822543592 88.65181458214217
0.5541649212514261 
60.53572371060536 60.264198978447425
88.32508713342312 70.10175847612045
107.78144839170677 64.57988033692743
60.53572371060536 60.264198978447425
107.78144839170677 64.57988033692743
80.57695626441016 44.01982558901385
0.3 
