101.40504115138036 67.49543711225262
116.9223702047705 78.45267856633153
117.97686696795341 52.05270174487518
0.5494734166007451
40.58774815007897 139.5
20.837959411392944 116.18831130397982
13.244287441745197 139.5
1.0
0.5 65.01652324375146
0.5 88.31943891611253
19.18899221123792 73.97900132238443
0.902092912776872
139.5 0.4999999999999982
127.65155078118656 0.4999999999999982
139.5 12.34844921881345
1.0
0.5000000000000036 63.50367112979178
31.33511784664554 52.075301007408626
0.5000000000000036 34.96048746977711
0.5997348725239604
50.129922625076134 35.8751969847036
33.346603009037665 52.071853075662304
56.411816097764074 65.84034015511529
0.3345
139.5 139.5
139.5 138.53976245454112
126.96356543207784 139.5
0.8748268746752935
68.43753028618102 94.85135858266761
81.53043447735942 115.05474565827018
88.86062575850684 94.3718885759299
0.3
106.99023389279569 21.12441941750059
73.01876242751155 23.582061282732834
89.06867769717635 39.657548131795416
0.38709979405693684
42.25884974262631 88.59242335219216
56.06990776449723 67.56577775210357
21.405037991844125 74.1486910132811
0.3
138.87650718875426 81.20985306823462
117.94695218070522 79.92699842714785
120.17924008921352 100.2890002772548
0.8135764247048074
139.5 114.12881225461445
115.15980113116275 139.4011889564377
139.5 137.53683329046567
1.0
0.5000000000000036 90.76078618043596
0.5000000000000036 119.8009464400205
19.76619331690325 114.88815002044845
0.7867700477364054
0.5000000000000036 0.5
0.5000000000000036 3.420816720654581
20.296646581080587 0.5
1.0
42.95962089740897 112.8844101655238
61.634727945821474 116.19356111852251
80.75786620496885 115.70138659861391
42.95962089740897 112.8844101655238
80.75786620496885 115.70138659861391
67.39892266665575 95.08747976138928
0.3 
68.20333069819537 93.85658130858027
89.23862965339944 93.36273869077299
99.95067674820264 67.83781286653112
68.20333069819537 93.85658130858027
99.95067674820264 67.83781286653112
78.16192629617302 59.82599960789809
0.3 
0.49999999999999645 33.51088920569568
30.54581588471834 27.991199574645034
26.686142278763576 0.5681130906300136
0.49999999999999645 33.51088920569568
26.686142278763576 0.5681130906300136
0.5000000000000036 4.431642295134185
0.7138430812670612 
0.5 139.5
12.192569812863667 139.5
19.883323495322234 115.89028175040309
0.5 139.5
19.883323495322234 115.89028175040309
0.5 120.83294586162005
0.9843077144204326 
20.207262416081733 73.35827887160141
55.74842674960075 66.60895589582651
32.47822806128012 52.71810525664268
20.207262416081733 73.35827887160141
32.47822806128012 52.71810525664268
1.2794333116826984 64.281264364512
0.3 
78.27825418126972 58.80331323712388
99.7023684463113 66.68104826837443
88.65203830326958 40.65558553674828
78.27825418126972 58.80331323712388
88.65203830326958 40.65558553674828
72.6398739837624 24.617909784666736
0.3 
72.26129222183327 22.634246491443292
107.45703613742373 20.08803550928604
97.03302277593022 0.5000000000000001
72.26129222183327 22.634246491443292
97.03302277593022 0.5000000000000001
65.88654733852908 0.5000000000000034
0.8145734892818071 
118.8880916219145 50.37181551366593
139.5 51.147496733935256
139.5 14.177375167567558
118.8880916219145 50.37181551366593
139.5 14.177375167567558
108.91192378330027 20.899809093261396
0.6375000825279362 
100.79540253217192 66.69665368357464
117.94780899328047 50.71289445122168
108.04866005602724 21.46842044527975
100.79540253217192 66.69665368357464
108.04866005602724 21.46842044527975
89.66406052775542 40.48039383080031
0.3754 
106.9492936856773 116.18868413365122
139.5 112.44312393526808
139.5 82.00235457896275
106.9492936856773 116.18868413365122
139.5 82.00235457896275
120.16047204221692 101.73688042678401
0.5424023163994334 
117.90440094785853 78.92251358314755
139.5 80.2461926800244
139.5 52.14820459246456
117.90440094785853 78.92251358314755
139.5 52.14820459246456
119.00465758635394 51.37691006108787
0.5901985278618526 
42.24440893568258 112.16818576957493
66.92895616585616 94.19266530418355
57.01441127742178 67.94931611244299
42.24440893568258 112.16818576957493
57.01441127742178 67.94931611244299
42.89118974976056 89.45121504903483
0.3 
20.650019734823374 114.39238978922266
41.65950944245144 89.39374675769578
20.154248677949674 74.49880888863696
20.650019734823374 114.39238978922266
20.154248677949674 74.49880888863696
0.7088055235916713 89.4196864236909
0.5029325890420563 
108.52249700889499 19.961529278203137
139.00060140958442 13.263264190770986
126.23733721881345 0.4999999999999983
108.52249700889499 19.961529278203137
126.23733721881345 0.4999999999999983
98.16580548998724 0.49999999999999994
0.7457528921304958 
51.03429099817127 34.75143546358899
77.10972965875985 57.86346621916468
71.40444875724805 23.272444933653567
51.03429099817127 34.75143546358899
71.40444875724805 23.272444933653567
65.13210013274332 1.4937364399746613
0.3 
32.44802670492382 51.54930314896971
49.494091469225886 35.09908620691891
31.071040923194754 28.91144545245762
32.44802670492382 51.54930314896971
31.071040923194754 28.91144545245762
1.4622258285602818 34.35085406404647
0.3945390093255103 
42.16758041675926 139.5
76.82193881354401 139.5
61.305087013845196 117.15072796758362
42.16758041675926 139.5
61.305087013845196 117.15072796758362
42.21454570326048 113.76796379882065
0.6250072773200228 
82.36363966010893 115.69733794600899
105.4632509330406 116.33217279863072
118.86201946881872 101.67516283577889
82.36363966010893 115.69733794600899
118.86201946881872 101.67516283577889
89.89387930417664 94.45002469313492
0.4392858836083226 
90.26092709774211 93.51093745276029
119.2220702401809 100.73433042116393
116.91279688838938 79.67009937714799
90.26092709774211 93.51093745276029
116.91279688838938 79.67009937714799
100.83425047355024 68.31656587329299
0.3876323823206925 
21.29434847495399 115.18000420429132
41.16914976145042 138.63925162289897
41.21564601330128 113.16419706713064
21.29434847495399 115.18000420429132
41.21564601330128 113.16419706713064
41.85478362866752 90.71567945708313
0.5686596375968074 
31.559826148340065 28.020715272983363
50.15400244372556 34.265831018255604
64.46720675252587 0.49999999999999994
31.559826148340065 28.020715272983363
64.46720675252587 0.49999999999999994
27.68641173825729 0.4999999999999965
0.5392649305826483 
79.16285737483838 139.5
113.67625799669224 139.5
138.67413924706318 113.54475308064731
79.16285737483838 139.5
138.67413924706318 113.54475308064731
105.88296640497524 117.31798339613155
0.5502075168398868 
57.61671612757975 66.7140370095687
67.47111687374127 92.79818739336937
77.26339681224367 59.33594071364377
57.61671612757975 66.7140370095687
77.26339681224367 59.33594071364377
51.23316515731165 36.26397930143375
0.40559999999999996 
77.87770232610849 139.26720649926776
104.33712517713691 117.30160163035372
81.66228616954817 116.67844057757564
77.87770232610849 139.26720649926776
81.66228616954817 116.67844057757564
62.53633416574259 117.17068751517048
0.6541389440483978 
