0.5 94.33134867170388
0.5 122.86763835589038
21.356803508809904 110.6741845324771
0.7485085463656436
63.83880898396728 24.172705404309422
87.11163404372229 0.5
58.49501423913975 0.5
0.7377949613977898
58.308559397215284 209.5
53.76820796613142 185.71700295869124
31.626885416812698 209.5
0.9322071639906515
41.198299105300734 120.00548695492034
58.15111988958009 105.63984702027817
28.436974651859327 90.1609136257456
0.3
139.5 38.02589067790118
139.5 16.02764126778981
108.7220540599425 33.29083864241972
0.5916432432853032
89.15989000674172 0.5
107.21917684884622 32.55811883413229
125.86978301384222 0.5
0.8989991511847695
98.006006095829 56.972711321069454
102.573961344858 83.36041316784173
114.68107265805446 65.94749880878699
0.30456457213386745
116.83159726111333 99.92989902598254
114.99376557096988 67.24949385904327
102.9267562188175 84.60473203133253
0.30108656464929096
116.5815427899033 101.14249804965995
102.44665836323213 85.56378962502575
90.98342314354193 112.9239331848381
0.3
139.5 209.5
139.5 200.75766021624727
127.33512709257498 209.5
0.7487404301160517
0.5 209.5
4.453664121963499 209.5
0.5 185.67576437440874
1.0
118.31509248744615 101.73977518978961
139.5 132.31355599583088
139.5 100.02048311963478
0.8884649463389007
97.35571018383516 54.761811656289936
106.53264527588487 33.86824006566164
86.14444169852416 27.19982094382445
0.3
139.5 39.90613299828882
116.42096533299302 65.4026830395549
139.5 68.47256602861064
0.958135466664236
0.5 156.78683125693033
0.5 178.48292844355785
20.06841606418176 160.7990125468578
0.8481113138272732
29.26871126992735 209.5
0.7477527973403726 181.06041418138108
5.467340525636487 209.5
0.7565458155812931
0.5 27.889778008960924
26.259318085071882 25.666913833049044
29.858196402628632 0.49999999999999994
0.5 27.889778008960924
29.858196402628632 0.49999999999999994
0.5 0.4999999999999965
0.6119320079892323 
31.113598500726976 208.58376573205385
53.59623669170182 184.43414610631822
55.9594690513086 163.7063742753669
31.113598500726976 208.58376573205385
55.9594690513086 163.7063742753669
34.106298019085216 176.7482354323405
0.46131707971114033 
33.06344133226036 142.85233336431753
52.07341179135116 138.408913965227
70.78574419082783 129.8777617184594
33.06344133226036 142.85233336431753
70.78574419082783 129.8777617184594
41.3070950771764 121.43151944177997
0.3 
30.07978529291244 208.8965623924387
33.11577745358178 176.600496640504
21.073933659001746 161.23816773283195
30.07978529291244 208.8965623924387
21.073933659001746 161.23816773283195
0.7260028117991801 179.62652868108665
0.508566968478776 
108.17769301440812 138.99598900072786
109.06655680830916 119.99861009355989
116.45493589838773 102.30159828797767
108.17769301440812 138.99598900072786
116.45493589838773 102.30159828797767
90.77888897574577 114.11889914936714
0.3 
0.5 155.44140301183396
31.644244944592067 143.25722271266272
21.950720054376834 111.48532091575065
0.5 155.44140301183396
21.950720054376834 111.48532091575065
0.5 124.02599448308453
0.7570269732198095 
0.49999999999999645 56.20945129388512
30.385506417290408 47.79993653364225
26.292732784768056 26.66774674501885
0.49999999999999645 56.20945129388512
26.292732784768056 26.66774674501885
0.49999999999999645 28.89349439551101
0.6199094328461154 
96.30331372045816 177.66411714823985
115.83653420517734 163.50214877936764
108.36455920815717 141.32615204077024
96.30331372045816 177.66411714823985
108.36455920815717 141.32615204077024
87.78292642428985 158.01682298139497
0.41159999999999997 
74.88955294802822 60.666219383058795
96.65331997282564 55.689062464063255
84.93111161569058 26.87096767913759
74.88955294802822 60.666219383058795
84.93111161569058 26.87096767913759
64.23985336211142 25.715884547975623
0.3 
40.59186003355481 70.32666897811909
62.318286811495355 77.48798514526459
53.863247798884494 47.53926300967583
40.59186003355481 70.32666897811909
53.863247798884494 47.53926300967583
31.69482004623695 48.62151780523814
0.3 
91.77522332443871 209.5
125.62158028078854 209.5
139.07959393938455 199.82833888909605
91.77522332443871 209.5
139.07959393938455 199.82833888909605
118.65899304809241 188.0316852101491
0.9857644148173847 
21.416856298912116 160.05468500844992
33.06783959896978 174.918375370705
31.78728529371564 144.27506505705264
21.416856298912116 160.05468500844992
31.78728529371564 144.27506505705264
1.7564787491407614 156.02364853112937
0.6284189646031876 
116.78518134669882 163.18579724344272
139.5 162.85505335428454
139.5 134.5285510565892
116.78518134669882 163.18579724344272
139.5 134.5285510565892
109.26223104206794 140.8585114205302
0.5509111377969647 
76.99849107157296 187.6543248699539
95.44717896434666 178.2033560269146
86.86888330865557 158.42253006923488
76.99849107157296 187.6543248699539
86.86888330865557 158.42253006923488
57.494516755213155 163.1180058636357
0.3 
27.624005710652824 87.91468510686569
39.65059405335931 70.66695445236088
30.884246217673407 49.28063885988916
27.624005710652824 87.91468510686569
30.884246217673407 49.28063885988916
21.375866022436586 65.49157374930094
0.45533547140648856 
117.88052036249027 100.77175574383297
139.5 99.01719533899674
139.5 69.48137387980019
117.88052036249027 100.77175574383297
139.5 69.48137387980019
115.944656275623 66.34813412154458
0.737077731989893 
64.68426577720818 24.739136748380268
85.36822496355576 25.89381241135788
106.1454086452779 32.689456197991824
64.68426577720818 24.739136748380268
106.1454086452779 32.689456197991824
88.19493582549995 0.8244996348320477
0.44511300896841777 
28.16269548531083 88.89048518993708
58.64971316580344 104.77202956211774
62.499151169612574 78.60052246359005
28.16269548531083 88.89048518993708
62.499151169612574 78.60052246359005
40.413725344271135 71.32087548630176
0.3 
0.6930609421897245 93.21219811412578
21.939418126246398 109.86027786190354
26.910802462749942 89.08065093451813
0.6930609421897245 93.21219811412578
26.910802462749942 89.08065093451813
20.628748215751784 66.53582816105083
0.6655784120699758 
97.9814446981687 55.82385275711139
115.30363250392283 65.14693124671398
139.0060783848055 38.9616680317729
97.9814446981687 55.82385275711139
139.0060783848055 38.9616680317729
107.51559368415707 34.11699503213528
0.3 
59.97505311865946 209.5
89.9306087782069 209.5
95.41922963209815 179.34125533622404
59.97505311865946 209.5
95.41922963209815 179.34125533622404
77.18165111887758 188.68407620796984
0.8677071332724675 
34.09675330900497 175.58938705179446
56.01680188762281 162.50761371579154
51.83756101537436 139.49099636672787
34.09675330900497 175.58938705179446
51.83756101537436 139.49099636672787
32.77444181796836 143.94683883272296
0.3 
119.08779709765358 187.12453101130615
139.5 198.91633330670567
139.5 163.8551593558055
119.08779709765358 187.12453101130615
139.5 163.8551593558055
116.97523210272041 164.1831359710029
0.8554662278591464 
109.13823032185852 139.8627930906593
139.1596310764952 133.57812714486082
117.51948529448141 102.34735243612056
109.13823032185852 139.8627930906593
117.51948529448141 102.34735243612056
110.05723074554619 120.22131440243342
0.39902809341989987 
91.07870770875397 208.77648376082658
118.09102380859755 187.20551692115134
116.01042408355185 164.61124866076594
91.07870770875397 208.77648376082658
116.01042408355185 164.61124866076594
96.548431254544 178.7215755807556
0.5339151335187473 
63.24370906757801 77.08536948204795
73.99920241009957 61.17504207092091
63.474514132639655 26.63497111732016
63.24370906757801 77.08536948204795
63.474514132639655 26.63497111732016
54.76543948455281 47.05436199007555
0.3 
0.5 91.80003749633829
20.420104518755725 65.14451916108806
29.904747465912266 48.97405414931917
0.5 91.80003749633829
29.904747465912266 48.97405414931917
0.5 57.248287631698375
0.9057454357964215 
87.32960995156141 157.09694635924498
107.93197129350152 140.38946559864632
89.93870559512992 114.66240490509931
87.32960995156141 157.09694635924498
89.93870559512992 114.66240490509931
72.85239993501523 129.88246778733676
0.3 
108.56590493215128 32.23186042395838
139.5 14.88107977726132
139.5 0.5
108.56590493215128 32.23186042395838
139.5 0.5
127.02670217081399 0.5
0.8191461094801713 
31.372351839560515 47.636069619224706
53.89923442750627 46.53631518549127
62.787522654333245 25.696738212390073
31.372351839560515 47.636069619224706
62.787522654333245 25.696738212390073
27.301189375773667 26.615464628656998
0.4204 
32.31227146438515 142.01997765318453
40.46528139032581 120.83469817199797
27.56175688261741 90.6575653218685
32.31227146438515 142.01997765318453
27.56175688261741 90.6575653218685
22.76229587055622 110.7185790219892
0.3834271128149041 
59.204856912663296 208.86219234833774
76.21832435462402 188.27991096386236
56.930676522247644 164.01573421606224
59.204856912663296 208.86219234833774
56.930676522247644 164.01573421606224
54.57977413111378 184.6353606197767
0.32762070436449464 
27.27680579578638 25.615760830258047
62.93102610119643 24.69268788865966
57.4698523065385 0.5
27.27680579578638 25.615760830258047
57.4698523065385 0.5
30.86836921435139 0.5
0.8026333104343695 
