66.63469560542782 28.340419155492583
91.19645953187496 0.5000000000000036
60.49191247515905 0.5000000000000036
0.7866255774607672
0.5 0.5
0.5 2.4400470650348334
17.594907724660906 0.5
1.0
0.5000000000000009 209.5
6.423068611058906 209.5
0.5000000000000009 182.2611961031657
0.9567780813495792
0.5 148.1386384910512
0.5 176.88869606425553
27.160856856837523 166.95012363077097
0.6036510224511605
79.96215193629469 138.10294564024667
89.11789505946368 154.6602016040167
106.78550342530797 142.81015044935606
0.3362
60.70136844399531 209.5
38.57885728481274 187.4951821954652
32.14537595253263 209.5
0.684908444253323
61.72657038197303 209.10929106975627
69.30912318246145 189.8640668463171
39.670797212933124 187.17085620444396
0.7366443865751238
110.07733833860011 101.95305140987445
98.75428658635403 123.85759907855955
119.18728372326025 119.5253464306975
0.3079922046301029
67.50201162482671 29.764935924796756
90.8509802487942 50.755899852887424
101.2333774027838 25.383821010506853
0.3
30.8076645366004 29.633343704865098
47.43735187123961 20.60340274902087
27.11292338775665 1.3320359707980955
0.4650515541093996
29.656603213932144 30.87243634983334
1.275705351124941 29.019151988695707
21.359809674055946 49.44728983761223
0.7590848697206212
0.49999999999999645 146.35575364534438
30.592736019065175 130.9303552962557
0.49999999999999645 118.48694122169536
0.7870375998638203
139.5 38.876657286907005
139.5 15.816082258591926
103.65773244593566 24.879294105101557
0.7744695174709691
91.73091935582258 51.24598731360029
114.07497799184308 56.33622505782848
138.92517442839227 39.72572324819231
91.73091935582258 51.24598731360029
138.92517442839227 39.72572324819231
102.29826586191587 25.421936785507533
0.4811000230605739 
28.255794652160446 166.49882811144943
50.67220437337896 154.1437230258369
31.657141681286397 131.5084691393261
28.255794652160446 166.49882811144943
31.657141681286397 131.5084691393261
0.9635645794965306 147.24185586938665
0.3691176502518446 
121.23633090680167 209.5
139.5 209.5
139.5 197.9782531499068
121.23633090680167 209.5
139.5 197.9782531499068
117.83481818323695 174.5324959699051
0.8055811558394925 
103.45681062058335 23.898625239896248
139.5 14.784607537841678
139.5 0.4999999999999983
103.45681062058335 23.898625239896248
139.5 0.4999999999999983
123.96575785106826 0.49999999999999994
0.9569112529764039 
0.5 117.40482102903641
31.05682540103276 130.04013710758105
25.0163011464515 105.98334187164812
0.5 117.40482102903641
25.0163011464515 105.98334187164812
0.49999999999999645 87.31358429692534
0.6677511077813343 
62.647450200199344 209.5
89.96186000533108 209.5
95.02479762577437 190.1580530477971
62.647450200199344 209.5
95.02479762577437 190.1580530477971
70.3580943528078 189.92966801173594
0.9539270771046418 
39.795050391563976 186.1780268729418
70.04390945901177 188.92671616223322
94.15267082633099 189.14993530397803
39.795050391563976 186.1780268729418
94.15267082633099 189.14993530397803
66.5290362905921 168.42404239396006
0.428964575355963 
48.568211587150884 20.297606056254615
65.6487311090458 28.51304142346373
59.46786014864488 0.49999999999999645
48.568211587150884 20.297606056254615
59.46786014864488 0.49999999999999645
27.688788084651197 0.49999999999999645
0.549857245644366 
1.7279004555350213 177.49818436701185
38.032628163981464 185.96349251368346
50.45182367339062 155.4070211574021
1.7279004555350213 177.49818436701185
50.45182367339062 155.4070211574021
28.432283067599563 167.54338650336317
0.3 
0.5 57.52465860653956
28.24983305875175 68.06759585299451
21.091899582923073 50.601168020341206
0.5 57.52465860653956
21.091899582923073 50.601168020341206
0.5 29.65653656019101
0.7511121465624563 
67.6139526905757 28.74199727715609
101.77025956904193 24.30568994031827
122.63599991770171 0.4999999999999965
67.6139526905757 28.74199727715609
122.63599991770171 0.4999999999999965
92.53000248345454 0.49999999999999994
0.898358818477816 
119.12671615846233 77.14639971694609
139.5 67.72383973799892
139.5 40.54432212112182
119.12671615846233 77.14639971694609
139.5 40.54432212112182
114.7352325031342 57.097721059928396
0.8430747249728388 
79.31118038454564 136.62374354577312
97.4391228326038 124.22410726707601
109.15376941717105 101.5620157966779
79.31118038454564 136.62374354577312
109.15376941717105 101.5620157966779
71.58265698959318 109.15264128215794
0.3247 
67.15601796496925 167.64428660457975
94.92965093639242 188.48272268883647
88.46843402150911 155.55218948777076
67.15601796496925 167.64428660457975
88.46843402150911 155.55218948777076
79.08529040462966 138.58370222032602
0.3599 
71.56552563169379 63.903166142504624
98.7161411720095 75.26916702366452
113.28243195075466 57.181294673787384
71.56552563169379 63.903166142504624
113.28243195075466 57.181294673787384
91.13001432456718 52.13471499175303
0.3 
80.31394569929027 137.14940015367017
107.82307493748031 141.9769514571476
118.9987083845148 120.58755828792683
80.31394569929027 137.14940015367017
118.9987083845148 120.58755828792683
98.02598391113428 125.03424520927786
0.3 
39.40840866018724 185.23436739862183
66.14229841562575 167.48044676839817
77.97572710994665 138.65334479166174
39.40840866018724 185.23436739862183
77.97572710994665 138.65334479166174
51.8476093154273 154.62867492611787
0.3 
42.69698294795232 51.838097184138846
65.49866837931756 29.550523431026892
48.29476374048528 21.275741950125198
42.69698294795232 51.838097184138846
48.29476374048528 21.275741950125198
31.08559740952706 30.620340723438602
0.3 
26.094772410656788 104.36082828237949
52.138844163225265 78.64448432610214
42.41800349592783 53.63306319912586
26.094772410656788 104.36082828237949
42.41800349592783 53.63306319912586
29.63178989649772 69.14519869964829
0.34450000000000003 
29.295199610159877 67.98134023186674
41.97383254159363 52.59972076615154
30.45152763397001 31.544743426294353
29.295199610159877 67.98134023186674
30.45152763397001 31.544743426294353
22.061136159986972 50.3291438799508
0.41118377171940823 
120.30249969616835 119.50378266535586
139.5 129.10397176664472
139.5 100.0019770812353
120.30249969616835 119.50378266535586
139.5 100.0019770812353
110.88007656491766 101.32874515611161
0.885420944255818 
96.00610250071765 188.77519191892878
116.61602621158121 172.9147574710506
107.81134330262145 143.326201787687
96.00610250071765 188.77519191892878
107.81134330262145 143.326201787687
89.49863494837686 155.6089356068102
0.3303 
43.47029606415495 52.48058128050752
70.41873991563357 63.42600818858871
90.20786524966579 51.52243337681807
43.47029606415495 52.48058128050752
90.20786524966579 51.52243337681807
66.37279926714771 30.094462903247667
0.3 
0.5 27.966368304686284
29.831606306080523 29.881734320126654
26.00263682267224 0.5522524190193105
0.5 27.966368304686284
26.00263682267224 0.5522524190193105
0.5 3.446466094539805
0.5789308403816815 
110.03725907507847 99.5555977363398
118.25134115623585 77.82359443752146
113.90871314703571 57.99795911316262
110.03725907507847 99.5555977363398
113.90871314703571 57.99795911316262
99.4513983404278 75.95050919718886
0.3 
90.99555145626576 209.5
120.23161069850234 209.5
116.78297843724162 174.0481077702473
90.99555145626576 209.5
116.78297843724162 174.0481077702473
96.11137658471618 189.95600683451218
0.8184648996683543 
0.5000000000000036 86.05663594211859
25.050414887911945 104.75237195784797
28.613664593269572 69.27556636189932
0.5000000000000036 86.05663594211859
28.613664593269572 69.27556636189932
0.5 58.59439934560825
0.7357567170650989 
71.20039951965103 108.20966545367003
108.3920896679095 100.69569600089896
79.32303620761068 88.39831894894262
71.20039951965103 108.20966545367003
79.32303620761068 88.39831894894262
53.86799809649008 79.68939086021713
0.3 
32.24057488284915 130.6483035166544
50.908500961240975 152.87033103038618
49.94219906117405 116.53136387223871
32.24057488284915 130.6483035166544
49.94219906117405 116.53136387223871
26.187258880148637 106.54056428112058
0.3799 
117.6393413792612 172.84747936919842
139.5 196.50477881637798
139.5 168.58642685786813
117.6393413792612 172.84747936919842
139.5 168.58642685786813
109.03608077534484 143.93581292196887
0.7708754758282464 
79.8937123692487 87.55393726816385
109.09994738448157 99.90934762718683
98.49443792701494 76.26044499928324
79.8937123692487 87.55393726816385
98.49443792701494 76.26044499928324
71.33995748982463 64.89282616507113
0.3317 
26.342890734166417 105.5211759698165
50.44710972948203 115.65887446315892
70.21088484379393 108.50695170949791
26.342890734166417 105.5211759698165
70.21088484379393 108.50695170949791
52.62508238465632 79.56970851764504
0.3 
108.72956798196475 142.401414913319
139.5 167.30005105805836
139.5 130.22203927831683
108.72956798196475 142.401414913319
139.5 130.22203927831683
120.14913224371386 120.54515495513745
0.6900787512089925 
110.81331488035953 100.33076614294045
139.5 99.00090311667834
139.5 68.82561214888094
110.81331488035953 100.33076614294045
139.5 68.82561214888094
119.16694226868097 78.22956771730684
0.6520799490127172 
7.446437730230226 209.5
31.103512991353366 209.5
37.70681166621819 186.91434586585973
7.446437730230226 209.5
37.70681166621819 186.91434586585973
0.6566188569046929 178.27521485396494
0.866815503856204 
