139.5 75.83285801831595
110.50051048305876 91.28050350111081
139.5 104.22916358996012
0.8961465034504198
138.62925236471625 75.16366456670258
109.57191515011586 67.6888982810792
109.85260380270685 90.49260561268922
0.4725269379824207
30.47390226363179 61.28515718437471
45.73047561088375 87.25690048839252
56.60766852872594 71.4278737000956
0.3764
30.325349307116838 60.15482952299115
56.51663808453011 70.31987096998321
47.70397361649584 46.84940042464044
0.3647
29.560386615402653 59.48106632639887
46.901554970261586 46.20431427050593
21.85705237417572 37.2551886516112
0.3
0.5 61.56347708017081
20.267644753798447 36.60699190602161
0.5 26.805988500212923
0.8205882517585825
28.633217651531325 59.859583553158686
20.869071576475676 37.458249856662526
1.1170971808794192 62.39495133543389
0.6827329542222399
0.5000000000000036 116.5584770705954
0.5000000000000036 149.49908946427033
24.030967375760333 149.4562768381354
0.9765073758874261
43.76941450544814 145.38321360112988
25.773462255461162 150.26338512609027
41.69921296376236 176.57721321787193
0.3
45.89312852232723 89.0225875379511
34.18486610670544 117.31617752462066
60.2103824567444 101.52702254675724
0.3
0.5000000000000036 279.5
20.282971084971056 279.5
0.5000000000000036 266.91083658229115
1.0
139.5 163.9686640248721
117.91738453592866 179.30476562389214
139.5 194.0527508285282
0.9872241752566332
61.197934165459024 0.5000000000000036
34.152959463866644 0.5000000000000036
51.900988709870106 19.45901411971378
0.8658641848591873
108.26903229386623 92.08518527868227
89.68377009380286 96.36776414456523
92.56253110034581 116.24748712255854
0.3574
89.42830133676802 0.5000000000000036
118.39279975854683 23.6111723721639
117.5185562649448 0.5000000000000036
0.7732059116274006
0.5 183.07596455373528
19.861922673637665 170.42327618266788
0.5 151.20095709129362
0.9036862666168738
26.05297607076942 195.8231567907314
41.23476346397797 178.41695000848944
21.310114312703664 171.2707726527318
0.5186581868039211
105.66630367326572 231.65551448513878
101.18922157765002 254.4213154476668
118.3675252319763 245.99540230807054
0.3
139.5 134.44108699498864
120.17734005265157 158.93462284745468
139.5 162.40228188887687
1.0
78.06884488725318 64.55986296331882
107.57334504249509 66.44565035707606
79.14597511093915 42.634599752247226
0.3
139.5 42.8631121239124
139.5 9.995548309547337
119.71718222578055 24.722479463943024
0.9112798730412898
54.12010430798101 252.182089334714
76.97771512831162 253.10356856659743
58.6896057125233 220.859593595441
54.12010430798101 252.182089334714
58.6896057125233 220.859593595441
31.97299129169944 224.5002975187706
0.3 
139.5 131.64445265599065
139.5 105.32432302982038
110.56706013682209 92.40537825182538
139.5 131.64445265599065
110.56706013682209 92.40537825182538
120.12728765149767 108.95668182279688
0.9076054345802844 
44.47750876224451 143.82503991722243
65.00591889297806 122.41502188958226
60.71250830818428 102.39203406846372
44.47750876224451 143.82503991722243
60.71250830818428 102.39203406846372
33.76933144139123 118.73791514240995
0.3 
99.98948585790271 196.55168438034926
119.3940661817071 206.42209101692427
116.57299124950762 179.6249621745332
99.98948585790271 196.55168438034926
116.57299124950762 179.6249621745332
91.26877963558103 165.7060336809117
0.3 
20.926119757270556 170.07067578352533
40.93593963830021 177.2474004847208
24.720560033170614 150.45502383713497
20.926119757270556 170.07067578352533
24.720560033170614 150.45502383713497
1.2110917744953227 150.49779734742532
0.3379765471255176 
119.39739975544938 23.7138690508667
139.5 8.748882100845845
139.5 0.5
119.39739975544938 23.7138690508667
139.5 0.5
118.51927147825765 0.5
0.9526352616872542 
31.281794113746987 222.78802519037237
45.41258998140754 200.34265991455123
41.779228982425764 179.31405993240787
31.281794113746987 222.78802519037237
41.779228982425764 179.31405993240787
26.2937239543663 197.06848473527586
0.3 
77.88294618501232 40.31707811627142
73.35562882932223 20.85146603858758
62.034040168311655 1.066214357167258
77.88294618501232 40.31707811627142
62.034040168311655 1.066214357167258
52.65672220156582 20.189130005736896
0.5232434543691259 
0.5 265.7255270540725
21.58587551737672 279.1438114742213
24.131295374820915 254.52997242302447
0.5 265.7255270540725
24.131295374820915 254.52997242302447
0.5 244.7481115044007
0.8667294416489413 
74.18800483688821 20.292646464397066
100.48054012583326 34.206976401744605
87.6552756848976 0.5
74.18800483688821 20.292646464397066
87.6552756848976 0.5
62.8621847062735 0.5
0.7709805917885268 
48.48038292626097 45.798319160169925
77.08824365942716 64.1404470828359
78.18397369294314 41.83657995068677
48.48038292626097 45.798319160169925
78.18397369294314 41.83657995068677
52.38980689437109 21.255471528878576
0.3 
92.96430721480661 117.46422864511675
116.7869089887252 131.24039791511558
119.20229682155079 109.35459698228237
92.96430721480661 117.46422864511675
119.20229682155079 109.35459698228237
109.33759491807638 92.27616704001274
0.3918880782669231 
106.73122814576256 279.5
139.5 279.5
139.5 251.39702284905107
106.73122814576256 279.5
139.5 251.39702284905107
119.48575894648229 246.740432837037
0.5072195737084544 
84.5612008638676 137.85585239127158
115.79122329957019 131.81977774939944
92.16743351189865 118.15857776787028
84.5612008638676 137.85585239127158
92.16743351189865 118.15857776787028
66.68501728827408 122.86834921132788
0.4262 
119.44561889762251 245.70438416966593
139.5 250.3703133192522
139.5 221.65687621172972
119.44561889762251 245.70438416966593
139.5 221.65687621172972
106.27640377441374 230.83612392320492
0.8417679786001943 
120.05680217110893 47.73454623081399
139.5 73.50702272943084
139.5 44.21989855398962
120.05680217110893 47.73454623081399
139.5 44.21989855398962
119.46536986114813 25.848356644480084
0.7337973501728053 
80.09866253579017 279.5
105.65810944033167 279.5
118.24581503062488 247.16891756696012
80.09866253579017 279.5
118.24581503062488 247.16891756696012
100.81478488740386 255.71879239022155
0.8564841604849016 
0.5000000000000036 243.08597452909203
30.47609941039602 223.88597958341006
25.399879633020106 197.71192112963104
0.5000000000000036 243.08597452909203
25.399879633020106 197.71192112963104
0.5 212.28668929739155
0.5898072551245565 
0.5 114.5505038442292
32.17751027489174 117.9299280163976
19.895146891427782 98.0476005880613
0.5 114.5505038442292
19.895146891427782 98.0476005880613
0.5 91.69007117316794
0.9044821937518598 
79.44527355966068 278.7276285011761
100.0392195364928 255.08667405675254
104.60680018570204 231.8606912135918
79.44527355966068 278.7276285011761
104.60680018570204 231.8606912135918
78.3666692444952 253.86408618833644
0.38751649978494673 
25.206596272468218 149.3809912637074
43.629277467647015 144.38509869113182
32.79452201170246 119.00142657930296
25.206596272468218 149.3809912637074
32.79452201170246 119.00142657930296
1.0549026791489204 115.61537648076119
0.48880018697696453 
109.47970349250906 66.6326208323614
138.7395753587354 74.15948752809679
119.21013213549413 48.27269046253595
109.47970349250906 66.6326208323614
119.21013213549413 48.27269046253595
102.21385129116688 36.43226822706271
0.4401460479173508 
90.84223851744889 164.11174261127573
118.7359210697697 158.8707965977263
116.74379969917882 132.65417266720027
90.84223851744889 164.11174261127573
116.74379969917882 132.65417266720027
85.02556972497949 138.78460706014715
0.3327 
32.025357072060764 223.4839193685995
58.65516128790444 219.8550451722285
69.42414320196433 202.2927954788603
32.025357072060764 223.4839193685995
69.42414320196433 202.2927954788603
46.203911978732236 200.96269360439098
0.3 
79.14508349166569 41.32940262216291
108.22333657031541 65.6856394890552
100.98656799451804 35.60617232460429
79.14508349166569 41.32940262216291
100.98656799451804 35.60617232460429
74.5614563124947 21.621681345161626
0.39 
0.5 211.12797581816056
25.198307245621763 196.6711950004857
20.302996832056692 171.32962953229543
0.5 211.12797581816056
20.302996832056692 171.32962953229543
0.49999999999999645 184.27055239169727
0.8297858710124368 
105.76963909407004 229.93867099212622
138.83021381204824 220.80446400383082
119.73191648023513 207.71587851538004
105.76963909407004 229.93867099212622
119.73191648023513 207.71587851538004
100.22994494461894 197.7959324995775
0.518623469630209 
0.5 25.68982187719309
20.747960381198485 35.72897075549699
32.30966794525087 0.5
0.5 25.68982187719309
32.30966794525087 0.5
0.5 0.5
0.8259055625368784 
89.43776164777698 95.3982462190447
108.8578294778648 90.92330412956136
108.56965422226546 67.51137020120933
89.43776164777698 95.3982462190447
108.56965422226546 67.51137020120933
78.28414007678039 65.57566410591846
0.39949999999999997 
101.83234246828191 34.947754617354136
119.03474362918956 46.931770124907004
118.44014121067472 24.92826940143226
101.83234246828191 34.947754617354136
118.44014121067472 24.92826940143226
89.11768796382614 1.5314799423377359
0.39421103168197613 
1.0763117828800404 243.90438182615748
24.753683450702283 253.70531541441852
52.87329962718619 252.22440871296118
1.0763117828800404 243.90438182615748
52.87329962718619 252.22440871296118
30.92229173381356 224.78772971070205
0.5463200718147387 
83.34798662172027 217.6453048402554
104.69965052447364 229.6181219656229
99.15974445953557 197.47415388459942
83.34798662172027 217.6453048402554
99.15974445953557 197.47415388459942
71.20086160865868 202.19429320598533
0.3 
22.55437360007199 279.5
47.5960268569949 279.5
53.24604309624068 253.20616416569277
22.55437360007199 279.5
53.24604309624068 253.20616416569277
25.120349092620263 254.6873909531314
0.5603011881365583 
120.46075513914765 207.0030706388649
139.5 220.05118585391665
139.5 195.26392210996772
120.46075513914765 207.0030706388649
139.5 195.26392210996772
117.65331881320779 180.33549365098082
0.6796539676019039 
0.5 90.63771852857973
19.8665884917035 96.98588679414507
28.663169988037506 60.86105973603416
0.5 90.63771852857973
28.663169988037506 60.86105973603416
0.5 63.45604742372685
0.8432620081442447 
20.759782073123397 97.54450692747508
33.050942745247525 117.44107514711209
45.14030161182728 88.22654690794893
20.759782073123397 97.54450692747508
45.14030161182728 88.22654690794893
29.508534414899266 61.61609934634713
0.3 
48.618853021119875 279.5
78.47783926462418 279.5
77.37685097634775 254.12047156069224
48.618853021119875 279.5
77.37685097634775 254.12047156069224
54.27254735570551 253.18904718213844
0.7638724218365932 
117.00899852182448 178.72349202691672
138.74009393581008 163.2818840493443
119.27049086772504 159.7878544853033
117.00899852182448 178.72349202691672
119.27049086772504 159.7878544853033
91.92514358683152 164.9257737454119
0.3995896084581664 
21.669997818230893 36.12642399001969
47.536138858724655 45.36914480507011
51.498723963210544 20.492558576834636
21.669997818230893 36.12642399001969
51.498723963210544 20.492558576834636
33.21185488593824 0.9579384657350367
0.5360032187268243 
119.66985008298559 157.96335344928093
139.35324001851538 133.01255379759394
120.08747301116253 110.45002879203795
119.66985008298559 157.96335344928093
120.08747301116253 110.45002879203795
117.70193827837592 132.06533113420932
0.5206955431662825 
77.99519286131837 252.87053640463353
104.49467096014682 230.6496685080688
82.9082490261109 218.54521222848558
77.99519286131837 252.87053640463353
82.9082490261109 218.54521222848558
59.773246924864694 220.74321502096217
0.3251 
