0.5000000000000036 0.49999999999999956
0.5000000000000036 3.426300649368812
21.715679707923893 0.49999999999999956
1.0
0.5 59.13683907182174
29.362624765128686 42.583321396427614
0.5 34.65584808191928
0.7694241088205094
0.8556692416867229 60.0856469308594
22.007856155546975 78.64689529669093
29.916801426166693 43.41827973201867
0.6700976655471401
0.5000000000000036 207.78140692855422
0.5000000000000036 237.06103782336163
26.3156379015474 219.69458016404167
0.9312883007032329
53.332200720526025 279.5
47.62357119895831 260.0455252136632
18.641970013592026 279.5
0.8371251800975952
21.771437417134617 257.6560221011997
17.715520509384163 278.91748771419066
46.442359520659 259.63402709165644
0.8787966921931918
0.5 114.20695910448293
19.06037453590719 105.33883737882404
0.5 95.81841285437798
0.7268116104578057
112.0146545885553 80.29603003953844
83.42729450789497 81.57460057809764
82.68661400853631 100.44401297855163
0.3
78.47455517822279 178.78878292972652
109.49216052285861 175.9422949145333
89.86888085915686 156.1503437020409
0.3684
110.34822742292431 175.3854156315388
116.45688300760024 154.06994406005444
90.8628956038791 155.7325979919303
0.3
0.5 33.28630014403317
33.362886005777426 21.343514948808
0.5 4.811238915566577
0.709250814244447
118.19819721574135 222.74665909566363
118.07706713143102 195.889303479368
94.12066138875299 206.49742294052513
0.4810708981137526
139.5 191.1673311103019
139.5 158.90119911463384
111.59344268480626 176.30905677693337
0.8099531620343304
139.5 279.5
139.5 276.5710915316807
117.5331864876052 279.5
0.8381649395120049
22.710196497322492 80.82443509530283
20.73269231286007 104.81948989610531
41.879409025449604 103.49214668255159
0.33095501545977013
120.26976573927288 32.858826895235005
139.5 34.456730204024815
139.5 8.44292192595385
0.7468268981376635
44.172836662090305 67.18578715039875
72.21781051535389 62.9623141414742
56.63001468718382 49.38600346453592
44.172836662090305 67.18578715039875
56.63001468718382 49.38600346453592
31.611761975869392 43.172540192859785
0.3 
27.379588513949795 219.0842200595312
52.740064337294214 212.48221061506368
36.77576804677729 199.99588021489416
27.379588513949795 219.0842200595312
36.77576804677729 199.99588021489416
1.5935686753127385 207.18471470688655
0.522737555857139 
111.43284066742898 175.23063157281857
139.5 157.7225918268888
139.5 135.08439841787197
111.43284066742898 175.23063157281857
139.5 135.08439841787197
117.57236848959172 153.8074347758117
0.9075564776268967 
87.47196843451121 225.22076300981368
117.21005198494342 223.2862091220753
92.90727552462072 206.8849645442692
87.47196843451121 225.22076300981368
92.90727552462072 206.8849645442692
74.21255117307481 204.21622479081097
0.3922 
34.546187431904585 20.81938684368974
57.67336956976517 0.5000000000000034
29.034320292076117 0.5
34.546187431904585 20.81938684368974
29.034320292076117 0.5
1.6605923788006969 4.275686608727645
0.690504963647764 
23.999122725637427 178.6038149287013
57.194187085888046 174.76742157991328
65.82563045639559 154.7524107998284
23.999122725637427 178.6038149287013
65.82563045639559 154.7524107998284
38.17637988192422 147.32869442985677
0.324 
1.2976370690286743 206.2245206465113
36.63300126906882 199.00438974263176
56.33479964177648 175.8733982145845
1.2976370690286743 206.2245206465113
56.33479964177648 175.8733982145845
23.435013328123127 179.67566592584657
0.3 
0.5 269.11479035814193
21.02823444148752 256.74056223637825
33.20823335298016 241.30627242500475
0.5 269.11479035814193
33.20823335298016 241.30627242500475
0.4999999999999929 238.54400571772854
0.7277903511010662 
54.86467748894047 238.38305913659687
85.85874623140758 225.74898198040043
53.81370688142547 213.23604234497188
54.86467748894047 238.38305913659687
53.81370688142547 213.23604234497188
28.502392935492427 219.8252536392296
0.3401 
119.20013380065564 223.17378993914718
139.5 222.51594080970108
139.5 192.5781499755834
119.20013380065564 223.17378993914718
139.5 192.5781499755834
119.07556833096635 195.5547295215436
0.6504198328479749 
0.5 279.5
16.586365468448665 279.5
20.663340580473953 258.1281454672545
0.5 279.5
20.663340580473953 258.1281454672545
0.5 270.2824189753235
1.0 
30.779998897787628 41.93558663886383
55.541748101236806 48.0853454167223
34.45829680545447 22.009416079275077
30.779998897787628 41.93558663886383
34.45829680545447 22.009416079275077
1.6463752355966434 33.93368015889655
0.3 
73.79735617956982 203.14681628779414
92.82902320097236 205.86365583030374
109.67381127166442 176.92982685629931
73.79735617956982 203.14681628779414
109.67381127166442 176.92982685629931
78.0465473640501 179.83226328445338
0.3 
22.8535125596963 79.44525594176949
42.43957726138302 102.60589778532909
43.39157065430418 67.84969441054082
22.8535125596963 79.44525594176949
43.39157065430418 67.84969441054082
30.842612279025893 43.85961043659583
0.3 
97.55848412750726 256.8518082829107
115.83980639759478 249.2113672775033
118.15065944050731 224.22713342892038
97.55848412750726 256.8518082829107
118.15065944050731 224.22713342892038
87.876675608477 226.1965492798195
0.3 
57.429405959479304 48.75612960449814
73.33845459333551 62.61223788360614
91.43438995162256 44.53218748944807
57.429405959479304 48.75612960449814
91.43438995162256 44.53218748944807
63.1282512318193 26.870532997469745
0.3962 
1.4585860429900066 237.62140025090028
34.17425558736517 240.38429495736239
53.40455222522806 238.57812645040826
1.4585860429900066 237.62140025090028
53.40455222522806 238.57812645040826
27.32604151024557 220.22008435703611
0.30692445339734564 
79.69313342638762 131.587102736515
109.8933376748606 127.50850885750286
82.09491288299378 102.0502095953097
79.69313342638762 131.587102736515
82.09491288299378 102.0502095953097
65.59574888222063 112.70875208946742
0.3 
110.59930692331982 126.79905314194903
112.0844021220802 107.60476818045868
113.19754252602849 80.69664133149809
110.59930692331982 126.79905314194903
113.19754252602849 80.69664133149809
82.94937075836961 101.47674244491301
0.3 
54.37436398583259 279.5
80.4252056148794 279.5
76.4132921032351 250.81401982861124
54.37436398583259 279.5
76.4132921032351 250.81401982861124
48.52915461349191 259.58007387317156
0.606096930545265 
67.36387172816414 153.9515053262232
89.49701563170994 154.79541095386259
109.87478402206303 128.52009285817016
67.36387172816414 153.9515053262232
109.87478402206303 128.52009285817016
79.77792886801384 132.5847292493305
0.366 
95.21439771504771 64.20855235271617
116.79070726028029 53.9503948915884
118.72344467186925 34.05927996734018
95.21439771504771 64.20855235271617
118.72344467186925 34.05927996734018
92.77656708380346 44.757806174422335
0.3 
22.33565930612097 256.6980499953634
47.56296410365343 258.72066327977575
54.07891979192125 239.51918886469937
22.33565930612097 256.6980499953634
54.07891979192125 239.51918886469937
34.43650247394299 241.36406501134863
0.3 
38.18888408020929 146.29663388928824
65.50893316987202 153.63196093944055
55.01251252689616 134.58258260805673
38.18888408020929 146.29663388928824
55.01251252689616 134.58258260805673
25.48904003291047 129.84052906545006
0.3 
92.27977552623179 43.8809747778706
117.89830447515321 33.31783466913584
94.28800383819453 25.037473853111045
92.27977552623179 43.8809747778706
94.28800383819453 25.037473853111045
64.43490973356653 26.507132168193117
0.3 
0.5 182.58377564091703
19.89417752650897 158.540839817351
23.682221199042864 130.16050350385936
0.5 182.58377564091703
23.682221199042864 130.16050350385936
0.5 145.27093148023098
0.903497863970258 
110.63266429632701 279.4112198954757
139.5 275.56224180165265
139.5 255.3981441870316
110.63266429632701 279.4112198954757
139.5 255.3981441870316
116.69590602247166 250.1584694803696
0.7220744838507072 
24.75350367072553 128.7095701638867
54.53054361044034 133.4923516528606
42.57745325852191 104.45029963332445
24.75350367072553 128.7095701638867
42.57745325852191 104.45029963332445
20.77503764214907 105.81879994478138
0.3 
0.49999999999999645 94.69453070212342
19.74997211388514 104.56867986077225
21.79221459584515 79.78808993525517
0.49999999999999645 94.69453070212342
21.79221459584515 79.78808993525517
0.5 61.103965925690076
0.9394954283407306 
119.74811373981986 31.9049673400988
139.5 6.826740452478242
139.5 0.5
119.74811373981986 31.9049673400988
139.5 0.5
118.5199360836831 0.5
0.9151515653969088 
20.875816847090924 158.74484204457588
23.43882064326108 177.41776640136325
37.31664869136303 146.80318844160848
20.875816847090924 158.74484204457588
37.31664869136303 146.80318844160848
24.658904636459194 130.40163561741332
0.3 
56.63333193788202 47.84492009955166
62.30639934206643 26.05831969208328
58.63849580037474 0.9831837438682811
56.63333193788202 47.84492009955166
58.63849580037474 0.9831837438682811
35.313373415907336 21.476479558342444
0.4228701619972553 
117.78286935474024 54.07952890799804
139.5 73.86796789713677
139.5 35.460176512392415
117.78286935474024 54.07952890799804
139.5 35.460176512392415
119.75148106058145 33.8192072278195
0.7191483057963661 
94.30016064061485 205.3242845382704
118.43376530977707 194.63769974300916
138.41965471346975 191.72503169080338
94.30016064061485 205.3242845382704
138.41965471346975 191.72503169080338
110.78375705099651 177.01086454076363
0.3219643091867406 
63.24480828378242 25.56450943608628
93.7465631051552 24.06291776050597
88.59746363895334 0.5
63.24480828378242 25.56450943608628
88.59746363895334 0.5
59.57845915126935 0.5
0.8484816400182559 
83.23708240539109 80.58210815560557
112.36218698053912 79.27948697837303
94.61560480471594 65.44403243219413
83.23708240539109 80.58210815560557
94.61560480471594 65.44403243219413
74.23620832947302 63.8649144024836
0.3 
113.1096201425604 107.01584405736742
139.5 101.5923063675294
139.5 75.59784165194185
113.1096201425604 107.01584405736742
139.5 75.59784165194185
114.22143917636126 80.13965890723887
0.8937878177799377 
81.32300315062027 278.69964255479533
96.69397275685307 257.43496378064094
87.13858073824956 227.17997406145773
81.32300315062027 278.69964255479533
87.13858073824956 227.17997406145773
77.3410615427006 250.2279674608836
0.441292220666666 
116.84814216831487 249.16739122216435
139.5 254.37208677624082
139.5 223.51646576495247
116.84814216831487 249.16739122216435
139.5 223.51646576495247
119.15969185459156 224.1756254793428
0.9341705394084272 
0.5 184.17652570258142
0.5 205.61961386936125
22.65365172756651 179.05124034742042
0.5 184.17652570258142
22.65365172756651 179.05124034742042
20.03337224219859 159.96103037698285
0.7054623715905441 
111.55094524422913 127.46273741142397
139.5 133.38299424381697
139.5 102.61320555458525
111.55094524422913 127.46273741142397
139.5 102.61320555458525
113.05306897747258 108.04836518305828
0.8350786476162593 
90.81020395109238 154.7339131295742
116.9349215990339 153.0367815403721
138.90345528124996 134.27882062391308
90.81020395109238 154.7339131295742
138.90345528124996 134.27882062391308
111.22164818437922 128.4151730325971
0.6522762268701182 
81.97836800407737 279.5
109.59300805470562 279.5
115.62796189226108 250.38372749259494
81.97836800407737 279.5
115.62796189226108 250.38372749259494
97.56920461660192 257.9311503516847
0.5652582741657838 
0.5000000000000036 144.07725746824667
23.772946724329035 128.90769359183838
19.8072292577585 106.0902743581142
0.5000000000000036 144.07725746824667
19.8072292577585 106.0902743581142
0.49999999999999645 115.31524225473518
0.7810776286673882 
94.79002634721101 24.153822345595376
118.77315933436012 32.56493907324252
117.51917166773836 0.5
94.79002634721101 24.153822345595376
117.51917166773836 0.5
89.62106190692927 0.5
0.7549923495419398 
48.70143538359529 258.47766176646223
76.45674380968538 249.7521082586286
86.27301423966868 226.6600038634651
48.70143538359529 258.47766176646223
86.27301423966868 226.6600038634651
55.20046256993429 239.32607292646082
0.41100000000000003 
113.86977249496314 79.18683053088901
138.9142125289951 74.6870779267198
117.17243030011343 54.87617665347656
113.86977249496314 79.18683053088901
117.17243030011343 54.87617665347656
95.75059133527576 65.06089321714775
0.48975896424650434 
