0.5000000000000036 94.36214685029597
0.5000000000000036 122.06168707277318
22.866247012949543 93.77960846445083
0.7039268070503604
139.5 164.13006400181663
115.51424713898868 178.42542286718052
139.5 199.76105877122686
1.0
39.30854996557182 69.41077874553824
22.614936211033935 55.47117617921989
24.34816552111225 91.71734725782198
0.38587391644487135
81.74921822943884 349.5
45.226775896291976 330.02998917014145
43.666666996079975 349.5
1.0
66.77407515334302 316.4677080363564
45.79920120451762 329.2019252656915
82.6211734183062 348.83161462873153
0.6019803423627105
139.5 0.5
126.97308289251588 0.5
139.5 10.111169160052471
0.7670345059996253
139.5 162.50351792746602
139.5 140.58715246694968
119.824589705277 154.40555490958505
1.0
138.8856769349303 163.33206246023485
119.17711049413866 155.2204531071234
115.34982785317973 177.3592814837232
0.7530329663017763
23.994419248356472 293.24724967811073
49.2615876498052 301.9551679367291
38.15276015351285 278.3535080293626
0.3
139.5 349.5
139.5 347.55950199092666
122.2780801694742 349.5
1.0
118.34163781409718 294.4545886736217
98.41013396398411 289.44843908219224
97.75924377713864 320.2541189118317
0.3
118.51267527205113 293.4664875223806
110.90069232837371 265.21912586103787
98.66210864508093 288.48066674555616
0.3
22.90981859245574 294.2199653650618
1.3845033865977818 309.8619833732644
31.84486369885552 312.362731747029
0.637105816586364
24.08108528076508 294.3348380949429
32.89579043976616 312.23325209524063
49.018246047732376 302.929024594619
0.3
54.05606069942115 208.31839958884206
34.41178520773411 180.3412773153929
24.34324094843919 200.1755631072346
0.3
0.5 349.5
11.333333333333314 349.5
0.5 338.125
0.736804761904762
115.23886058082061 106.05530809566537
139.5 138.13495516221423
139.5 108.45302119309297
0.869391861291576
66.67423879893944 314.886655824581
73.28273224378343 286.9323287757148
51.05637178147194 302.82908395489403
0.3
110.29800294537122 46.9587477276926
95.10779257239973 34.14965435230786
91.26025319454436 55.052069082269526
0.3
22.37775198184996 26.37507057670295
0.5 4.218017920476889
0.5 31.0080288972381
0.7952160572725002
112.77386394755834 105.39533169250348
88.36765233894425 94.85430668949918
81.85047793622319 116.16415831400984
0.3
74.74696030612871 285.332286653922
97.64269840049877 288.270545593752
110.28878365567559 264.23447762994215
74.74696030612871 285.332286653922
110.28878365567559 264.23447762994215
83.51714565477799 259.63926747821625
0.3 
95.75774331381342 199.3147937151251
117.09513863084749 206.56459751367976
138.97700098799658 200.63421400421532
95.75774331381342 199.3147937151251
138.97700098799658 200.63421400421532
114.704127777685 179.04318085377818
0.34738934309112046 
114.19587364964869 25.93744794720043
139.11101517348692 11.073144205812492
125.33028789400099 0.5
114.19587364964869 25.93744794720043
125.33028789400099 0.5
89.07161132112901 0.5
0.6631718277517165 
41.83811699947842 115.62844763510881
61.88355686517616 96.68740737396703
40.01571884318668 70.15168931304738
41.83811699947842 115.62844763510881
40.01571884318668 70.15168931304738
24.536849908199873 93.23134021859715
0.3 
55.055197070227194 208.00115301198554
63.40641322639095 176.48482820035247
44.174556805937385 156.2409378294354
55.055197070227194 208.00115301198554
44.174556805937385 156.2409378294354
34.90777608310129 179.30745745217692
0.3 
113.13608369673751 348.57322389993783
117.84645620785265 323.6777656253257
118.67314828849506 295.64254493306544
113.13608369673751 348.57322389993783
118.67314828849506 295.64254493306544
97.83053042018683 321.76825941366985
0.5851024671714218 
95.22633870592237 32.9415412049938
110.87229444802603 46.13494031711804
113.5860804554797 26.74310867307865
95.22633870592237 32.9415412049938
113.5860804554797 26.74310867307865
88.70871079979364 1.5556310307425036
0.394475600575359 
43.85024989292149 154.33712561372923
50.88079972997659 136.1989422391168
41.57323932875482 117.0884299787935
43.85024989292149 154.33712561372923
41.57323932875482 117.0884299787935
23.319832248348444 128.43238825040183
0.4346 
0.4999999999999929 275.1486258143978
37.6556513110937 276.9478270292802
31.89474946889964 252.39141797503777
0.4999999999999929 275.1486258143978
31.89474946889964 252.39141797503777
0.5 246.600659259849
0.7086514243928927 
95.04220432535139 198.6158735302658
114.07401544838203 178.2528587359637
99.786166736165 148.26457274105258
95.04220432535139 198.6158735302658
99.786166736165 148.26457274105258
83.05937380058286 167.6908833587821
0.3 
38.917338597099494 40.79606710629826
70.1697213449912 43.74076256294044
42.546098247027174 21.212028727727155
38.917338597099494 40.79606710629826
42.546098247027174 21.212028727727155
24.33609301563604 26.89878062833064
0.4874876480787688 
0.5 213.50126603658984
23.24039303269764 200.13888194836812
33.52356046741815 179.881804411333
0.5 213.50126603658984
33.52356046741815 179.881804411333
0.5 180.24453811745968
0.5754502491065225 
74.45665431756045 22.467036242032787
94.07224847152595 32.30224783358335
87.46816349176865 0.5
74.45665431756045 22.467036242032787
87.46816349176865 0.5
61.13787770757154 0.5
0.661335978166342 
0.5 179.2444777941806
33.446748163756624 178.88258780118446
19.82349747533472 157.08326047844162
0.5 179.2444777941806
19.82349747533472 157.08326047844162
0.5 150.81291202077728
0.5869665412191536 
42.70746534061405 348.9508402333708
44.2758552998744 329.3774825734723
32.698149999308974 313.791873670722
42.70746534061405 348.9508402333708
32.698149999308974 313.791873670722
21.57442008705729 329.91150459661725
0.6762126843259769 
72.29181065833396 44.13120126989117
90.2399918203486 55.070873357061316
94.21221603812931 33.491086941274034
72.29181065833396 44.13120126989117
94.21221603812931 33.491086941274034
74.52302579640492 23.618974448851564
0.4327 
82.36582184905816 74.67221432889176
107.86641466128374 80.3220508145065
110.67218937327083 47.886286220451545
82.36582184905816 74.67221432889176
110.67218937327083 47.886286220451545
90.97205339958819 56.261200968816176
0.3 
119.59816493655838 293.6513548791354
139.5 293.25974182763696
139.5 256.7761013292646
119.59816493655838 293.6513548791354
139.5 256.7761013292646
111.66493202435308 264.2118644240413
0.6207523051477397 
118.166085647585 226.68316180961946
139.5 231.86404388235067
139.5 201.5285464856506
118.166085647585 226.68316180961946
139.5 201.5285464856506
117.59030019874186 207.4664744498235
0.7605234956053227 
108.8644721558591 80.38767751794647
139.5 77.91374915129751
139.5 45.292538713424335
108.8644721558591 80.38767751794647
139.5 45.292538713424335
111.70374494853971 47.56466306556003
0.8623583059164224 
71.36289589774721 43.42346593363822
73.58839435681836 22.963794249172555
60.18149708383798 0.85141809685447
71.36289589774721 43.42346593363822
60.18149708383798 0.85141809685447
43.36561613399374 20.589992508709663
0.7030892636337057 
0.5 93.36180772574407
23.397140960131047 92.76544198196683
21.58647470473743 54.89987019776734
0.5 93.36180772574407
21.58647470473743 54.89987019776734
0.5 56.70894027614255
0.7273592017953474 
44.91906776407781 328.56640152910927
66.10030107284757 315.7068998797939
50.17801043238721 303.41430169640086
44.91906776407781 328.56640152910927
50.17801043238721 303.41430169640086
33.419300042202934 313.08571018892974
0.3353427497905391 
12.714285714285737 349.5
41.82301754609103 349.5
20.794287293144656 330.55464458638704
12.714285714285737 349.5
20.794287293144656 330.55464458638704
0.907301400362428 337.1026664703805
0.8014784520898254 
22.572331921653937 54.13280789993093
39.42337376355344 68.20386702220321
38.20750868333633 41.50097672418494
22.572331921653937 54.13280789993093
38.20750868333633 41.50097672418494
23.823760575848652 27.791923752002695
0.3 
20.663422028959175 156.54034227592206
34.245416968997 178.273653962343
43.42863523656176 155.4151348385763
20.663422028959175 156.54034227592206
43.42863523656176 155.4151348385763
22.970461542316738 129.6015529788405
0.4315360583383857 
0.5 149.76158143418178
19.706551958768838 155.99398183713365
22.04394098348642 128.7008080195169
0.5 149.76158143418178
22.04394098348642 128.7008080195169
0.5000000000000036 124.11755911951387
0.7688795020950611 
0.5000000000000036 55.705266811400215
21.58242867082205 53.896543854058514
22.846095246056034 27.29806798547848
0.5000000000000036 55.705266811400215
22.846095246056034 27.29806798547848
0.5 32.03020536355895
0.820532907588153 
88.45625773813045 93.803292514279
113.4332634671849 104.59084308182466
107.90149122861231 81.35407201722306
88.45625773813045 93.803292514279
107.90149122861231 81.35407201722306
82.40316788990867 75.70473834949972
0.3 
38.61693539002752 276.66706826133617
60.81308597817144 262.0185560498918
41.78261300598458 234.40723466643158
38.61693539002752 276.66706826133617
41.78261300598458 234.40723466643158
32.83537537474889 252.0226017184446
0.3 
0.8917001772512805 123.17851058803919
22.48688328464282 127.772660715826
41.045945067226654 116.23874699251775
0.8917001772512805 123.17851058803919
41.045945067226654 116.23874699251775
23.916353005432402 94.06387902562601
0.7199452774934653 
32.494320806650556 250.48586121367035
41.276039104701795 233.19636946847493
54.14376010709547 210.14738692361058
32.494320806650556 250.48586121367035
54.14376010709547 210.14738692361058
26.051343491166968 221.24100311339166
0.3 
0.5 336.1839631417372
20.597397324517157 329.56666084154233
31.780617286089846 313.3608216342178
0.5 336.1839631417372
31.780617286089846 313.3608216342178
0.5 310.7927314341468
0.8055463503003196 
114.44707653192009 176.71094685602836
118.26677283033233 154.61600150333948
103.20883232154083 128.97770918206646
114.44707653192009 176.71094685602836
103.20883232154083 128.97770918206646
100.42506963340887 147.28062731914662
0.41457723919929695 
118.94713181142319 153.79982317735016
139.28878897212604 139.5135033097489
114.23393791476701 106.38435940030702
118.94713181142319 153.79982317735016
114.23393791476701 106.38435940030702
103.49612785285854 127.49228424694037
0.743317785095579 
84.06189594178929 349.5
112.51373300450851 349.5
96.90721547107246 322.1679499473574
84.06189594178929 349.5
96.90721547107246 322.1679499473574
67.87489415362009 316.44192178758885
0.5192671700086403 
1.2972426958577756 214.19266394882106
25.438770075878196 220.40775836757433
53.68473022923812 209.2535082673692
1.2972426958577756 214.19266394882106
53.68473022923812 209.2535082673692
23.691321561216864 201.03377603203828
0.5399567969882628 
84.03572593872802 258.7136550198906
110.64761613032597 263.2814453045547
117.01441083162267 227.94093238338974
84.03572593872802 258.7136550198906
117.01441083162267 227.94093238338974
99.56168508268149 236.0959898920365
0.3 
113.99223148757036 349.42728882737526
139.5 346.5531740654114
139.5 318.04287703548033
113.99223148757036 349.42728882737526
139.5 318.04287703548033
118.77947982858706 324.1255231936053
0.8746341677651293 
67.58844547798677 315.3661615090789
96.7408128112841 321.11586627602185
97.41411599593138 289.249412066527
67.58844547798677 315.3661615090789
97.41411599593138 289.249412066527
74.45894658964366 286.30352617958437
0.381 
23.206317268246508 25.790944263275023
33.87151035992299 0.5
0.5 0.5
23.206317268246508 25.790944263275023
0.5 0.5
0.5 2.794748504273142
0.7515052173167063 
24.255607055881576 25.87628789893943
42.366796090357155 20.220395033711256
59.16718948511095 0.5
24.255607055881576 25.87628789893943
59.16718948511095 0.5
34.95678956511526 0.5
0.9327963414322284 
99.64029280358662 234.9554761287774
117.16809903450006 226.7653360973736
116.58932431651274 207.44888266899613
99.64029280358662 234.9554761287774
116.58932431651274 207.44888266899613
95.4553026769781 200.2681791161722
0.4796268865977368 
114.55452004961275 104.9828033977789
139.5 107.44814943801383
139.5 78.91700442276314
114.55452004961275 104.9828033977789
139.5 78.91700442276314
108.9368215429406 81.38509031782418
0.5365179013886786 
111.68345897586765 263.17184905669586
139.5 255.74103518720753
139.5 232.89310888449987
111.68345897586765 263.17184905669586
139.5 232.89310888449987
118.0756677131526 227.69026906656464
0.7177953215483228 
118.86516117588387 323.0581734288185
139.5 317.00067959861025
139.5 294.2599354056558
118.86516117588387 323.0581734288185
139.5 294.2599354056558
119.70286583783619 294.64948823309385
0.966485859002072 
73.5783250443711 135.29603634260326
102.57986281141889 127.08794539065079
113.14157831416236 106.32617964902357
73.5783250443711 135.29603634260326
113.14157831416236 106.32617964902357
81.45426943011216 117.36103641889257
0.32389999999999997 
0.5000000000000036 309.2685855346576
22.765205353817336 293.0889040865568
37.17947478151851 277.9259406892392
0.5000000000000036 309.2685855346576
37.17947478151851 277.9259406892392
0.5 276.1497975384811
0.7480106421321294 
0.49999999999999645 245.58379065018852
31.656444084578812 251.33059395867784
25.049188010482876 221.3400698798829
0.49999999999999645 245.58379065018852
25.049188010482876 221.3400698798829
0.5 215.02002562638017
0.8340626852050267 
111.8237412212999 46.551518994299386
139.5 44.28920338988884
139.5 12.00552025646703
111.8237412212999 46.551518994299386
139.5 12.00552025646703
114.57747570518615 26.874228538368214
0.5989065192490323 
