70.95163605994385 327.2311189657371
45.457457527715825 349.5
81.94554239235718 349.5
0.8156222783266935
96.17690341074969 200.09171477357134
94.90293376449306 226.9264449824239
116.68089692666 216.43704921310928
0.3
108.10547729970588 126.42009013099366
113.6445300421851 107.99149931656659
95.99693231858754 99.8037041727062
0.3
118.87491461131808 311.660744632227
139.5 322.5457621175092
139.5 285.2045874926331
0.8225636757951293
139.5 197.979856095601
118.55651279816786 216.38043291673353
139.5 224.76136761887662
0.7673893771297704
95.3578214762367 227.81729725069349
113.37866873907132 240.19276392686754
116.97236589284245 217.4066124189239
0.521891829343932
138.88855534845797 104.61462760087815
116.88539762104757 83.16045932167653
114.7987848933525 107.15939814420062
0.6241481275918431
95.93689091008768 98.67345912379626
113.81176634906302 106.96670223873033
115.88136060858042 83.16349939118032
0.3
139.5 0.5
122.5479964500215 0.5
139.5 9.302001843258068
1.0
96.39196865823429 24.558614374445447
119.33236981622142 0.5
91.48721799277905 0.5
0.7975384687539611
112.81150822908835 349.34671047523784
139.5 346.54966330274056
139.5 324.52291681932434
0.6638536302077742
119.36094578155806 281.8910718807288
119.26558318457597 262.8575708177349
94.67156820978651 278.2549102093533
0.506300694113718
34.07332269546212 200.98202998419586
39.86627452892543 223.51876856512968
59.12849282138842 208.7118685085593
0.3391
1.4235610447963047 153.38361997335494
32.76408689348127 171.8546340387828
29.64644306864667 148.44766801108332
0.3853422070933982
33.86763345539498 199.1802952259018
48.47145540535466 187.15339663363187
33.89417426231894 173.93436728184815
0.3
34.400905946066835 200.03658505602561
59.21243476604414 207.6912571399544
49.074631803109526 187.95211747910412
0.3
0.5 349.5
15.272995887661772 349.5
0.5 335.06275401887603
0.9734625287062587
0.5 60.04815282190286
30.488204536345567 30.24485427961669
0.5 28.160951167294872
0.8242842533118174
29.275049158978995 0.5443465120497056
0.5 1.483939953975554
0.5 26.500615345251163
0.6692221299194541
139.5 170.47935812583486
117.64897084140995 192.8985134106645
139.5 196.29137239113314
0.8742069345814999
117.64509513260248 311.2788809436906
119.2876961588681 283.73281012414
93.39447814147948 309.04022578464776
0.36708049594964315
27.66495669655445 245.5297304223645
50.33799545251511 243.2131323978719
39.57500030087178 225.35283158864272
0.39649999999999996
60.603211529619735 0.5
31.53433426065213 0.5
52.14696183332596 32.99112919510942
0.7601062200349328
0.5 0.5
0.5 0.483406984799958
-0.008161090501287105 0.5
0.8232154363607235
1.6707703096814228 92.30791581415039
38.616421599102146 90.83329033134196
26.195070695891992 75.00132669758142
0.4863266956808889
139.5 349.5
139.5 347.55514019070927
120.94279598635079 349.5
0.8562938585050655
43.087416690358474 349.5
20.655039787387768 321.34121981583854
17.067738805109567 349.5
0.6957515701131316
97.83869911748182 256.6193898202243
119.04844612202895 261.2886001290058
113.4942479268941 241.97663228424338
0.3
72.42060180844838 326.0177043562277
101.74758952012297 328.0796825051181
117.03117916091854 312.2264601534712
72.42060180844838 326.0177043562277
117.03117916091854 312.2264601534712
92.4268315040884 309.9551509394826
0.3 
0.49999999999999645 152.5299648828767
29.437823466508767 147.46897549126615
21.058167987132038 118.55755938338015
0.49999999999999645 152.5299648828767
21.058167987132038 118.55755938338015
0.49999999999999645 123.88691086031197
0.7366286172126385 
1.4249609475376985 60.53875545791177
35.70321501022776 55.58223578389206
51.471463113818075 34.55663078713373
1.4249609475376985 60.53875545791177
51.471463113818075 34.55663078713373
31.783078417628747 30.367824849300742
0.5054925848792199 
108.841910730529 149.09892468788988
115.88049557310092 168.6566467908154
139.17350354491802 139.85188754799262
108.841910730529 149.09892468788988
139.17350354491802 139.85188754799262
108.70609787428351 128.5585848865497
0.7290964699437399 
38.96759597352648 261.9147591950837
68.25422834287669 254.47746430000004
51.058406077803596 244.1447312926132
38.96759597352648 261.9147591950837
51.058406077803596 244.1447312926132
27.65265427899142 246.53619363528827
0.3 
0.5 333.66451870839677
16.130967890507414 348.9402373286653
19.76909414565494 320.38250046548603
0.5 333.66451870839677
19.76909414565494 320.38250046548603
0.5 310.08415383417554
0.9260210962348446 
102.53830298337226 328.7003075613444
111.54918189662527 349.1551367004085
139.1438219338498 323.48850644744414
102.53830298337226 328.7003075613444
139.1438219338498 323.48850644744414
118.21253120805522 312.44188718521184
0.4203384172914758 
26.889050982518548 74.26581281890404
39.57117827979408 90.43015595144513
51.74596837222162 71.34133162221714
26.889050982518548 74.26581281890404
51.74596837222162 71.34133162221714
36.11644236157166 56.856366024341185
0.4404 
30.193825862654435 146.48513959159018
43.49805120215787 119.38028003290145
39.31426863988655 92.61810596463239
30.193825862654435 146.48513959159018
39.31426863988655 92.61810596463239
21.949001919610716 118.03891810429248
0.3424259948697702 
26.93663838040721 244.79634827879866
39.034781202411004 224.30078907639563
33.13718748659665 201.356954628802
26.93663838040721 244.79634827879866
33.13718748659665 201.356954628802
20.63871883555371 217.5659159689838
0.5346964683662399 
117.59928633876685 215.8903052185767
138.86680731169125 197.20503806673833
116.64458864502143 193.75454364737095
117.59928633876685 215.8903052185767
116.64458864502143 193.75454364737095
96.7995737540007 199.30923001581397
0.46537637169364426 
75.20233438925801 126.3732133503562
107.41398167022743 127.31500393088284
94.71496591554066 99.4006752362143
75.20233438925801 126.3732133503562
94.71496591554066 99.4006752362143
66.01505336485906 109.12455295152954
0.3 
89.361334768069 176.03957634108392
116.07889073725781 192.33177705336612
115.21412906029686 169.7581621446317
89.361334768069 176.03957634108392
115.21412906029686 169.7581621446317
108.19099275646535 150.2433660324186
0.3 
36.64959077087936 55.98705627547601
52.482790678475716 70.66078059760524
70.72603331216047 61.94490619337017
36.64959077087936 55.98705627547601
70.72603331216047 61.94490619337017
52.322742732730944 35.088253818846354
0.3 
114.30194906742629 240.75758440660607
139.5 252.3447473457467
139.5 225.83846336335782
114.30194906742629 240.75758440660607
139.5 225.83846336335782
118.01111731945656 217.23927828820504
0.571577141358301 
20.446197888624866 289.02138816514775
39.863268040471624 285.07703384324947
38.314736047621324 263.2111029201481
20.446197888624866 289.02138816514775
38.314736047621324 263.2111029201481
1.1640814032586704 278.6818598726984
0.3343199104644117 
111.44457668985713 52.67349736345302
139.5 73.38441071723115
139.5 48.96107791481497
111.44457668985713 52.67349736345302
139.5 48.96107791481497
118.9391966196765 28.948860358150597
0.7407416427296443 
116.21761883333501 169.8301114445022
117.06923604130975 192.06060501821506
139.5 169.04664184524734
116.21761883333501 169.8301114445022
139.5 169.04664184524734
139.5 141.03849359433667
0.7504938653998825 
95.50579790137743 97.74191415314282
115.92979944635728 81.85904304499482
110.58463504714197 54.07783434822309
95.50579790137743 97.74191415314282
110.58463504714197 54.07783434822309
96.03249645846878 73.77193721377351
0.3 
45.205302358504184 314.87552205415216
72.605044467008 291.676772055787
59.94753480268186 276.4209062743915
45.205302358504184 314.87552205415216
59.94753480268186 276.4209062743915
40.94055744506184 285.76756953160265
0.3 
119.22041026374518 27.827096217231368
139.5 47.565603232488066
139.5 10.42876738751116
119.22041026374518 27.827096217231368
139.5 10.42876738751116
120.95002076886098 0.7970474021120584
0.6857701662461045 
118.70834721424814 310.24794601531005
139.3439333566437 283.7783193755858
120.26749926615119 263.2374980441645
118.70834721424814 310.24794601531005
120.26749926615119 263.2374980441645
120.3639299278908 282.4841750518252
0.848019873740717 
0.5 187.40328841915598
32.86727583665831 199.519940732414
32.895058673968634 173.09257886555116
0.5 187.40328841915598
32.895058673968634 173.09257886555116
0.5 154.00005989167622
0.6056446365502128 
0.5 91.91019013690754
25.909228316052094 73.9791149457774
35.07640824003933 56.68326993533008
0.5 91.91019013690754
35.07640824003933 56.68326993533008
0.4999999999999929 61.682901695607754
0.4793340898780817 
1.2089880176641472 27.207807708202807
31.692208228071525 29.32610983572993
51.28163937330174 33.49386289247475
1.2089880176641472 27.207807708202807
51.28163937330174 33.49386289247475
30.52009204621208 0.76799550285957
0.4715940574682122 
0.5 122.85385633838649
21.096064763596992 117.51468077393139
38.63941881735656 91.83316865644389
0.5 122.85385633838649
38.63941881735656 91.83316865644389
0.5 93.35544142535517
0.5572313379591773 
33.86681762448477 172.55962263096723
48.855755181207606 186.15195192544837
52.29742196477224 157.7486998120818
33.86681762448477 172.55962263096723
52.29742196477224 157.7486998120818
30.684159652771974 148.6645367240258
0.3 
52.88235263003983 34.13582675874559
71.120058553376 60.75083487252915
73.52328246696173 39.06143553409261
52.88235263003983 34.13582675874559
73.52328246696173 39.06143553409261
61.305032300010474 1.7736824093445094
0.30881903799261495 
44.1900915949649 349.27925640501917
70.16985458607891 326.5862227535872
44.7863841138531 316.35602206735535
44.1900915949649 349.27925640501917
44.7863841138531 316.35602206735535
21.22523735444182 320.4520712468311
0.7045798525328185 
83.06076839553117 349.5
110.60837119193346 349.5
101.60950616915596 329.0724425709808
83.06076839553117 349.5
101.60950616915596 329.0724425709808
71.94625517691392 326.9868217778604
0.9403460590116495 
74.11085996308852 291.80578430123796
92.2634907672976 308.7473183042308
118.7928158199339 282.8181867513694
74.11085996308852 291.80578430123796
118.7928158199339 282.8181867513694
93.37149628781917 279.0742273319893
0.4355 
116.94006726053308 81.81708258766541
139.5 103.81413407255504
139.5 74.62737503004395
116.94006726053308 81.81708258766541
139.5 74.62737503004395
111.59301031774193 54.02603749595404
0.8874272013121873 
45.79673589277643 315.6850597061237
71.02754511125343 325.85373392517795
91.50820320235104 309.410272583232
45.79673589277643 315.6850597061237
91.50820320235104 309.410272583232
73.2897672506576 292.40732378280825
0.42210000000000003 
30.755724948324023 147.60987807143363
52.42676952729644 156.71832733754064
55.06085755136152 136.14704868673945
30.755724948324023 147.60987807143363
55.06085755136152 136.14704868673945
44.091793161199746 120.44014464082252
0.3853 
70.60232384407537 254.25225755259595
96.62327850050073 256.38694861396635
112.95305741757966 241.11357837253453
70.60232384407537 254.25225755259595
112.95305741757966 241.11357837253453
94.43770506526789 228.39851993539796
0.3 
0.5 212.96616356530265
19.892413762679915 216.89613421945148
32.55710630913285 200.47160113446313
0.5 212.96616356530265
32.55710630913285 200.47160113446313
0.5 188.47106042547355
0.8026632853295744 
90.25716380255066 53.143663628174046
95.73936244588603 72.4859284604884
110.26911624810403 52.82211999355064
90.25716380255066 53.143663628174046
110.26911624810403 52.82211999355064
96.2834353883307 26.997536991911876
0.3164 
67.7889156447801 175.89115109653346
88.38125844506884 175.6861343659132
107.30161611798023 149.7656675180096
67.7889156447801 175.89115109653346
107.30161611798023 149.7656675180096
80.93369133211185 151.70505584118092
0.3137 
0.5 277.87516178854764
37.98416380827073 262.26552062882354
26.45741507088797 246.59908009959423
0.5 277.87516178854764
26.45741507088797 246.59908009959423
0.5 243.5619138153066
0.7983201131473642 
72.06608641278937 61.2931721407939
89.30723330050287 52.812676581990424
95.33968709231888 26.63972726779101
72.06608641278937 61.2931721407939
95.33968709231888 26.63972726779101
74.50205559031 39.308242659738994
0.3 
74.311043905366 38.25406336675094
95.53310893588223 25.351826494863808
90.46664872161764 0.5
74.311043905366 38.25406336675094
90.46664872161764 0.5
61.93999570917599 0.5
0.8047970185984925 
108.81529412069477 127.53257324505876
139.5 138.9064222139701
139.5 105.55560054177191
108.81529412069477 127.53257324505876
139.5 105.55560054177191
114.63126783358652 108.18265824598733
0.7204780104693639 
20.809799082223826 319.5092951882775
44.27583319927147 315.4297811148682
39.97489241259743 286.0747826890057
20.809799082223826 319.5092951882775
39.97489241259743 286.0747826890057
20.868114551985236 289.95610470322777
0.46908228975315375 
81.01378691026284 150.69646349849688
107.8394059744645 148.72341128458746
107.70452444933721 128.3239260250332
81.01378691026284 150.69646349849688
107.70452444933721 128.3239260250332
75.53311157557528 127.38331180116384
0.3 
93.32855386956236 277.915908327138
118.45893939649731 262.1827685613425
96.72856861423367 257.39894576286986
93.32855386956236 277.915908327138
96.72856861423367 257.39894576286986
70.84944973097696 255.27589053735414
0.3 
120.2086291746439 261.70461193443526
139.5 282.4768694476633
139.5 253.445409034993
120.2086291746439 261.70461193443526
139.5 253.445409034993
114.53103300859927 241.9635888844757
0.7647767616959453 
95.83382703950068 198.54111142086143
115.3723735258394 193.07220658895008
88.49903614624029 176.6850113341815
95.83382703950068 198.54111142086143
88.49903614624029 176.6850113341815
68.36729741008193 176.88544230492712
0.406 
0.5 242.5550919141157
26.084221850918752 245.54859245348538
19.68360987917407 217.8741469803909
0.5 242.5550919141157
19.68360987917407 217.8741469803909
0.5 213.98649148848503
0.7255580443030741 
0.5 308.9502950897575
19.81026804486289 319.27064706719375
19.868329438181664 289.84621777601467
0.5 308.9502950897575
19.868329438181664 289.84621777601467
0.5 279.4604600530208
0.8959789420551184 
110.73848630999433 51.588915358793926
118.21163710254619 27.93224010382153
119.91323880617398 1.3399079128982585
110.73848630999433 51.588915358793926
119.91323880617398 1.3399079128982585
96.70615913252519 25.678199853837345
0.4603539469856194 
