0.5000000000000036 182.13662979244728
0.5000000000000036 211.2797131673759
19.256084396654245 207.45719629685482
1.0
1.2968400739126658 181.53233418338127
20.081107937340732 206.890948146399
30.10118950562574 190.1665369233499
0.7194918748794348
0.5 267.6119709909723
19.645598638742445 257.73754677493224
0.5 243.17084737490993
0.7341314382946968
117.24204866573318 269.47655551070346
139.5 280.9630966699384
139.5 258.3233198984814
0.8762003476123802
139.10342301176297 225.48939205248098
118.41303108235427 219.09233687112322
119.93244092944722 246.6947188735022
0.6361635358826034
139.5 224.5653002874836
139.5 193.34914903026169
118.74034572907118 218.14683057602875
0.8266024694933656
0.5 363.7096784795803
0.5 396.8193309663379
20.812651185289297 390.0339412841263
0.754795348676505
94.21135798661487 170.40779374707338
116.7814211168405 163.5735806147662
100.16262423326764 151.65899651068005
0.3
76.03128657980949 278.92728861763743
97.75259438964028 303.82119962755667
110.4620143396099 289.76959438851424
0.3273
139.5 157.5954588510202
139.5 137.05379474341615
120.83389878266891 141.1420679894121
0.7125564198762069
21.19876758774019 257.0059608774457
45.49052437421817 246.49974242943284
25.047858086144448 229.87025449073528
0.3
31.02389264129237 54.29836286556255
43.73533909419156 32.82183539627481
23.609706694402536 27.685991665485396
0.332364725500811
67.74438047565906 25.204061866900705
45.33711406871876 32.74986197654937
62.05396207504978 53.96290131631562
0.3
31.74116943230232 55.049795000318156
61.314088299043064 54.639660913208694
44.56421579578114 33.38471475271248
0.3
67.7753673512935 24.13844666679893
60.44251835901743 1.3287903474664695
45.48622850107439 31.644466514354438
0.48885926050985834
0.5 419.5
5.138903639423923 419.5
0.5 401.464637382161
0.8180506882898291
139.5 0.5
120.53264759224729 0.5
139.5 15.32590169978953
0.7312864164300747
0.5 331.7230391310593
0.5 361.16179764288546
23.734360789922597 341.40624214082686
0.7901259943576957
95.21891679872343 419.5
118.64912409833484 419.5
99.46993645144812 400.5126788662301
0.8636619919016431
0.49999999999999645 126.83514009735272
0.49999999999999645 148.55668607686394
24.56587470515559 137.00345579120284
0.8340866092488888
0.5 304.4986875731813
0.5 329.95152429209816
20.72303101338218 314.2443307225235
0.9117354927615559
21.189273962473358 258.8502941246458
23.393829766787416 279.8816866655378
46.34792437865579 276.275058287274
0.3
58.058545129939674 352.10920960979996
39.10479503540879 325.4981893443176
25.546830988939313 341.0259031013992
0.3
0.49999999999999645 61.724110792981584
0.49999999999999645 91.21483090999125
26.169832649348194 86.68402870234186
0.9862297667903701
103.59035787476128 329.66366004041726
139.5 338.68320649474776
139.5 314.63746709207965
103.59035787476128 329.66366004041726
139.5 314.63746709207965
118.68954323052111 317.8610121265292
0.8662280416354412 
111.91298686704657 289.34570901397035
139.5 312.9676633739737
139.5 282.08840671177165
111.91298686704657 289.34570901397035
139.5 282.08840671177165
116.4772656193957 270.20718808165395
0.8237620668916549 
25.393547849567774 228.8623804488789
46.288387163092054 245.8596974059135
55.81299816864441 227.8938979083755
25.393547849567774 228.8623804488789
55.81299816864441 227.8938979083755
48.31399944802103 202.52186021856988
0.3 
31.076256341298485 189.12783160974516
48.877300715570414 177.27815245329833
46.67341704140528 151.5982213535086
31.076256341298485 189.12783160974516
46.67341704140528 151.5982213535086
23.221767541148523 171.49454948697638
0.3 
74.35740607055367 325.31138877220144
102.33718298378386 329.37397721971155
117.6108378565737 317.4349509362165
74.35740607055367 325.31138877220144
117.6108378565737 317.4349509362165
97.79413408741718 305.19155074313795
0.3 
118.47556506466738 25.30719389432496
139.03429342693386 16.231125294766276
118.90885328317651 0.5000000000000017
118.47556506466738 25.30719389432496
118.90885328317651 0.5000000000000017
95.94051562449319 0.5
0.906016147201297 
98.5431790037547 225.90434370544907
118.92709825447157 246.62516343501886
117.3860754033366 218.63014846732918
98.5431790037547 225.90434370544907
117.3860754033366 218.63014846732918
103.3799850150042 205.50629610440825
0.4655946661244664 
118.59007894513101 316.8644932391767
138.84864370506597 313.7264364170535
111.40017732541013 290.2231155991212
118.59007894513101 316.8644932391767
111.40017732541013 290.2231155991212
98.5193974070998 304.46417737027735
0.5830051645502156 
0.9843514940359341 330.841528443451
24.539973688916525 340.6586210588565
38.376022120251335 324.8124218187258
0.9843514940359341 330.841528443451
38.376022120251335 324.8124218187258
21.702607465546173 314.7496944966424
0.598912742310268 
75.43140175958416 277.6899737919662
110.99393564883866 288.88868760087536
115.55809796155626 269.75065491269265
75.43140175958416 277.6899737919662
115.55809796155626 269.75065491269265
93.87257774571682 259.63126599617385
0.3204 
45.304215896502846 70.51187337163024
59.999350477111456 84.91211718059657
61.80142505062679 55.632998413481815
45.304215896502846 70.51187337163024
61.80142505062679 55.632998413481815
31.982778238772603 56.046540395730084
0.3119 
67.53752966548137 373.09288076154235
82.67569376543418 386.03707326204545
86.60959729981724 362.59577803102997
67.53752966548137 373.09288076154235
86.60959729981724 362.59577803102997
60.20825327655905 353.88748843326204
0.30569999999999997 
120.24210443444659 140.2479793266919
139.5 136.03009052933902
139.5 98.4498856545697
120.24210443444659 140.2479793266919
139.5 98.4498856545697
119.55144422269743 120.26527958604555
0.7765511535204143 
0.5 125.08940600434481
19.7934505299297 110.82042777406753
26.51499177608178 87.63856427487177
0.5 125.08940600434481
26.51499177608178 87.63856427487177
0.5 92.23028810031106
0.6131619162177957 
21.150709929914047 207.05141532095172
48.04942490649659 201.10138441341627
48.865914070369016 178.48703190251882
21.150709929914047 207.05141532095172
48.865914070369016 178.48703190251882
31.231386849752067 190.22586504322808
0.3 
22.63559472608721 170.68045383218907
46.24898727204509 150.64690325257564
25.747130027903623 137.54563711849198
22.63559472608721 170.68045383218907
25.747130027903623 137.54563711849198
0.8617667648352132 149.49227675004335
0.6063277921917618 
103.0563162425205 349.3743608094375
138.07255131117424 339.35573099524476
102.37970096715162 330.39063686697136
103.0563162425205 349.3743608094375
102.37970096715162 330.39063686697136
74.91221368627387 326.4024314979478
0.4433 
0.5 27.741481940596305
22.53376271156676 26.507396202155864
31.56729424613489 0.5
0.5 27.741481940596305
31.56729424613489 0.5
0.5 0.5
0.8932157662980269 
20.81886770852306 110.87481555901394
51.530471575566644 127.57076293194355
50.82375182832462 104.54298667654498
20.81886770852306 110.87481555901394
50.82375182832462 104.54298667654498
27.502148154296165 87.82490939211353
0.3 
103.7769298186163 204.50784031206408
117.83032770971963 217.6760202970987
139.09518519709837 192.27486682863366
103.7769298186163 204.50784031206408
139.09518519709837 192.27486682863366
117.95194940676791 187.330394994689
0.5759199578510835 
6.171452806934479 419.5
32.32633279154802 419.5
21.342965572402196 390.91110970629154
6.171452806934479 419.5
21.342965572402196 390.91110970629154
0.6002887185521608 397.8401483739517
0.915396025429874 
0.5 302.48465031883444
22.42950481573233 280.27429339438686
20.157426389342753 258.5987371777641
0.5 302.48465031883444
20.157426389342753 258.5987371777641
0.49999999999999645 268.7371387407826
0.776498582829955 
59.75993310136598 419.5
93.88946947160568 419.5
82.6830624014789 387.53454922812114
59.75993310136598 419.5
82.6830624014789 387.53454922812114
55.77385700414961 390.6780336659939
0.6824388369327604 
86.73301101150017 97.22949842960546
113.22618452727409 93.47599241882568
97.69354142169993 80.55004178250948
86.73301101150017 97.22949842960546
97.69354142169993 80.55004178250948
77.19402557097729 71.1829968639304
0.3 
21.883663208027535 389.7850067673646
54.2737746999693 389.74190820712397
37.45002814570036 364.5746341895773
21.883663208027535 389.7850067673646
37.45002814570036 364.5746341895773
1.057725668701842 362.7955484275639
0.5670221872014337 
1.2866524234836447 361.80554559118457
37.61758606903165 363.5816312568359
58.08386890446068 353.17435289074274
1.2866524234836447 361.80554559118457
58.08386890446068 353.17435289074274
24.787371935994955 341.8235123919284
0.32983136071622715 
99.78108007512459 399.41355231976155
119.35411575266698 418.7907814712038
119.15082528386793 395.88001002262797
99.78108007512459 399.41355231976155
119.15082528386793 395.88001002262797
110.20205904290765 377.00177241465497
0.4118756226513316 
94.48840019321466 418.18576850081206
98.7033302118257 399.35964292210787
109.20534157337319 376.7735914653699
94.48840019321466 418.18576850081206
109.20534157337319 376.7735914653699
83.65128591739136 387.273698224827
0.5774180416774117 
27.230004770260994 86.32008593186092
44.23674326380494 70.82891939772485
30.671214108830743 56.098535090659155
27.230004770260994 86.32008593186092
30.671214108830743 56.098535090659155
1.0619041296610305 60.87567993376268
0.5132435735398695 
77.3636919131618 70.16107249264712
97.9487861118924 79.56722156547478
116.10502961597007 70.1985063697526
77.3636919131618 70.16107249264712
116.10502961597007 70.1985063697526
101.74401805329278 54.852294395572315
0.3 
118.26604734603558 186.37686833458937
139.5 191.34255484832812
139.5 159.3299772168428
118.26604734603558 186.37686833458937
139.5 159.3299772168428
118.3947439121807 164.15726506771526
0.9297685245975871 
1.0022283347983425 125.96174356307394
25.80448315326749 136.44119465318877
50.796958981704805 128.3102169131786
1.0022283347983425 125.96174356307394
50.796958981704805 128.3102169131786
20.26774595532953 111.71342384981503
0.3 
0.5000000000000036 180.2495188043427
29.960396625737502 189.08037394549206
22.194945495358905 171.64698087859696
0.5000000000000036 180.2495188043427
22.194945495358905 171.64698087859696
0.5 150.5355645598316
0.6512392386369834 
110.58304006528503 375.3472673813682
139.5 377.06403025430325
139.5 339.98744369383564
110.58304006528503 375.3472673813682
139.5 339.98744369383564
103.55820176062666 350.2708899498563
0.8244280812102414 
77.06076368647277 69.17049044164814
101.20149773555517 54.01215586754323
90.73635643579698 29.18904666354363
77.06076368647277 69.17049044164814
90.73635643579698 29.18904666354363
81.99919323013897 46.9685016628404
0.3 
120.36044811306385 419.5
139.5 419.5
139.5 408.14928463366067
120.36044811306385 419.5
139.5 408.14928463366067
120.15768850468311 396.6490563524359
1.0 
23.54702295913447 26.637948207104216
44.23637746552546 31.917647722874047
59.73632684522238 0.49999999999999295
23.54702295913447 26.637948207104216
59.73632684522238 0.49999999999999295
32.625901042216526 0.4999999999999964
0.5757521646608308 
96.2685225840248 130.01375303554676
118.48531827568443 119.78560461327518
114.00422685288929 94.375747252725
96.2685225840248 130.01375303554676
114.00422685288929 94.375747252725
87.04330963480682 98.19552236475359
0.3216 
114.44685739720511 93.19084157174005
138.81593331546225 77.075477869495
116.9754960995217 70.87462395141485
114.44685739720511 93.19084157174005
116.9754960995217 70.87462395141485
98.86188280943719 80.2213417370701
0.45173662297299777 
0.5 59.95340557379349
30.22518237264136 55.157565961804096
22.522479259853473 27.509595442870623
0.5 59.95340557379349
22.522479259853473 27.509595442870623
0.5 28.743049208142335
0.5686660983973492 
55.45433730811073 389.70855925289294
81.82766096469012 386.6276755454288
66.86806377143657 373.8361702796044
55.45433730811073 389.70855925289294
66.86806377143657 373.8361702796044
38.93333556612322 364.9941725647827
0.3 
47.16991370097545 150.04865903695858
74.44638212329967 142.46925784828483
51.99478775913366 128.9721101228572
47.16991370097545 150.04865903695858
51.99478775913366 128.9721101228572
26.942268569136626 137.12262219150406
0.3 
47.58150572319697 275.9130065878258
66.32325789014585 255.01210557239813
46.45380942955657 247.17264196918597
47.58150572319697 275.9130065878258
46.45380942955657 247.17264196918597
21.603210651595187 257.92056035236845
0.3 
91.28589658644367 27.91838684729016
101.89963935439741 53.09397580930106
117.73106867643476 25.974851077394106
91.28589658644367 27.91838684729016
117.73106867643476 25.974851077394106
95.15410024356905 1.1215116184759069
0.3 
83.66449291439903 386.18714382260043
109.59624854667675 375.53184095151465
102.66249944967485 350.78062222858364
83.66449291439903 386.18714382260043
102.66249944967485 350.78062222858364
87.6346808542091 362.5296375298589
0.43579999999999997 
120.0363559626096 395.413513924216
139.5 406.98588208035306
139.5 378.0657910265503
120.0363559626096 395.413513924216
139.5 378.0657910265503
111.01135716398737 376.3744567911538
0.8660984631781982 
94.31251663639614 258.7330407117933
115.74752776800634 268.73553140197464
118.96634382609405 248.09100599280637
94.31251663639614 258.7330407117933
118.96634382609405 248.09100599280637
98.3581264677243 227.1421810108023
0.46175990016904034 
33.39759215320542 419.5
58.750414962709335 419.5
54.77308094899533 390.7412447112045
33.39759215320542 419.5
54.77308094899533 390.7412447112045
22.365532331628486 390.78436647343386
0.5316872027748485 
0.5000000000000036 241.91431464717968
20.203057205101683 256.90514972022766
24.13859963781348 229.1599657681273
0.5000000000000036 241.91431464717968
24.13859963781348 229.1599657681273
0.5 212.84452568475493
0.7219982669129544 
22.602879298220323 314.1250209754705
39.14830985729763 324.1105074274299
70.69011305396894 305.60894598399045
22.602879298220323 314.1250209754705
70.69011305396894 305.60894598399045
39.67656107519955 302.8401425410399
0.32889999999999997 
118.00523661379377 163.2205309108284
138.93762813047576 158.4327814119487
119.685882588136 141.46316946736994
118.00523661379377 163.2205309108284
119.685882588136 141.46316946736994
100.85768665663622 150.92686563680837
0.4782630392270094 
102.9492722723611 53.27948034532142
139.5 40.26886972348025
139.5 17.118642670091184
102.9492722723611 53.27948034532142
139.5 17.118642670091184
118.69793265614992 26.30213821021168
0.6664385978313091 
51.13069735056692 103.53262490354606
59.821146433089034 86.13758498811431
44.93256386251098 71.54777515614673
51.13069735056692 103.53262490354606
44.93256386251098 71.54777515614673
28.012273817748135 86.96019717867675
0.3 
24.593254906739023 228.25870630288227
47.16255554691772 202.32173392068577
20.22903863392805 208.27946306203813
24.593254906739023 228.25870630288227
20.22903863392805 208.27946306203813
1.2503402559291352 212.14734898088014
0.5761257713740325 
100.25843824327428 150.10885387263232
119.25235595326279 140.56186026110322
118.57095528685937 120.8470646377512
100.25843824327428 150.10885387263232
118.57095528685937 120.8470646377512
96.51627903573396 131.0005766577741
0.31700372420962697 
119.36078118496648 118.99192068359187
139.5 96.96802096740123
139.5 77.8219859110266
119.36078118496648 118.99192068359187
139.5 77.8219859110266
114.96204096538409 94.04903266815725
0.7905436900911639 
63.009111601083355 54.287554937047204
81.15644599019836 46.41606955147715
90.02329569696342 28.372712498827898
63.009111601083355 54.287554937047204
90.02329569696342 28.372712498827898
68.79944351072787 25.02376200919142
0.3 
117.19206517571794 69.89658825656207
139.5 76.23017231862771
139.5 41.33033464805574
117.19206517571794 69.89658825656207
139.5 41.33033464805574
102.71357907740061 54.424842707143554
0.8208088084988495 
68.78414957182004 24.008976160162344
90.34867566810068 27.411682209715128
94.23345203303592 0.5
68.78414957182004 24.008976160162344
94.23345203303592 0.5
61.226483216304615 0.5
0.843975044447085 
116.78256952224149 268.5882740376339
139.5 257.20479804662295
139.5 226.54186986662035
116.78256952224149 268.5882740376339
139.5 226.54186986662035
119.97013834568159 248.14415906447903
0.9022609350067305 
39.81145447888666 301.84820814719035
71.10965243690549 304.6424239894658
47.46165972191601 277.11233290050177
39.81145447888666 301.84820814719035
47.46165972191601 277.11233290050177
23.855390473726267 280.8214332599399
0.3 
0.8474388196696481 303.5560601547417
21.62826048732024 313.57050715771703
38.8258931506613 302.2037031783041
0.8474388196696481 303.5560601547417
38.8258931506613 302.2037031783041
22.901880921144652 281.2191658673745
0.44930996404216506 
103.30989559302671 203.50265591870667
117.26478471410059 186.591967132947
117.39312894936869 164.43319417833854
103.30989559302671 203.50265591870667
117.39312894936869 164.43319417833854
94.0648796227436 171.49698602428379
0.3 
