24.11144151917899 217.65972564517224
0.5 212.51262999815313
0.5 243.8604458147552
0.9789325605772929
139.5 219.88622116741664
139.5 192.62095027600338
120.49923067266002 197.60221622897416
0.9109659333761432
91.5716971260009 0.5000000000000036
103.83860920948608 28.874490247777622
125.08213364637756 0.5000000000000036
0.8813107839444455
109.53356092914197 57.40126409216871
139.5 69.15860906027481
139.5 44.383957690709785
0.7666397209224426
35.24563567536812 32.89780055475856
53.35000733490996 26.314719538620103
28.13449138750718 1.5496046563702954
0.4955848232160788
120.2902032654817 368.3899039413646
139.5 373.93001640221854
139.5 343.7775882251343
0.6779728804677262
29.91679752425267 142.7243781680395
0.5 118.15027783547883
0.5 145.79641620126338
0.9757657319696238
74.15479638957605 35.58960910097323
89.48863233484539 47.821855127845254
102.55373618027596 30.578463365002182
0.3
107.57693891018957 56.562006690700116
103.41643621841929 31.095731423967177
90.34669494628127 48.3452436866114
0.4024
107.94950776532642 58.25878197928686
88.20070511914705 73.16487072289495
116.39421581490669 86.84899285350761
0.35409999999999997
35.79449366331774 33.76228319954586
49.76909164405347 47.658634829965635
53.61209118287141 27.283478511378195
0.3181
71.90343805241042 35.33840144039151
54.637872059850274 27.240273054049858
50.78026090161385 47.69289855438247
0.4017
21.124358450094995 56.268858505639045
21.075005397077252 81.49658560249966
36.79566506913892 67.61083523520828
0.3478497934549203
0.5 92.00470582262543
19.73481731708614 82.46477596371255
0.5 62.76818933076186
0.9741941620208132
118.77934912770232 368.34404280200147
111.77003670490643 350.3353172010656
95.78211169799933 375.3420474775828
0.3
139.5 419.5
139.5 409.0075216871753
128.14288538005346 419.5
0.9478394406226808
0.5 419.5
4.176649425574408 419.5
0.5 400.68054145290927
1.0
0.5 246.30744791465202
0.5 271.92267879819485
27.568266108375944 271.39972547830587
0.6178409563687431
35.90264796405018 296.8479716375195
50.59728726234104 269.2015488941654
29.44307177561335 272.28962328853015
0.3
96.70641677448229 399.9154206550978
95.13628522142807 419.5
125.25226784081592 419.5
0.7762958618221285
139.5 253.74871076136722
110.24449874731059 283.96378829020534
139.5 288.2060508912326
0.6903178481950755
95.73330428730955 398.4268866129016
94.20858026750497 377.3149339359438
75.44501862880547 395.36935447086944
0.4091798215693925
139.5 222.2747191332689
118.93203661187749 238.50500266750763
139.5 251.60235430658432
0.9971716900848393
138.99419340155484 101.15212137578713
117.65517986421078 88.6428468297509
116.478130642055 113.75430548209717
0.6291964564844333
25.66638996791568 216.6655723385894
43.77362289576177 211.59809167871623
30.475253692481402 184.03178418847625
0.4429195245988652
94.58701350258136 118.47562997310975
107.62990866686849 149.55817631045775
115.28867144678483 115.23783740930361
0.4520970972588195
27.684922283226648 419.5
0.7627944645631084 396.81028152140436
5.195554323303559 419.5
0.8780162965814589
139.5 318.70636711653117
102.79598767188804 328.5820069027577
139.5 341.61617521745836
0.5369141976563431
117.61794942953014 87.46186283472632
139.5 100.28947446434648
139.5 70.23282451929971
117.61794942953014 87.46186283472632
139.5 70.23282451929971
108.99365460657991 58.26364707854601
0.8890335930505896 
0.5 332.3179316126738
27.73667090890019 324.8718040062368
35.04657291209652 298.84619809284675
0.5 332.3179316126738
35.04657291209652 298.84619809284675
0.5 305.1200781206303
0.7907040509589461 
0.5 176.9022742222071
37.544719462404416 163.12864988017935
30.802166267691327 143.63735602426453
0.5 176.9022742222071
30.802166267691327 143.63735602426453
0.5000000000000036 146.8018543754761
0.5114988264459156 
120.04396000930444 196.6877772926167
139.5 191.58715700110884
139.5 164.45323271238954
120.04396000930444 196.6877772926167
139.5 164.45323271238954
117.83472417369222 173.4970043451276
0.5970929509803395 
56.84110176276306 384.8288845590897
72.68835611645599 369.02577589471497
87.00053407916093 356.246579656478
56.84110176276306 384.8288845590897
87.00053407916093 356.246579656478
53.18985834252227 356.7292044993609
0.3 
0.5 304.1037214420612
35.12323317197213 297.8159194175985
28.433669454332154 272.3831926739081
0.5 304.1037214420612
28.433669454332154 272.3831926739081
0.49999999999999645 272.92286540799955
0.740859450216227 
101.24760116237528 327.9630535868428
138.66257999773765 317.8961200242598
117.41658494591263 306.3465487980852
101.24760116237528 327.9630535868428
117.41658494591263 306.3465487980852
80.88540578140109 309.7871438831361
0.3 
117.921625470042 305.4828883921405
139.5 317.21314498736706
139.5 289.2165097624777
117.921625470042 305.4828883921405
139.5 289.2165097624777
109.98000355140813 284.9358934149862
0.7339444411863398 
84.98555407966845 240.1889160441189
117.88205605578375 238.05970038591158
138.50143588312346 221.78884388044236
84.98555407966845 240.1889160441189
138.50143588312346 221.78884388044236
100.84821062141829 222.92886393981297
0.3 
112.33513256545884 349.0301877655097
119.5879048631013 367.664424374728
139.17912816987626 342.5634105557182
112.33513256545884 349.0301877655097
139.17912816987626 342.5634105557182
102.14516470203824 329.4120714354835
0.608153555181114 
88.25810994897816 156.97077027311087
116.27014373816993 172.0540518378767
116.27014373816993 172.0540518378767
88.25810994897816 156.97077027311087
116.27014373816993 172.0540518378767
91.10077759336431 113.98180529626288
0.4239 
30.63818951045209 142.02399484969266
30.479753031314928 116.79872225017132
0.5 93.82392007986155
30.63818951045209 142.02399484969266
0.5 93.82392007986155
0.5 116.84726062969555
0.8360253078119624 
28.884283163660733 376.9082547581197
55.88003646930811 385.19322051217404
52.177933102491444 356.70212633343186
28.884283163660733 376.9082547581197
52.177933102491444 356.70212633343186
31.351883648240268 354.97248893630456
0.3307 
0.7014768719179578 245.13064491840768
28.43913472233106 270.8434485003431
32.37548467272909 238.50203429851246
0.7014768719179578 245.13064491840768
32.37548467272909 238.50203429851246
24.87805571282714 218.30281332015517
0.5170741858224719 
68.51405487016831 97.98494561839301
96.91670507838961 94.80479559871793
115.92409605205151 87.73237929481557
68.51405487016831 97.98494561839301
115.92409605205151 87.73237929481557
87.39216897703375 73.88400195261393
0.3544 
103.10748403175927 257.76662670773214
138.61415549788572 252.2237979375266
117.93888466403888 239.05811462537065
103.10748403175927 257.76662670773214
117.93888466403888 239.05811462537065
84.97773881761147 241.19151433758398
0.3 
0.5 27.8403923862491
34.23371091813708 32.957231578502075
26.87098874786023 0.5
0.5 27.8403923862491
26.87098874786023 0.5
0.5 0.5
0.8148413001888329 
62.16037154587333 419.5
94.13307660791803 419.5
95.74137204087745 399.4393945968618
62.16037154587333 419.5
95.74137204087745 399.4393945968618
74.64102919061979 396.25948193403315
0.9182154099869373 
98.08554362575073 201.94389047379164
119.06300108179192 196.93517929470897
116.85781560922102 173.78692378611535
98.08554362575073 201.94389047379164
116.85781560922102 173.78692378611535
87.85222856147274 180.1516099904142
0.3 
31.639384833161095 142.21116631010756
50.25791869544928 130.8443703138108
49.572408571379526 110.27040277353214
31.639384833161095 142.21116631010756
49.572408571379526 110.27040277353214
31.480404294705572 116.89927196355703
0.37839999999999996 
20.82933218847035 54.73313646188492
49.08662177226314 48.39024613160149
34.64686310420089 34.031338334296045
20.82933218847035 54.73313646188492
34.64686310420089 34.031338334296045
1.1479862329490231 28.95011953547366
0.3479921251899103 
80.29990889294183 308.83786202787496
116.8169504366283 305.39859845825384
108.81685927924437 284.70032869526557
80.29990889294183 308.83786202787496
108.81685927924437 284.70032869526557
85.99822987965594 275.4428349802257
0.3 
57.301727721456764 385.7817869149743
74.28538276046937 395.0974167697234
93.67737586514627 376.43831540806525
57.301727721456764 385.7817869149743
93.67737586514627 376.43831540806525
73.17005333034099 369.95766569359444
0.3 
38.57170460062901 163.03858118990198
59.020486401183774 170.4817969447617
63.089529316331095 148.02757361186033
38.57170460062901 163.03858118990198
63.089529316331095 148.02757361186033
31.884043058842224 143.70596748177783
0.3 
114.7185524083388 388.1568642238531
139.5 406.86104958094944
139.5 374.97077322908325
114.7185524083388 388.1568642238531
139.5 374.97077322908325
119.79161310810397 369.2868671830122
0.5986473152666575 
87.30026097804276 72.591635436015
107.26615661843884 57.521688280563595
89.54798055662806 49.0722400969179
87.30026097804276 72.591635436015
89.54798055662806 49.0722400969179
70.9237132957402 55.56549252208532
0.3 
108.61441722398 56.710261388547416
139.5 43.29368248064306
139.5 17.07115753607632
108.61441722398 56.710261388547416
139.5 17.07115753607632
104.2816675538702 30.189669062259625
0.5194575970241975 
96.71732647457623 398.1695877990108
113.71789951854691 388.02721627241635
118.72403764022597 369.40614762514053
96.71732647457623 398.1695877990108
118.72403764022597 369.40614762514053
95.15790964961036 376.57726434591115
0.31542771401585423 
86.5172092210441 274.5742218817515
109.08067196820645 283.7281947568779
138.60287210645993 253.23767065699764
86.5172092210441 274.5742218817515
138.60287210645993 253.23767065699764
103.17841943074922 258.7676645244047
0.3403027110346054 
29.236651479071792 419.5
60.147229200041984 419.5
38.0922232685696 396.6381416683945
29.236651479071792 419.5
38.0922232685696 396.6381416683945
1.396377172901488 396.0364762165652
0.8559140243837122 
108.48346765502895 150.32462775548868
139.5 136.1115561843421
139.5 102.01499881752582
108.48346765502895 150.32462775548868
139.5 102.01499881752582
116.37581642760952 114.95754662439862
0.8671461647284207 
117.56463052024101 172.52612219785428
139.5 163.36960492823408
139.5 137.2115496143563
117.56463052024101 172.52612219785428
139.5 137.2115496143563
108.42962342234706 151.44929486353655
0.6693263604067217 
29.392602750924286 271.2863919249076
51.04716648474884 268.1252771187586
53.83061758075951 242.56764540768773
29.392602750924286 271.2863919249076
53.83061758075951 242.56764540768773
33.31932513395285 239.02407870443676
0.3 
29.315358406989336 325.1510644985854
49.666874506854064 332.0825225044222
76.7294461086947 331.2867437575799
29.315358406989336 325.1510644985854
76.7294461086947 331.2867437575799
51.39087894207948 311.73215009640296
0.3 
31.367534598601594 353.9703459131226
52.04724782039947 355.687829847311
49.134905652310806 332.95774964458445
31.367534598601594 353.9703459131226
49.134905652310806 332.95774964458445
28.712366449979402 326.0021021066373
0.3981 
33.25512800428886 237.9981743069154
53.64490042891108 241.52074699891585
44.15711819832491 212.52918940286568
33.25512800428886 237.9981743069154
44.15711819832491 212.52918940286568
25.717177297293343 217.6897815406892
0.3 
60.753821253592804 171.05066333185357
87.1558012855878 179.28063512628896
115.87731381050045 172.978283298933
60.753821253592804 171.05066333185357
115.87731381050045 172.978283298933
87.72732243241146 157.82071747573053
0.41900000000000004 
31.764263828896134 115.73025601053037
49.82713654541166 109.11206055784481
66.07213307441481 98.8527123329414
31.764263828896134 115.73025601053037
66.07213307441481 98.8527123329414
38.93094323903664 93.2271707451427
0.3 
126.81867652180173 419.3619495401974
139.22129829549752 407.90356029808163
114.11541508297208 388.9545020792752
126.81867652180173 419.3619495401974
114.11541508297208 388.9545020792752
97.20369322547839 399.0438658783361
0.6318993453351277 
0.5 211.4891455904942
24.64284305117632 216.752082301683
29.651097809256335 182.76519181400568
0.5 211.4891455904942
29.651097809256335 182.76519181400568
0.5 178.20590145595926
0.5758824596762536 
0.5 365.5169625786707
30.37560037750787 354.1026679658324
27.69993753433183 325.91854306182836
0.5 365.5169625786707
27.69993753433183 325.91854306182836
0.5000000000000036 333.3546282737537
0.6901239040437159 
44.72130803812506 211.26104598560983
71.15652654435996 199.2300870825987
53.33162673679613 191.5748440591937
44.72130803812506 211.26104598560983
53.33162673679613 191.5748440591937
31.211012241763026 183.2554339805872
0.3659 
30.717667921866965 115.72117266968593
37.99076346141875 92.88394503560708
20.559303540160045 83.17209232806144
30.717667921866965 115.72117266968593
20.559303540160045 83.17209232806144
0.9411719489482486 92.90213531510007
0.32083799889788933 
94.46644587057766 117.48233007471923
115.45616586287113 114.19948386546429
116.659573009651 88.52569874290693
94.46644587057766 117.48233007471923
116.659573009651 88.52569874290693
97.48775719229478 95.65929550797416
0.3 
1.6579620427696753 395.04063075911625
38.18055056913107 395.639455478143
55.21600517754098 386.0354639633002
1.6579620427696753 395.04063075911625
55.21600517754098 386.0354639633002
28.41642787526474 377.8107043998749
0.4635485053676439 
1.967996545643242 177.42334217012237
30.163503371320722 181.8331761754038
57.97845591615655 171.16669062200688
1.967996545643242 177.42334217012237
57.97845591615655 171.16669062200688
38.178833341027435 163.9597643547669
0.3 
61.20818045673859 419.1594502906257
73.69222798405542 395.912619846789
56.4792984932631 386.4712316718772
61.20818045673859 419.1594502906257
56.4792984932631 386.4712316718772
39.116620246313545 396.25970039148103
0.45495894036128326 
37.81788648560179 67.11623569121713
60.3657287060805 73.6883692472306
49.79113523105162 49.25698818759565
37.81788648560179 67.11623569121713
49.79113523105162 49.25698818759565
21.817623066105934 55.536179236296526
0.3 
21.43332983852227 82.51432010360485
38.540707532116336 92.04561198179773
60.18504528108329 74.67731756765487
21.43332983852227 82.51432010360485
60.18504528108329 74.67731756765487
37.719409679479895 68.12914519041647
0.3 
0.5000000000000036 61.33689962018819
20.075227513243814 81.38206866017865
20.125939390338264 55.45975347030861
0.5000000000000036 61.33689962018819
20.125939390338264 55.45975347030861
0.49999999999999645 29.749320421604587
0.7650794630165246 
0.5000000000000036 394.5968733677397
27.870725133847316 376.97270980741604
30.32063932574481 355.1941665088391
0.5000000000000036 394.5968733677397
30.32063932574481 355.1941665088391
0.5 366.58746266042044
0.8553034046807565 
88.62161235731364 355.1291913389122
111.15046368647754 348.91887460105164
100.83570670242086 329.0605094774892
88.62161235731364 355.1291913389122
100.83570670242086 329.0605094774892
78.8572847814584 332.1498178084554
0.4109 
28.965972426593684 324.19318785456437
50.99400137014649 310.8031418815839
56.11818089167157 291.8373696331248
28.965972426593684 324.19318785456437
56.11818089167157 291.8373696331248
36.15433352705421 298.60030670760426
0.3 
105.14204398604053 28.802064511143637
139.5 16.004035454127422
139.5 0.4999999999999984
105.14204398604053 28.802064511143637
139.5 0.4999999999999984
126.3313444389024 0.5000000000000033
0.6824101787574764 
101.05493759327382 221.92214666571917
138.94365937503483 220.77499651975145
119.42021307098895 197.87799870036466
101.05493759327382 221.92214666571917
119.42021307098895 197.87799870036466
98.36472919950398 202.905339962722
0.43161181735072257 
53.7051417397915 190.64693570272667
71.39085200051441 198.24240112183162
59.14928190849818 171.7887094776027
53.7051417397915 190.64693570272667
59.14928190849818 171.7887094776027
31.626292079411098 182.34323308949914
0.3 
32.601012371814065 142.79571559363993
63.346019186312645 147.05355054043807
71.01640043935188 126.48329106463765
32.601012371814065 142.79571559363993
71.01640043935188 126.48329106463765
50.96361647779102 131.5851672025998
0.4175 
74.01988704139534 369.1774819311937
94.4156516922755 375.62287752765957
110.75600784951848 350.06490931916034
74.01988704139534 369.1774819311937
110.75600784951848 350.06490931916034
88.57829249619574 356.17843170225467
0.3 
73.25929598832467 34.73217604910438
103.01187361131599 29.482173633928806
90.48224672282758 0.5
73.25929598832467 34.73217604910438
90.48224672282758 0.5
56.345292537769254 0.5
0.8245374124123221 
54.55562785971848 26.097165110256
71.89593993710484 34.23035191238082
55.22988611055054 0.49999999999999994
54.55562785971848 26.097165110256
55.22988611055054 0.49999999999999994
28.49292925666939 0.49999999999999656
0.6414597302358742 
