108.51667183290165 45.869142020859584
111.9828527216547 68.749004188732
127.18070960331366 48.568381837419935
0.5966180574786537
209.5 69.5
209.5 65.5838797202203
184.34980540132855 69.5
1.0
0.4999999999999982 69.5
15.083333175578035 69.5
0.4999999999999982 64.90404019342665
0.9541574299530476
44.63552927590506 50.147150421940786
19.78895286418178 69.5
56.54948422800883 69.5
0.8051510744424341
106.4841637526894 44.74670082541981
80.23353590050223 23.239229715984983
78.74480557520079 44.147773295191236
0.3
157.76567307125626 42.06614683177888
184.62468773391382 33.466929140654955
164.8212014966481 24.59939357239108
0.3
209.5 0.5
190.3057022819271 0.5
209.5 8.044027764917605
0.86289980167916
155.74179730548573 42.57357720716755
139.9718557923029 29.857374053754206
129.10449523288264 47.49808445673286
0.3
156.69170035034227 42.05493256051477
163.73733462878826 24.61267337343388
140.97883071049395 29.38474971320472
0.3
44.88017126386606 48.60519843896884
61.15699808832616 32.825898616115644
30.811678438218852 24.343389147169933
0.3463320443018172
43.84093794155609 48.80649637483233
29.83612085773134 24.654499038283795
20.809429028900347 46.31742364177019
0.3
26.694684487452953 0.5
30.13859371405495 22.69322179393756
64.52545250629541 0.5
0.6686627014718746
91.59130198299837 0.5
111.61213134922627 19.40119901548556
125.45835823357251 0.5
1.0
187.0427949774367 34.05936257347203
209.5 63.519330463771496
209.5 34.38176242842941
0.93357710698169
157.1567263690482 44.01301828748201
151.40323088421005 69.5
176.87004631100325 69.5
0.6898358449105857
1.0015233205742042 64.01361118289171
18.233217269797873 69.44420594722385
43.487132484960306 49.774082614437404
1.0015233205742042 64.01361118289171
43.487132484960306 49.774082614437404
20.253991512615112 47.263219000726174
0.8871952789925667 
178.1037306270792 69.46052210270648
209.09318696512403 64.63517421330383
185.8380508414713 34.12845876055626
178.1037306270792 69.46052210270648
185.8380508414713 34.12845876055626
157.73487385126273 43.12600910952639
0.5622330224254981 
87.90417011140582 69.5
111.08521446105539 69.5
107.49003786460815 45.76865197290238
87.90417011140582 69.5
107.49003786460815 45.76865197290238
78.93167478316767 45.15204109970566
0.8008179986032573 
128.0992883049486 47.22323837763089
139.27768437434574 29.07763193052598
126.34557456825922 0.9810499852958543
128.0992883049486 47.22323837763089
126.34557456825922 0.9810499852958543
112.27804642056341 20.184342795422175
0.3 
140.13138882069416 28.540696997088197
163.89976076892205 23.55686827898711
156.1954533057014 0.49999999999999994
140.13138882069416 28.540696997088197
156.1954533057014 0.49999999999999994
127.22500137070377 0.4999999999999965
0.5769487574495966 
164.956610309764 23.564351419068476
185.55816811709488 32.78924467419537
187.1415475139709 0.499999999999993
164.956610309764 23.564351419068476
187.1415475139709 0.499999999999993
157.24980240236852 0.4999999999999999
0.7702485923575152 
30.967304989202884 23.348557357600516
62.060725835653436 32.04018558208681
79.1111007972007 22.066120403321857
30.967304989202884 23.348557357600516
79.1111007972007 22.066120403321857
66.06265202101812 0.698078425571925
0.517823526239744 
112.66914148994704 69.5
150.3780676360199 69.5
156.24806682079904 43.496927212471626
112.66914148994704 69.5
156.24806682079904 43.496927212471626
128.37056358463005 48.65071367373236
0.7852909333189501 
0.5 63.12444943605782
19.67406469624803 46.44227132857009
28.849310371717337 24.42283618497585
0.5 63.12444943605782
28.849310371717337 24.42283618497585
0.5 35.45308255186098
0.8568962049930426 
80.0725031649693 21.721727663670784
110.50330040323362 19.729616002348646
90.13459996017248 0.5000000000000001
80.0725031649693 21.721727663670784
90.13459996017248 0.5000000000000001
67.11340159404175 0.5000000000000034
0.6722820875034674 
108.13065054589636 44.80291094177056
127.13246189145706 47.55100041745819
111.40519764518406 20.67271495438849
108.13065054589636 44.80291094177056
111.40519764518406 20.67271495438849
81.10027919218113 22.656586128480907
0.442825647631617 
186.5464783120807 33.05213431341113
209.5 33.38165938367305
209.5 9.118493393395312
186.5464783120807 33.05213431341113
209.5 9.118493393395312
188.13195563424088 0.7201074589365248
0.8878487532838655 
57.72378616466935 69.5
86.83843069778017 69.5
77.87933637617579 45.1884063634149
57.72378616466935 69.5
77.87933637617579 45.1884063634149
45.59421028841165 49.796899029535105
0.9475927074622321 
46.22200318729406 48.69714917623062
77.73867284709029 44.19834868857353
79.2372984700889 23.150830132090015
46.22200318729406 48.69714917623062
79.2372984700889 23.150830132090015
62.43487477344881 32.97984969849049
0.30455452336813216 
0.5 34.38005603756373
29.20692180719773 23.210668993701162
25.682715938580838 0.5000000000000034
0.5 34.38005603756373
25.682715938580838 0.5000000000000034
0.5 0.5000000000000001
0.7236912263619005 
