56.81036835672061 47.52225648070266
80.04714564845787 68.85451188090168
79.84437989714806 41.19367715210896
0.6235031822408093
162.77154940688342 26.93236323776728
186.14982756022098 34.4228187253994
185.20328990346496 1.289130411954858
0.4447406258919889
162.53787738093718 27.907569248531825
166.02824958627448 46.75497112567629
185.45760338870286 35.25110354664623
0.3
110.35457883789482 38.513527927551635
97.50595062332248 23.677577975519156
81.58944810321245 39.97494480346258
0.3
111.48699991913202 38.293599145810894
133.58279552729078 22.91760100513572
98.60901032676773 23.423746435898778
0.5464646672368187
209.5 40.188041510387166
183.0145518034088 69.5
209.5 69.5
0.7940039414529205
55.15465850472271 46.82719102295559
48.4265371101172 23.650182334560036
35.34424014709167 48.31903566597707
0.45404577873923363
95.88345349504203 0.5000000000000036
97.93221645674731 21.91386462548554
122.12516659781056 0.5000000000000036
0.8852295383893889
31.173003966523567 0.5000000000000036
48.54271404686719 21.51688988591576
64.2252695659232 0.5000000000000036
0.6968650722434588
0.49999999999999645 30.58241106427537
26.210915789397305 29.146664039064568
0.49999999999999645 6.1190415053915
0.6983363157900193
0.5 69.5
19.525482097644147 69.5
0.5 58.10452857569555
1.0
81.05190421972247 69.5
115.09329798048933 69.5
110.97054550936011 39.483523396468364
81.05190421972247 69.5
110.97054550936011 39.483523396468364
80.84309077812017 41.014153351832725
0.508280411151613 
144.9636167553404 69.5
181.45273814330852 69.5
186.03388414577964 36.07203418570423
144.9636167553404 69.5
186.03388414577964 36.07203418570423
165.9787180787136 47.94643706379428
0.5929418102651708 
98.86931171977929 22.419874602429264
135.01826713403014 21.896721946665046
159.23453396912427 0.5
98.86931171977929 22.419874602429264
159.23453396912427 0.5
123.63394167470062 0.5
0.9219325184869949 
27.95069580836976 29.512383343357698
34.56270237080254 47.65833771655677
47.96450697149321 22.3869994335976
27.95069580836976 29.512383343357698
47.96450697149321 22.3869994335976
30.499896785208538 1.255282928958831
0.5614303388081916 
27.03421414147164 28.541592725015843
29.56397319383003 0.5000000000000034
0.5 0.5
27.03421414147164 28.541592725015843
0.5 0.5
0.5 4.776594524157054
0.9654525683080023 
56.99934748070598 46.43327760419328
80.07652255148254 40.092839124385875
96.45182039606186 23.325698507108104
56.99934748070598 46.43327760419328
96.45182039606186 23.325698507108104
74.60690039692741 20.95972278152051
0.3 
55.99348913885592 46.129784344795375
73.7934562128786 20.377856222849836
65.11367328744828 0.981531236360869
55.99348913885592 46.129784344795375
65.11367328744828 0.981531236360869
49.11234065955077 22.425628498429806
0.6108135698083792 
136.3163558138728 22.084198109330796
161.70378911208994 26.634166209822702
184.56497976209138 0.5
136.3163558138728 22.084198109330796
184.56497976209138 0.5
160.74480341159259 0.5
0.6159516197188205 
21.471618740087422 69.5
54.243300617293684 69.5
34.32147013008792 49.43790263779873
21.471618740087422 69.5
34.32147013008792 49.43790263779873
1.3050642032053261 57.42107370671183
0.8420016589884496 
116.1026863723291 69.5
143.07339471275506 69.5
133.79554763678127 42.951123173188904
116.1026863723291 69.5
133.79554763678127 42.951123173188904
111.9901903533449 39.55819742989655
0.5364570746593863 
187.13349866531482 33.83694268332967
209.5 8.588165471089129
209.5 0.5
187.13349866531482 33.83694268332967
209.5 0.5
186.18115459445912 0.5
0.8666654920298993 
74.70399234977228 19.964390407976392
96.97188162156336 22.376177014620758
94.87888710632194 0.5000000000000034
74.70399234977228 19.964390407976392
94.87888710632194 0.5000000000000034
65.99375040266386 0.5000000000000001
0.7629183888075153 
112.71313488079662 38.65865463543912
134.07647817659435 41.98280275596382
160.41957892829944 27.419941625403425
112.71313488079662 38.65865463543912
160.41957892829944 27.419941625403425
135.3262288292818 22.922679490084537
0.3 
0.5 56.58691647828264
33.816437317065336 48.53119959929023
27.099974207028783 30.098575252475356
0.5 56.58691647828264
27.099974207028783 30.098575252475356
0.5 31.5839690109573
0.7982049382637816 
55.65257901834953 69.5
79.27157074018399 69.5
55.62808503064015 47.79437062744954
55.65257901834953 69.5
55.62808503064015 47.79437062744954
35.596649287670196 49.30285921995155
0.6858065884682203 
182.60427266518806 68.46247821579607
209.5 38.69645585762359
209.5 10.096256274805853
182.60427266518806 68.46247821579607
209.5 10.096256274805853
187.14457710741252 35.33252741324438
0.8642402666389317 
143.98342801135257 69.07285766809113
165.12816897008122 47.38633339152998
161.5286337029789 27.949469997336163
143.98342801135257 69.07285766809113
161.5286337029789 27.949469997336163
134.77987765864108 42.736583456776394
0.6734638098950019 
