44.73668612002538 95.58306871290908
21.685318263988773 98.42845432652871
26.926464313003134 117.14492889215865
0.3
26.752755451544967 119.11735948959246
15.037983753497766 139.5
41.624923471013744 139.5
0.8476954249256601
209.5 0.5
191.68211732780765 0.5
209.5 3.453766497748172
0.9747873821589417
128.89410644786665 37.783451759868406
145.32033561176894 27.362252989403498
117.07936886769235 23.776636076668105
0.4551404226718571
36.12824276123126 0.5000000000000036
44.61271522954205 25.982831476199163
60.95492923830502 0.5000000000000036
0.6385654894557202
55.84788694424944 45.912011406316445
44.69434034091227 28.41726109878916
38.71784835081134 55.17017436548031
0.3
56.64003945526677 45.29434153154568
78.28241511266734 22.996282282574455
45.309933205690925 27.52265088968502
0.3
163.71893919119157 139.5
189.20417915183813 139.5
186.4127382267097 120.410002875397
0.8033285919671215
209.5 37.604977687012116
209.5 5.322430641362914
190.17477566954656 26.260928491359362
0.7915483976396182
100.08396660544338 139.5
72.26450315897675 116.60317587986357
76.46018176451764 139.5
0.9975369705704542
57.8274494746 45.50675349757401
80.44818147233823 43.93105780608397
79.22029188085584 23.4657874303631
0.3
97.82738963694501 33.61383819827073
80.20687164032277 23.21213950413245
81.4264559217926 43.53898504415112
0.3
151.63768290235214 102.75151266328668
123.25451645256592 112.38960592683426
160.50329165629933 119.18324951373778
0.544331200741848
152.6826965477624 102.58237929456308
161.56266001930132 119.04072153090218
180.5811406756744 100.4613467984075
0.3
46.505522961694226 95.34681827194267
50.13335471629773 115.33039296052804
67.32351668071162 92.05107657776252
0.4078
150.58568074439702 0.5
126.7611203856346 0.5
146.45120757892266 25.829116210385852
0.7595634556401011
174.1778775882816 78.25681472199174
148.76076386640796 81.16306889080894
152.20169366225934 101.08405235105009
0.3
209.5 93.69979891646074
187.72106583951734 119.11707759791794
209.5 123.18068780178875
0.8982218988536954
43.286410493268505 139.5
74.73495073872301 139.5
50.09575944839321 117.4509695631958
0.700792639737113
176.7411643796405 77.58794848214188
209.5 91.5903456444851
209.5 62.68971458321325
0.6301940312831464
102.45485670488586 139.5
136.7340623141365 139.5
160.286428777447 120.16019303545009
102.45485670488586 139.5
160.286428777447 120.16019303545009
121.49012489154987 113.08430236123624
0.7520669396251056 
162.6857668519975 119.3415283604485
186.5444196578842 118.95340403827805
208.5705259794086 93.24766111641304
162.6857668519975 119.3415283604485
208.5705259794086 93.24766111641304
182.16935306503947 100.30778660549555
0.5924253511839092 
26.138688826502005 37.04991955538709
37.761405765983675 54.8648577146713
43.9506075002457 27.15977964194558
26.138688826502005 37.04991955538709
43.9506075002457 27.15977964194558
35.48937042366136 1.7467348936614542
0.46194307961250664 
148.34601529756262 80.20397637814911
174.36888217974956 77.2284589300037
157.5215658470445 61.507567959414146
148.34601529756262 80.20397637814911
157.5215658470445 61.507567959414146
134.00879423173686 67.2095868825536
0.34650000000000003 
157.44346711777226 60.15075669802975
168.67582216044602 31.30559872038237
146.8652825645486 27.56637058697324
157.44346711777226 60.15075669802975
146.8652825645486 27.56637058697324
129.66034637139623 38.481600011388025
0.3 
176.70320447861417 76.50665412607017
209.5 61.59115662562577
209.5 39.5320714583257
176.70320447861417 76.50665412607017
209.5 39.5320714583257
187.60078644767373 57.41444684889899
0.5682713799622569 
84.70890002096574 76.09906723890805
112.79395649565608 53.5378138856498
98.6692919558702 34.273206976876864
84.70890002096574 76.09906723890805
98.6692919558702 34.273206976876864
81.50642217255108 44.659445093234154
0.3614 
0.5 122.14698022714992
26.0716693352765 117.80083752676181
20.621836154549126 98.33912759536385
0.5 122.14698022714992
20.621836154549126 98.33912759536385
0.5 87.15432684847589
0.854699077733077 
27.335699575482323 118.21973279173177
42.42508331534354 138.90007232868157
49.334339898871626 116.52753573085494
27.335699575482323 118.21973279173177
49.334339898871626 116.52753573085494
45.62245460777204 96.08095993361074
0.3926016113475662 
101.63582468733435 138.92609984344523
120.69216136427548 112.48116495604341
105.7899303691469 80.47695803501632
101.63582468733435 138.92609984344523
105.7899303691469 80.47695803501632
89.94589199006248 105.13480657191701
0.3 
0.5 59.31795327459925
37.121770997239196 55.714576698138835
25.31609480091145 37.61920429414635
0.5 59.31795327459925
25.31609480091145 37.61920429414635
0.5000000000000036 35.96913306577376
0.5239542903670501 
0.49999999999999645 34.96692491217888
25.22055597444399 36.61064357500838
34.7851075460332 0.5
0.49999999999999645 34.96692491217888
34.7851075460332 0.5
0.5 0.5
0.6608839454260151 
71.9968924091477 115.08776923106676
100.42537211316078 138.48584450445338
88.97730247868353 105.39368833645618
71.9968924091477 115.08776923106676
88.97730247868353 105.39368833645618
69.08455160423215 92.37866145492934
0.45032480460842317 
153.1467935132934 101.54420955505782
181.82938776942945 99.3635605478093
208.4725894320747 92.23871242915511
153.1467935132934 101.54420955505782
208.4725894320747 92.23871242915511
175.6230421736039 78.19754159369356
0.32167042618786457 
170.31098407823683 30.188952116065
189.12433701288384 25.92463288673833
209.00417787993348 4.3852190028311195
170.31098407823683 30.188952116065
209.00417787993348 4.3852190028311195
185.8832914773933 0.552344978991707
0.6800402732966456 
69.26723192335074 91.3031689270782
89.24586130723007 104.37438266359584
105.00319533972333 79.85147085144821
69.26723192335074 91.3031689270782
105.00319533972333 79.85147085144821
84.47297015927529 77.58670117980076
0.3 
50.52068563027909 116.48928567774533
75.28838196461058 138.65331224380918
71.03192815359664 115.42482325574338
50.52068563027909 116.48928567774533
71.03192815359664 115.42482325574338
68.1131108899137 92.66521500249536
0.3 
113.54008504753119 52.86423927137482
128.1137806005732 38.409313374504194
115.76588560338601 23.770419524560467
113.54008504753119 52.86423927137482
115.76588560338601 23.770419524560467
99.52598130219874 33.75042604967799
0.3 
80.28556754807113 22.097356655108666
98.79674965147655 33.02482988539955
115.02900211487766 23.049525690395477
80.28556754807113 22.097356655108666
115.02900211487766 23.049525690395477
89.49172822666534 0.8258867114670103
0.4690985770944427 
0.5 139.5
13.884584841411153 139.5
25.74070355889383 118.87142849250341
0.5 139.5
25.74070355889383 118.87142849250341
0.5 123.1613204853509
0.9317468695242197 
147.33338194980064 26.632032535054403
169.0903741930675 30.362080438577646
184.7811546530939 0.5
147.33338194980064 26.632032535054403
184.7811546530939 0.5
151.5989151953382 0.5
0.8507172519269711 
158.25453412737653 60.82377621130997
175.38125615903533 76.80539158708487
186.62343272379943 57.10946584590358
158.25453412737653 60.82377621130997
186.62343272379943 57.10946584590358
169.48559190182178 31.981949672781735
0.3891 
138.3098417595641 139.5
162.1654924030322 139.5
185.37939961029443 119.97248849151009
138.3098417595641 139.5
185.37939961029443 119.97248849151009
161.6201017191811 120.35899654224792
0.7959329555379893 
0.4999999999999929 85.64934786757155
36.1932915511027 75.89362814219801
37.45326786211172 56.68678833591595
0.4999999999999929 85.64934786757155
37.45326786211172 56.68678833591595
0.5 60.32278234199609
0.45790771742920844 
45.47504651454532 26.49060607327342
79.30445527399837 21.84660098327438
88.5431322020404 0.5
45.47504651454532 26.49060607327342
88.5431322020404 0.5
62.142897850594764 0.5
0.8444935336256367 
116.08432476791465 22.64227236795857
145.6226370605263 26.392606876328863
125.49450930345131 0.5
116.08432476791465 22.64227236795857
125.49450930345131 0.5
90.6405495831174 0.5
0.8981560040484602 
121.53306311615947 111.91807955894191
150.49577240530763 102.08319049581806
129.7352470038711 92.99271808919116
121.53306311615947 111.91807955894191
129.7352470038711 92.99271808919116
106.95334692758765 80.60650923759653
0.3 
187.31853874739858 56.353878816828626
209.12701881009613 38.545594229478056
189.30392666115586 26.909292952852205
187.31853874739858 56.353878816828626
189.30392666115586 26.909292952852205
170.19102797455537 31.24150857016222
0.668281315320746 
21.147551927781404 97.48724493435402
45.160744200766395 94.52313485388694
36.40384175236726 76.87275983305067
21.147551927781404 97.48724493435402
36.40384175236726 76.87275983305067
1.3150324365788748 86.46326197802117
0.524211587584854 
190.2148135288542 139.5
209.5 139.5
209.5 124.19794575960064
190.2148135288542 139.5
209.5 124.19794575960064
187.37358254695283 120.06950058066013
0.6910184625371114 
