62.20166524086865 30.33110509767248
72.29757255097637 53.127192197810444
81.80124718318662 24.59476478349631
0.3023
183.61054624331308 71.25349997132145
164.48122293764422 67.53100211505316
168.8961749902941 92.61772334264842
0.3
19.73553913566455 19.979671948282547
0.5000000000000036 1.1874812402458623
0.5000000000000036 29.624738771348902
0.9453890061738246
20.39560214375222 19.226510677277073
27.702957199837815 0.5
1.227292572843421 0.5
0.6968249237337352
70.39524021978977 139.5
64.57604596855043 117.3381271869672
46.65600168633388 139.5
0.9955866227640516
209.5 139.5
209.5 123.6962301177194
200.63631056382965 139.5
0.8071736468844973
209.5 96.18262708586153
185.07941220256615 109.2556648866982
209.5 120.98769431787449
0.7933529443040439
209.5 29.770377565767696
209.5 8.995340394446186
189.59934455700284 22.711257980583003
0.8094381754071633
109.79295668122519 139.5
134.4197398881195 139.5
134.71863163846652 117.33473418758305
0.7209623870541647
0.5 56.89048205971497
0.5 94.31321660844549
25.202557862648945 76.06063492706761
0.9273388724096504
108.94281479197076 138.91779459983957
134.72087052270376 115.99454544493555
132.90907147564945 84.34772598947174
108.94281479197076 138.91779459983957
132.90907147564945 84.34772598947174
107.79781482018912 104.22635545534993
0.5510201151228398 
62.09369307400751 29.320756113729924
82.17137348680367 23.444487532796764
88.64378989856473 0.5000000000000034
62.09369307400751 29.320756113729924
88.64378989856473 0.5000000000000034
65.31676603576489 0.4999999999999966
0.8820719090364643 
101.0693795024028 57.021128291496595
130.92550438504034 58.94619809412284
134.15493559899005 23.68587809146335
101.0693795024028 57.021128291496595
134.15493559899005 23.68587809146335
104.80445350828253 35.395600146522476
0.3 
0.5 139.5
7.900671895108186 139.5
20.768578800547388 119.44721589163778
0.5 139.5
20.768578800547388 119.44721589163778
0.5 117.29503244166497
0.829057585558988 
189.3550558842772 49.150550072491015
209.5 62.001024892470454
209.5 30.831426490122144
189.3550558842772 49.150550072491015
209.5 30.831426490122144
189.01884380081748 23.566392870148988
0.9428458911701494 
22.54854903773079 118.45829312520155
44.04629454115849 116.69575725989144
52.39521102800309 95.58779403787028
22.54854903773079 118.45829312520155
52.39521102800309 95.58779403787028
32.88290318855408 100.96351000071463
0.3 
158.37083990780687 113.70894089468803
183.4800973436691 108.86600503641768
183.93474194811563 72.54577067387571
158.37083990780687 113.70894089468803
183.93474194811563 72.54577067387571
169.0418132874633 94.16924673603722
0.3 
188.79001385998617 22.054558989279677
209.5 7.780834994604808
209.5 0.5
188.79001385998617 22.054558989279677
209.5 0.5
182.28195708858797 0.5
0.6911103893720474 
162.33709316736656 139.5
199.48976661737802 139.5
209.30333009700564 122.00262488616744
162.33709316736656 139.5
209.30333009700564 122.00262488616744
184.13185578191784 109.90985791674422
0.824031157872741 
165.8714553984008 34.85165771097458
188.34681646856768 48.530139739931755
188.01042361325824 22.932226650608637
165.8714553984008 34.85165771097458
188.01042361325824 22.932226650608637
181.50799652303087 1.3963130572051128
0.5589803366497138 
21.28552484449747 19.69680194975097
40.63092957956878 22.149188987877725
63.609713460943894 0.49999999999999645
21.28552484449747 19.69680194975097
63.609713460943894 0.49999999999999645
28.776394350603653 0.49999999999999645
0.7410679056912749 
157.35042668353393 113.49105356208526
168.09257454538516 93.82103131015681
163.4903557815425 67.67021975431373
157.35042668353393 113.49105356208526
163.4903557815425 67.67021975431373
134.10995493891062 83.51832828293475
0.3 
65.27702084123896 116.07021690045667
71.19304395037 138.6008536248799
86.10384671091273 109.22999047676092
65.27702084123896 116.07021690045667
86.10384671091273 109.22999047676092
54.34483296627221 95.85210652525198
0.4200633974679437 
73.03447752681151 54.07923196308338
100.06896024726653 56.937832334938335
103.8041279270536 35.31176183184344
73.03447752681151 54.07923196308338
103.8041279270536 35.31176183184344
82.86759125344945 24.55774532557809
0.3 
83.16971147799293 23.588724890628413
104.11512619191859 34.347301587227484
118.97358172551795 0.499999999999993
83.16971147799293 23.588724890628413
118.97358172551795 0.499999999999993
89.68281584326283 0.4999999999999999
0.7951712867257721 
1.2540411414552501 94.99942821398324
32.52720846200455 100.02424812894755
52.06262496761077 94.64216563957217
1.2540411414552501 94.99942821398324
52.06262496761077 94.64216563957217
26.040627938488868 76.68475802351318
0.3075187365559316 
163.97210747324303 66.21472120715579
187.94452226615573 49.45594163982627
165.16008887138915 35.58935850653147
163.97210747324303 66.21472120715579
165.16008887138915 35.58935850653147
145.45418079500098 41.583560190857675
0.3 
50.812002176520686 54.780410934660914
61.02418845231604 29.886525164874914
64.22132586652312 1.2976850206226693
50.812002176520686 54.780410934660914
64.22132586652312 1.2976850206226693
41.36871811914476 22.827998658753557
0.6159823940415425 
44.90200536076133 117.25113685096866
46.0389526390466 138.67268597037415
64.21035084466455 116.19996159951307
44.90200536076133 117.25113685096866
64.21035084466455 116.19996159951307
53.29928180576876 96.02090863564834
0.6739179985169871 
51.301151254231165 56.22283672485894
65.0126835146124 75.93642496951024
71.82962696928084 54.54007730216395
51.301151254231165 56.22283672485894
71.82962696928084 54.54007730216395
61.53092271405254 31.286084173116357
0.3 
165.11533320435663 66.63563975045652
184.42662928763144 70.39354885801231
208.82533545103476 62.75679134739684
165.11533320435663 66.63563975045652
208.82533545103476 62.75679134739684
188.87135881977952 50.02813482765632
0.32116423265787003 
184.48551678240648 108.43932043551689
209.5 95.0483534618899
209.5 63.593462081253726
184.48551678240648 108.43932043551689
209.5 63.593462081253726
184.9506978850719 71.2773558931211
0.597565435718634 
71.8580579404064 139.5
107.96148610728474 139.5
106.81033064930418 104.62206069818589
71.8580579404064 139.5
106.81033064930418 104.62206069818589
87.13442212098357 109.40906465908952
0.6384381715568325 
53.98256506494581 94.6144109621864
86.30343442981568 108.22896596857655
86.63912087477735 84.89813024525235
53.98256506494581 94.6144109621864
86.63912087477735 84.89813024525235
65.38253646902628 77.65131275462204
0.3 
0.5 116.289410802417
21.35988599409024 118.5043811684492
31.751622532429682 100.91245676061654
0.5 116.289410802417
31.751622532429682 100.91245676061654
0.5000000000000071 95.89109855707076
0.5647169186079289 
23.233970296031444 50.17580507705506
50.020045017485046 55.62902521895313
40.41516655974873 23.12984013917569
23.233970296031444 50.17580507705506
40.41516655974873 23.12984013917569
21.128860647780925 20.684944967449894
0.3 
135.73407104561988 116.19651801611735
135.43124544290362 138.6535111289008
156.77501659650773 114.38091245021559
135.73407104561988 116.19651801611735
156.77501659650773 114.38091245021559
133.94443452022125 84.93681286157691
0.3150415417329143 
26.867798035027878 76.04057904260117
53.0962434990909 94.1404537680748
64.57556805496874 77.0592784830068
26.867798035027878 76.04057904260117
64.57556805496874 77.0592784830068
50.63025441120442 57.009573906222755
0.3573 
132.04211527258357 57.71868872608741
144.31981971335964 40.88337321803112
163.71730489180374 34.982988527429555
132.04211527258357 57.71868872608741
163.71730489180374 34.982988527429555
135.16414785702767 23.630993186787535
0.3 
135.5589529405137 22.711823100241755
164.97542472159546 34.40705001298746
180.82308635622843 0.49999999999999994
135.5589529405137 22.711823100241755
180.82308635622843 0.49999999999999994
154.40540001353023 0.49999999999999656
0.702948894036272 
105.30784597280474 34.11811794114436
134.42645282225644 22.500905256737596
153.0939388097098 0.49999999999999667
105.30784597280474 34.11811794114436
153.0939388097098 0.49999999999999667
120.06569333811103 0.5000000000000069
0.789126661439918 
26.02582326926176 75.43372620754424
49.58953469550501 56.561893006218895
22.769192771175184 51.10169660509381
26.02582326926176 75.43372620754424
22.769192771175184 51.10169660509381
1.1370947772721678 56.119097636755725
0.6454483276077815 
9.08885586739536 139.5
45.08145479177145 139.5
43.92490239042874 117.709065145136
9.08885586739536 139.5
43.92490239042874 117.709065145136
21.914123492208752 119.51366308427049
0.6864789012289633 
0.5 55.240320648424536
22.233116465754946 50.19948914852836
20.1413020278049 20.894884033965837
0.5 55.240320648424536
20.1413020278049 20.894884033965837
0.5 30.743408123366784
0.8260370437845008 
87.3019528031938 108.33913546845844
106.87802538202965 103.57642086044218
114.11907387085472 74.6287491595392
87.3019528031938 108.33913546845844
114.11907387085472 74.6287491595392
87.63939156489924 84.88651045427136
0.3 
136.0185247956129 139.5
161.0951136809755 139.5
182.8139694043015 110.0129145884859
136.0185247956129 139.5
182.8139694043015 110.0129145884859
157.68580786463085 114.85949656661607
0.8892164883309035 
