185.31665890843337 156.161250269411
208.7005828896112 150.78567297812674
176.50962863964196 130.92074078989444
0.7289919316977609
0.5 33.92162079793607
0.5 55.51017376251707
34.778387084688916 56.21489748612801
0.7413400922522221
23.396534982370525 183.06376613328916
3.9873822566732713 209.5
28.396567715339454 209.5
0.9275554723806367
24.738994025662045 181.64129411039784
45.141769531033994 187.8285853942239
44.393427739033534 166.2317318721512
0.4633400812626636
24.493456422265975 180.5630952519619
44.18210120732553 165.126710687206
32.32788190647898 147.7723925026296
0.3
0.5 32.399119177512745
31.487916866095574 26.671779257164996
0.5 1.061879531875018
0.7779434509564602
27.578558030421924 0.5
1.3898704644596656 0.5
31.911048093011605 25.72416404892933
0.6416131139362191
57.81186741264493 0.5
28.5932014797916 0.5
32.95916961056629 25.919076506139998
0.759420882099
209.5 54.14340056355611
209.5 25.67606993991513
176.81775275479185 35.686175343340274
0.8787410911056559
36.53170712020556 58.08942620318439
24.768397666452486 88.09240460218277
47.356977908162065 84.28250965317676
0.3
92.50458084237192 0.5
60.48125406997208 0.5
92.73073741893239 25.07144375637924
0.7377754017401483
184.52296310444703 157.96740592571464
161.89427651410443 181.75141911795066
185.28357985578367 187.8785375221931
0.3188629962452504
95.96341639334592 181.18485240454962
115.28630379948456 188.8894418004646
108.7645696087362 166.356683010547
0.4249498372540084
209.5 208.88800822958137
209.5 184.6023001679149
186.89591604149794 188.83434390737648
0.6781279717249853
93.50462319866054 0.5
93.72983554208092 24.968854780868202
120.70459764715682 0.5
0.6739081801366558
0.5 151.58951775629586
20.711388048982986 126.66406800853444
0.5 123.58202512958356
0.7226186567929788
0.5 88.51550326480064
0.5 121.41344287249439
23.040191668951046 89.20388711585758
1.0
63.56920415388167 209.5
87.92702299209996 209.5
66.83359889979837 184.38819498941086
0.921515678495792
117.47713247116772 209.5
147.23281319368527 209.5
116.59455614190423 190.65402685441217
0.8245716203886589
148.53288696771324 0.5
123.38792072581062 0.5
150.0351202174478 22.56268105567912
0.9108951353165777
209.5 89.80779113996269
209.5 56.0045241442586
190.0523160225817 70.70016822204687
0.8435736858755829
0.8712414856410007 122.62707604871748
21.59516969609276 125.78727638775983
41.23163567504839 118.37295312811968
0.8712414856410007 122.62707604871748
41.23163567504839 118.37295312811968
23.948807136077125 89.64962188762071
0.6965632821811111 
164.12758792901892 54.14010736094528
189.26326041433379 70.04301995847403
209.09048269723417 55.0605777273567
164.12758792901892 54.14010736094528
209.09048269723417 55.0605777273567
175.7222483506403 36.21594284300601
0.3 
175.6489024855564 128.35553507071714
187.350277363209 102.04522656704913
166.46065739326963 76.1027042783931
175.6489024855564 128.35553507071714
166.46065739326963 76.1027042783931
166.9782964552552 101.3660451081761
0.3 
95.37303190052543 180.33843905565513
108.41281098261746 165.23385825451533
99.67665790269778 142.98353878313273
95.37303190052543 180.33843905565513
99.67665790269778 142.98353878313273
90.04681397905424 159.5658588453645
0.3 
116.47741690078082 189.40793586215074
147.88469368766494 208.72694261574327
134.52627998478025 178.77750714554247
116.47741690078082 189.40793586215074
134.52627998478025 178.77750714554247
109.7878946294434 166.29546495316217
0.42367062808892114 
45.07696578760813 164.6638566324275
65.9788180687072 159.58770941984642
50.19063956595402 137.78026330615282
45.07696578760813 164.6638566324275
50.19063956595402 137.78026330615282
32.83570119248681 146.7429125893091
0.3 
36.49183081225345 56.13636995474738
59.45273804392468 38.07247085569783
32.582150901531904 27.486474219163203
36.49183081225345 56.13636995474738
32.582150901531904 27.486474219163203
1.3229524382238615 33.263953744831454
0.3 
89.61839782032439 209.5
116.47603649907089 209.5
115.56647084008412 190.0777138871168
89.61839782032439 209.5
115.56647084008412 190.0777138871168
95.49123715545252 182.07314245241548
0.8422081589617803 
46.15960169946959 188.32589479757348
62.65493060216454 208.7758125998797
65.95314811581575 183.403821302283
46.15960169946959 188.32589479757348
65.95314811581575 183.403821302283
45.39738052622683 166.32848772246996
0.6744965165475333 
186.28524486187857 187.9313010641906
209.5 183.58492457196974
209.5 151.62798324843044
186.28524486187857 187.9313010641906
209.5 151.62798324843044
185.50236414876366 157.14464274622262
0.6312621911284404 
176.20789961368064 129.55946677631405
209.5 150.1039126303442
209.5 120.23715353678892
176.20789961368064 129.55946677631405
209.5 120.23715353678892
188.12195454069052 102.77095141493291
0.7418099329698452 
88.725181439133 208.89544403180295
94.61278293455214 181.39964544151454
89.24882373602864 160.47987191011563
88.725181439133 208.89544403180295
89.24882373602864 160.47987191011563
67.15791630051463 183.219529376945
0.4955133433591684 
120.42031667633572 37.295533514091424
136.5231872198002 50.811411155769925
149.98843804078402 23.822302020817762
120.42031667633572 37.295533514091424
149.98843804078402 23.822302020817762
122.44405733412776 1.0167953259068483
0.4193319177682895 
85.90781741359119 58.314607305352105
101.39922704480797 46.7243487453607
92.96371231043736 26.719507823994757
85.90781741359119 58.314607305352105
92.96371231043736 26.719507823994757
61.440781645757646 38.09938889115445
0.4213 
0.5 209.5
2.746805253679245 209.5
22.575868175074795 182.49182750756032
0.5 209.5
22.575868175074795 182.49182750756032
0.5 185.4377103637633
0.9173856780602462 
188.44158147520687 101.7407687584996
209.5 118.94583060668197
209.5 91.20969480128858
188.44158147520687 101.7407687584996
209.5 91.20969480128858
189.73938484613006 71.79461260308827
0.908412319578591 
102.26141153470954 46.1953034880735
119.42373651084095 37.20635770695775
121.43286821395816 1.189508036855372
102.26141153470954 46.1953034880735
121.43286821395816 1.189508036855372
93.83851755081868 26.220392702995206
0.33806663249170443 
182.24952064437537 209.5
208.6829955496657 209.5
185.557951357575 188.98415540679704
182.24952064437537 209.5
185.557951357575 188.98415540679704
162.21186011707607 182.868356948966
0.7222098876201596 
151.90089273004668 127.7106241880446
174.8726673139608 129.2087464012815
166.14488963127025 102.04129497527273
151.90089273004668 127.7106241880446
166.14488963127025 102.04129497527273
135.4739064624812 109.21967682723334
0.3 
0.5000000000000036 87.51503701902513
23.643533390908942 88.22184709751461
35.79221638217162 57.23595194648288
0.5000000000000036 87.51503701902513
35.79221638217162 57.23595194648288
0.4999999999999929 56.51038507305095
0.5280370547870684 
149.3244655607148 209.5
180.99807889392946 209.5
160.6736129632979 182.48716977812603
149.3244655607148 209.5
160.6736129632979 182.48716977812603
135.73396178923022 179.03022082077743
0.8226431639226972 
32.99564587444218 145.53483333404446
49.892074768131444 136.8089731175976
55.30244461696461 104.83814057740547
32.99564587444218 145.53483333404446
55.30244461696461 104.83814057740547
42.40662930575734 118.89173732293096
0.425 
137.45828476768804 51.177107865539575
163.179546826909 53.7645411041032
174.8288208017168 35.75594959333918
137.45828476768804 51.177107865539575
174.8288208017168 35.75594959333918
150.84145149018067 24.352524198540046
0.3 
1.2626918230808357 152.23666388197105
31.727081874852914 146.12373299313919
41.139469336252525 119.47666208305625
1.2626918230808357 152.23666388197105
41.139469336252525 119.47666208305625
21.952434073707643 126.72128960325672
0.6075767297791397 
151.09202387951876 23.36439640630207
175.12916297257485 34.7914820025642
178.44925213230658 0.5
151.09202387951876 23.36439640630207
178.44925213230658 0.5
149.5352023658516 0.5
0.5688935085239307 
187.4890781471339 100.62314830237689
188.77642187789735 70.91834305155677
164.05828982673586 55.279601187242164
187.4890781471339 100.62314830237689
164.05828982673586 55.279601187242164
166.40964047704202 74.44489410839783
0.47257194819004844 
42.052870371838544 117.79819621421724
55.4902301529369 103.15443534056526
47.75499511122122 85.22950235771586
42.052870371838544 117.79819621421724
47.75499511122122 85.22950235771586
24.787187068042766 89.10335963059876
0.3061 
176.12802075952592 34.851576232639076
209.5 24.630215773191477
209.5 0.5
176.12802075952592 34.851576232639076
209.5 0.5
179.4539282213602 0.5
0.5263903999687649 
29.414296693026017 209.5
61.95430399086354 209.5
45.37319602858918 188.94373847287898
29.414296693026017 209.5
45.37319602858918 188.94373847287898
24.318761990884713 182.55882696056636
0.5387351719648861 
110.28497258552001 165.42618997819181
134.79513515812988 177.79307969144529
157.53608091336844 152.62551679433722
110.28497258552001 165.42618997819181
157.53608091336844 152.62551679433722
128.3173091348037 159.40249167316998
0.3 
159.36406184495436 151.34362449168245
184.23444930883088 156.0950943260036
175.2104989357397 130.23290264695183
159.36406184495436 151.34362449168245
175.2104989357397 130.23290264695183
152.3563150076748 128.7424492001375
0.3 
0.5 184.42884605735497
23.26758761392321 181.39065768364998
31.43599767691289 147.2020746344035
0.5 184.42884605735497
31.43599767691289 147.2020746344035
0.5 153.40963747924147
0.7789879359419495 
33.516285778862155 26.779682873238112
60.45443522768713 37.39229650719294
92.20693862269812 25.929538933555364
33.516285778862155 26.779682873238112
92.20693862269812 25.929538933555364
59.04853241778636 0.6655710026882495
0.5369477358035285 
66.44815658084049 182.51500319910957
88.30780943963799 160.01339162865278
66.88485534240539 160.39673967916883
66.44815658084049 182.51500319910957
66.88485534240539 160.39673967916883
45.9438295433673 165.48240042869483
0.3 
135.91463057471532 178.04570276935775
160.76273960695622 181.4899628358501
183.9983216273326 157.0680686576097
135.91463057471532 178.04570276935775
183.9983216273326 157.0680686576097
159.15781600613286 152.3223077280766
0.4148 
