209.5 145.18906886001767
209.5 119.75094724780911
181.87022797622956 131.30114193306142
0.8398301998302109
1.0402005520943405 209.5
29.317508241172085 209.5
21.30628812670627 184.16302887329948
0.9633073490949964
209.5 0.5
208.5332975666777 0.5
209.5 15.483887716495637
0.9482806969048403
154.5497331330148 0.5
156.3517246934823 19.47491947344874
175.77277645076845 0.5
0.8905505751896519
129.64794118937476 169.41910559046906
95.76555899151069 160.2473945383565
101.70406293988621 187.2556505454418
0.3
183.19324457520835 157.69991981993596
180.31313582909712 132.5068020247842
165.55730256261583 150.87758693080696
0.3
61.976282637546326 209.14578485828025
76.75405264633412 187.41739457640972
43.672224230753 185.2059137262456
0.6572935225781112
20.223728062607133 27.66830812561217
0.5 1.4943291573856214
0.5 26.528070412701076
0.6989019424099491
149.813579721961 41.55611729491053
122.80545938087695 24.368515174959978
129.65118470917994 44.52372308172886
0.3293
83.07590852032158 41.231863384442505
100.07620783885216 50.89520442787294
101.10880813776123 29.82804993761784
0.3
115.19350456730976 0.49999999999999645
93.6717501284959 0.49999999999999645
101.77080337080392 27.53397648474432
0.8167858822518264
183.14904696263844 159.38772716835905
161.77047937697887 171.22869868256237
180.16712430237257 180.57437632220928
0.3
62.94473726531551 209.5
91.099469492151 209.5
77.64003546607724 187.89287156149126
0.6691490825820801
129.7068932053456 170.56782620011393
102.91492768501877 187.6691066010953
121.26694279280386 188.95099690910587
0.42458521221653645
22.197922431816846 28.485502734006364
46.77356242524624 54.70340594421648
48.741680166588914 20.90108999754743
0.3
209.5 209.5
209.5 207.5635871324806
193.36322610400484 209.5
0.9851541938034333
0.5000000000000036 147.575886029198
20.14135257213828 123.05235663100335
0.5000000000000036 117.65590331489864
0.6684903387704408
141.52702783152085 187.3817837062323
124.99784943961748 209.5
149.29447513758385 209.5
0.7059984550445165
29.925356138901094 78.02999521701037
58.342160851581845 82.4644133399165
47.07748823927318 56.846910386343154
0.334
61.76948127138955 0.5
71.72387465985057 22.89019973463317
91.8772374357484 0.5
0.8803557161811917
173.52475199406155 45.81493505967302
209.5 64.18330472794395
209.5 31.732663911130928
0.595519657100439
209.5 184.27593477971897
186.2911686585412 209.34147262849447
209.5 206.5564128675194
0.9199083475610087
25.542248559248076 155.2442192258797
45.22984097818338 149.42339127964942
41.919729531662604 129.0153521098485
0.3
180.21548551528286 182.35010398641882
151.2641189581978 209.5
184.41667890168344 209.5
0.8921578856172775
116.64250944941253 0.5
122.17894982414329 22.347748282060216
152.4527513894743 0.5
1.0
177.5590302875555 0.49999999999999645
179.7576388972738 20.16074555778436
206.47685288615898 0.49999999999999645
1.0
122.7654257088015 23.15771650575051
150.8817501222819 41.05056469330998
155.44763328582647 20.53221113125068
122.7654257088015 23.15771650575051
155.44763328582647 20.53221113125068
153.58476567161023 0.9162685569810876
0.7097244952466486 
22.053506798635055 182.65783663910025
42.15188250192311 184.0996635368086
45.22882217712349 150.46648426375071
22.053506798635055 182.65783663910025
45.22882217712349 150.46648426375071
24.88136270079985 156.4824083155235
0.3 
0.5 88.28457763851847
28.43057847635858 78.06258827467056
24.474034588865415 53.72150951251843
0.5 88.28457763851847
24.474034588865415 53.72150951251843
0.49999999999999645 59.39547686697719
0.5931252871505858 
172.12816160174265 44.56075465899863
178.84904872536143 21.03390491910515
176.61691010484952 1.0733219969766878
172.12816160174265 44.56075465899863
176.61691010484952 1.0733219969766878
156.59531374948085 20.634990609001576
0.5634055061567033 
0.5 58.36785177370584
24.320898204865912 52.73012741540913
20.83666152364261 28.705411719056745
0.5 58.36785177370584
20.83666152364261 28.705411719056745
0.5000000000000036 27.529740043278217
0.5627273585972759 
92.27761413724576 209.5
122.76584783967252 209.5
101.15745671733582 188.55319172757152
92.27761413724576 209.5
101.15745671733582 188.55319172757152
78.58573597082555 187.5197169113392
0.8576191534227358 
43.853175245916404 184.21577819520553
77.08496440055549 186.43728374226782
73.34541522596496 157.34940046872873
43.853175245916404 184.21577819520553
73.34541522596496 157.34940046872873
58.75329105431278 171.33956970820623
0.3 
24.768772586770755 154.59487109233012
41.64288950079789 127.57063146818595
33.91553994310733 107.89940785332233
24.768772586770755 154.59487109233012
33.91553994310733 107.89940785332233
21.525488514298203 122.9284797402864
0.4574177292233526 
101.04872287502567 51.48044645878869
118.80520915235822 63.92193763200475
128.64628170165975 45.268901655904145
101.04872287502567 51.48044645878869
128.64628170165975 45.268901655904145
102.11437929744027 29.73887955409259
0.3 
78.10080291150446 186.4964659948507
100.74117659802376 187.53308417287437
94.68552759288228 159.99205363021528
78.10080291150446 186.4964659948507
94.68552759288228 159.99205363021528
74.29539558392788 156.89630860022623
0.3 
150.21756601743652 209.11051142667003
179.7026847561792 181.46007544028814
160.763540376217 171.83880271019717
150.21756601743652 209.11051142667003
160.763540376217 171.83880271019717
142.27776941782855 186.50152142018845
0.4014227374857702 
0.49999999999999645 184.1878981106957
0.49999999999999645 208.5744178285981
21.01926590410369 182.9209193011044
0.49999999999999645 184.1878981106957
21.01926590410369 182.9209193011044
23.752744379987874 157.61907493740352
0.8023928020495095 
72.19950121650263 23.856540685989536
82.26877755170044 40.55910382755733
101.06752290081988 28.670977705655325
72.19950121650263 23.856540685989536
101.06752290081988 28.670977705655325
92.77637930566432 0.9958193535417266
0.5537869201460147 
167.84991872234266 101.47535932797663
183.2909242405107 72.95110426739586
172.30655201148338 47.034598340513654
167.84991872234266 101.47535932797663
172.30655201148338 47.034598340513654
164.95622055516566 64.33495250129559
0.3119 
184.25142202307458 72.65473200158964
209.5 91.01809116850586
209.5 65.30611172680187
184.25142202307458 72.65473200158964
209.5 65.30611172680187
173.30379630506167 46.82492571949728
0.8077172410435876 
185.3359309507176 208.901259793506
209.29522491269506 183.02522231457039
184.14490401433332 159.48719052358476
185.3359309507176 208.901259793506
184.14490401433332 159.48719052358476
181.07010855527568 181.3337036739622
0.62350447374833 
21.465630496323854 27.654721610789544
48.326107521547996 19.979811897813978
28.79329104658108 0.5
21.465630496323854 27.654721610789544
28.79329104658108 0.5
1.0028515922379704 0.5
0.5622578562039097 
131.73998473366208 144.5890577708809
164.5360654902022 150.55214359093412
179.57171382796042 131.83299323546098
131.73998473366208 144.5890577708809
179.57171382796042 131.83299323546098
156.39021742102912 133.35893301056862
0.3 
47.750785867892276 55.12367962869424
81.37741488480336 41.01742190828574
71.2716901913707 24.2543995058378
47.750785867892276 55.12367962869424
71.2716901913707 24.2543995058378
49.74879936330625 20.807905719955777
0.3 
49.520429144144074 19.758596540201292
70.74850703256631 23.157881474233847
60.67510580270714 0.5
49.520429144144074 19.758596540201292
60.67510580270714 0.5
30.20942995387986 0.5
0.7303331534940974 
0.5 182.6694916778336
23.90047701174656 155.93186769092648
20.633808171285008 124.03715492198886
0.5 182.6694916778336
20.633808171285008 124.03715492198886
0.49999999999999645 149.17554774767024
0.8478663293766165 
33.98589969618624 106.3163610838574
58.08603982495885 83.43654830591889
29.040921116924668 78.90408232027652
33.98589969618624 106.3163610838574
29.040921116924668 78.90408232027652
1.2301237701188334 89.08223437394075
0.44749115495613256 
181.45675041574458 130.39012965655064
209.5 118.66708713464311
209.5 92.91694165653729
181.45675041574458 130.39012965655064
209.5 92.91694165653729
188.67839421130722 106.33222261192824
0.8498097033592066 
102.31076194190722 28.695115989094795
128.40706118658062 43.970164791506065
121.39517669204093 23.325750499656284
102.31076194190722 28.695115989094795
121.39517669204093 23.325750499656284
115.84713120787781 1.432206454885236
0.3210897978474516 
42.584849122568535 127.23351120614299
63.7601179345681 135.30429591404283
62.64333717780727 114.57811550668545
42.584849122568535 127.23351120614299
62.64333717780727 114.57811550668545
34.890357434383944 107.64593263590098
0.32030000000000003 
184.2597952960778 158.22508254025064
209.5 181.84723603613725
209.5 146.3082875816132
184.2597952960778 158.22508254025064
209.5 146.3082875816132
181.27559808243132 132.1214737689255
0.5169681788134415 
43.2159717828562 183.44476858652055
58.079885666686366 170.59984465692597
72.70342555955617 156.57955565890998
43.2159717828562 183.44476858652055
72.70342555955617 156.57955565890998
46.239482082250674 150.39561108984375
0.4101 
123.93981069989496 209.24528731652268
140.55307320519697 187.0145554116989
121.59850893755574 189.97659339207686
123.93981069989496 209.24528731652268
121.59850893755574 189.97659339207686
102.70084017787228 188.6565891154481
0.7862126351914994 
164.37514143662477 63.145320467153624
171.74293947946109 45.803855489186454
156.18216953970875 21.835082115758446
164.37514143662477 63.145320467153624
156.18216953970875 21.835082115758446
151.74589418474287 41.770998776660335
0.3095 
0.5000000000000036 116.61884626236622
20.82700464094127 122.20368219452533
33.29341734028941 107.08198445924214
0.5000000000000036 116.61884626236622
33.29341734028941 107.08198445924214
0.5 89.82805309247027
0.51411202510055 
168.26731861643458 102.80489833315532
188.13676572265223 105.49160463650462
209.115593443075 91.97502619196169
168.26731861643458 102.80489833315532
209.115593443075 91.97502619196169
184.01298908029324 73.7178340300888
0.32165357247743764 
35.07496022263368 106.66131955900718
62.959750278193525 113.62642621658618
80.44333380939023 95.07455421777209
35.07496022263368 106.66131955900718
80.44333380939023 95.07455421777209
59.249713311325394 83.71067190024908
0.3 
30.36630478942242 209.5
60.98830522875035 209.5
42.34472440337707 185.11606762391776
30.36630478942242 209.5
42.34472440337707 185.11606762391776
22.19947296032112 183.67087793194955
0.8370872083350034 
173.06528031701845 44.9209077017289
209.47751413452522 30.667581368645617
207.55990307324285 0.9446099187683465
173.06528031701845 44.9209077017289
207.55990307324285 0.9446099187683465
179.79078125324514 21.377907046940045
0.5966293505965986 
29.86068464973636 80.62790407163358
46.567078600703006 55.94535341523405
21.99477511922474 29.731009678853255
29.86068464973636 80.62790407163358
21.99477511922474 29.731009678853255
25.112122096405013 51.414242248491654
0.3551071760746297 
122.420062782644 188.8360722403245
141.48055692267184 185.8574805528375
159.38043954487463 171.6594822966641
122.420062782644 188.8360722403245
159.38043954487463 171.6594822966641
131.18082902267764 169.75412821695792
0.3 
132.64200373212884 168.8505749130784
160.59074352874353 170.73897849057494
182.606423876901 158.54512860686222
132.64200373212884 168.8505749130784
182.606423876901 158.54512860686222
164.77315267670105 151.64646039038647
0.3525 
157.0086575221688 132.31605954277106
180.2946657681783 130.78324019572295
187.60530933663378 106.42884272262438
157.0086575221688 132.31605954277106
187.60530933663378 106.42884272262438
167.81007671787688 103.75217155161646
0.3788 
