209.00811124394397 127.86950471362931
178.38902430293342 109.77022774238354
182.9462069038768 142.88782514085966
0.6491810175053873
209.5 -0.5
178.75299989200778 -0.5
209.5 -0.13103599870409344
0.9603211714378279
0.5 36.37023753852671
0.5 57.46665346356422
24.638410642327283 46.26153132449758
0.802768495411948
26.799576670052105 74.01034589972113
25.4257009069442 46.99855893141342
1.058440469368282 58.30991382727825
0.5000020139545387
209.5 126.99862353564978
209.5 98.93992609265506
178.95757315304974 108.94466118393242
0.6208255225217835
0.5 279.5
6.872759852661858 279.5
0.5 279.15296852287486
0.9925069180205351
209.5 278.67340342842874
209.5 248.13023104398275
189.9505044250655 256.4232544475594
0.6626464601790392
208.89511000021503 279.5
189.25422258083444 257.14583390284406
179.14971726186482 279.5
0.7920130993060295
152.68531351884957 222.88147919541
177.6372540463473 221.1148119746939
152.62071587234516 201.4832190207085
0.3
169.49629694731834 188.71770805280454
152.95285082852644 200.47270944318862
178.08583027621566 220.195679056573
0.3321
79.44179510261941 232.247155002532
66.6504974423334 257.54993466654963
87.5289368039871 258.79129491838654
0.3
96.95628123531569 0.5
113.36361286279715 19.801061818073443
116.90006351578445 0.5
0.7205209870137611
176.40521552515386 108.73340838047463
147.58089992452173 95.21125651569683
148.1156103693856 118.11799668441377
0.3
177.0481017718057 107.93043044285069
169.69297445029468 74.24275307122082
147.94829857256644 94.27904098586632
0.3442
95.19902821058655 0.5000000000000036
57.659021094783625 0.5000000000000036
87.72548510592492 24.91266331687423
0.6899095477366126
1.047862465531491 245.87950685094708
21.314167265040265 253.95967085288768
20.297284836660047 232.4727173492559
0.5890906102340586
209.5 66.75587707959406
188.1363108481532 86.1927693141291
209.5 97.42231550552987
0.9264879346296658
0.5 189.813392176264
0.5 217.64385713109127
23.358549772680295 208.74702536304355
0.7819103587665693
101.57219449879133 236.51006090612597
111.59727830091833 255.09246420031747
126.10821603004065 238.58571348736274
0.3
97.14506766995294 43.98890166731898
87.99883779131088 26.853734295088877
77.11247568529805 48.42783281957233
0.36519999999999997
88.52526503811907 25.716330601893972
97.94605759643991 43.36588231968376
113.03895759272858 20.963117251543697
88.52526503811907 25.716330601893972
113.03895759272858 20.963117251543697
96.08569676062386 1.0198417227973913
0.619750864843292 
184.77300060585347 23.8310146606227
209.5 30.351069273023462
209.5 0.8690359987040923
184.77300060585347 23.8310146606227
209.5 0.8690359987040923
179.38054920663302 0.5076025891836884
0.6647639864917825 
172.52292964322294 245.17057207917117
188.26711870095326 255.10514758920758
178.5992749688418 222.04920158571588
172.52292964322294 245.17057207917117
178.5992749688418 222.04920158571588
153.2462033798169 223.8442700082075
0.3 
170.44820821602917 72.99924785544832
186.85266955338363 85.36127522919168
188.96268031105387 61.32998412232947
170.44820821602917 72.99924785544832
188.96268031105387 61.32998412232947
164.40033693683972 42.89826090156496
0.4027280090212846 
0.5000000000000036 245.0424417741673
20.293350981402625 231.25681823572967
23.702740086130486 209.68613551877317
0.5000000000000036 245.0424417741673
23.702740086130486 209.68613551877317
0.5 218.71693043607624
0.9379495121382155 
112.54208770935597 255.53230073977957
138.99089933820537 257.33712813193915
151.225129887508 224.5647793154798
112.54208770935597 255.53230073977957
151.225129887508 224.5647793154798
127.46114381505849 238.56129965036126
0.3 
27.809231066581216 74.17474648368167
51.47688193728611 63.5649193286014
47.704656433035524 43.347706801282975
27.809231066581216 74.17474648368167
47.704656433035524 43.347706801282975
26.409662485138664 46.657812722551164
0.3224 
40.630255742981596 232.81644144260056
44.68268363699123 210.95464327478234
38.1920638061976 188.78628329888943
40.630255742981596 232.81644144260056
38.1920638061976 188.78628329888943
24.9309817235671 208.90503097591687
0.3 
26.28514984949458 279.5
58.50918498975932 279.5
65.21884050946976 258.37324980614284
26.28514984949458 279.5
65.21884050946976 258.37324980614284
46.37927584013003 254.18102253106608
0.8700693160921904 
98.75349760063435 43.957133300253375
118.5172151251312 46.911448688609454
136.1683202505089 29.89316645843588
98.75349760063435 43.957133300253375
136.1683202505089 29.89316645843588
113.8595903625062 21.534785883589727
0.3 
20.642101037708102 172.85443422883105
37.22224288862108 161.9388595777654
26.332814799941143 137.7480874927796
20.642101037708102 172.85443422883105
26.332814799941143 137.7480874927796
0.8093841586745398 148.33068527483434
0.7319078059735096 
164.45431373509564 41.68852191989543
189.36664295231824 60.38287652282236
209.1883154185329 31.30306364585249
164.45431373509564 41.68852191989543
209.1883154185329 31.30306364585249
184.47767584820576 24.787322817872205
0.520994364040103 
163.11669307470015 163.9597343417979
184.38030116125108 169.73275249742818
182.09574863714454 144.20152636995164
163.11669307470015 163.9597343417979
182.09574863714454 144.20152636995164
157.40048156390088 144.71235725838878
0.333 
31.577243098568893 20.962799390821587
57.55038355453648 20.56279868170216
55.791907403720344 0.5
31.577243098568893 20.962799390821587
55.791907403720344 0.5
34.06783336464855 0.5
0.6393842960400513 
30.367388481316173 113.15672749225897
53.37937117946643 102.76622408684841
63.16992087394192 85.10485493759931
30.367388481316173 113.15672749225897
63.16992087394192 85.10485493759931
35.90880204712644 94.27454349601908
0.3216 
76.1381604636534 48.13892270196172
87.35855283727523 25.902858147561258
56.85115016249699 1.1321717809937653
76.1381604636534 48.13892270196172
56.85115016249699 1.1321717809937653
58.582688451100324 20.887631118775943
0.5907843727716464 
88.56987763980541 258.7767196105885
110.71862226507136 255.56992908271206
100.35960525591362 236.36855026184702
88.56987763980541 258.7767196105885
100.35960525591362 236.36855026184702
80.28954573033397 231.59847828985656
0.3 
156.89548279049754 143.19257400998896
168.60806603785667 127.88080180087965
176.828459707337 109.6465919235078
156.89548279049754 143.19257400998896
176.828459707337 109.6465919235078
148.27483180847688 119.11876521610799
0.3637 
27.182640482615962 136.41583774080317
56.799793169498585 128.1543931250021
53.33535131194776 103.88331280965035
27.182640482615962 136.41583774080317
53.33535131194776 103.88331280965035
30.04103945297024 114.40129510923103
0.3 
83.15708101915732 279.5
122.32774365472854 279.5
111.20769943292203 256.5095452734513
83.15708101915732 279.5
111.20769943292203 256.5095452734513
88.61153011097107 259.7811158736768
0.5924856847167573 
178.12303593374827 108.16574549218166
208.72128357632354 98.14272527000718
187.0033541780142 86.72697728629284
178.12303593374827 108.16574549218166
187.0033541780142 86.72697728629284
170.7716320931568 74.49512226773838
0.589731995256658 
163.9250869296634 40.82661820783066
183.79783953318028 24.05254467512565
178.47362260645255 1.0242601072288338
163.9250869296634 40.82661820783066
178.47362260645255 1.0242601072288338
158.7118848728862 22.054130431861044
0.4196988209533241 
0.5 34.847192602078806
30.54914378151675 21.133031809072534
33.060453558928636 0.5
0.5 34.847192602078806
33.060453558928636 0.5
0.5 0.5
0.6960487977974036 
114.23265093427531 20.606675814771037
136.89200293125208 29.096423484000102
156.1845278864488 0.5
114.23265093427531 20.606675814771037
156.1845278864488 0.5
117.91671077952007 0.5
0.8258762537565832 
22.293378002711673 253.49673953003568
40.2624984841155 234.07834683140595
24.624426730376253 210.2601529360263
22.293378002711673 253.49673953003568
24.624426730376253 210.2601529360263
21.255816551236165 231.5728336360899
0.3 
0.49999999999999645 125.74732486952685
29.168254537762504 113.69156360287435
34.85974605665382 94.29799393036238
0.49999999999999645 125.74732486952685
34.85974605665382 94.29799393036238
0.5 89.45049185807471
0.6450357111013412 
169.73000957871378 187.2013373880834
184.04341684562016 170.67748946024074
162.65107806464468 164.8695212324931
169.73000957871378 187.2013373880834
162.65107806464468 164.8695212324931
142.43742541181956 164.95329427443846
0.3572 
139.87097679579932 257.8389385694475
149.82058976849896 278.97596145600943
171.56889460836135 245.6063925775883
139.87097679579932 257.8389385694475
171.56889460836135 245.6063925775883
152.36764363134105 224.3635906162574
0.3 
25.58895296193269 278.76860455942506
45.633568261549165 253.51201149431967
40.648891268346226 235.133139251063
25.58895296193269 278.76860455942506
40.648891268346226 235.133139251063
22.377234336280324 254.87846901991188
0.6004654874538553 
46.58575271918059 253.20250927232453
65.58992047031981 257.4313644388198
78.70757467937125 231.48301088037556
46.58575271918059 253.20250927232453
78.70757467937125 231.48301088037556
41.53481323818735 234.5793223424234
0.3 
189.08907554974954 202.23130120561055
209.5 183.90198980026585
209.5 159.2910692755647
189.08907554974954 202.23130120561055
209.5 159.2910692755647
185.4797207406543 170.7016946198328
0.690661408698592 
136.65372368550948 72.8444704639189
144.226555596727 54.50637731123584
136.8480564141678 30.626893920461008
136.65372368550948 72.8444704639189
136.8480564141678 30.626893920461008
119.33812504470274 47.509063720021885
0.39490000000000003 
138.36844896476168 28.69599257458595
157.8710733015978 21.48860327199659
177.59403244743945 0.5
138.36844896476168 28.69599257458595
177.59403244743945 0.5
157.3908239371458 0.5
0.8125968079647363 
145.03571400148346 53.73777195454674
163.07406085478002 41.49933972157358
157.81845335782631 22.574152012112435
145.03571400148346 53.73777195454674
157.81845335782631 22.574152012112435
137.70343053491501 30.007859282029067
0.3 
38.1812336124929 161.63305875186074
59.123980440368776 162.34629942469599
56.89902472223247 129.16488877485222
38.1812336124929 161.63305875186074
56.89902472223247 129.16488877485222
27.284317165756033 137.425651343002
0.3 
179.89573525625283 220.84049253153995
209.5 215.33442011085515
209.5 185.24602495893922
179.89573525625283 220.84049253153995
209.5 185.24602495893922
189.10223053820351 203.56352299049507
0.6712176738988734 
24.681207815434185 207.4669186282569
37.86558045854004 187.46454892465772
37.37150332635778 163.03785205953548
24.681207815434185 207.4669186282569
37.37150332635778 163.03785205953548
21.068058909944643 173.77126231603808
0.3770588365520894 
179.11691625006793 220.17561169912844
188.18802326922167 203.15271266167076
184.5750075664539 171.59112625031423
179.11691625006793 220.17561169912844
184.5750075664539 171.59112625031423
170.34280685835753 188.02122677032463
0.35505046755768443 
25.948175220325755 45.71753778493817
47.176277876083944 42.41782948400889
30.865182114479452 22.08801846591577
25.948175220325755 45.71753778493817
30.865182114479452 22.08801846591577
1.258377176852239 35.60029976198193
0.3 
35.77962920366224 93.26293753264055
63.484089204604125 83.94412448238722
51.83981472564725 64.49810490396288
35.77962920366224 93.26293753264055
51.83981472564725 64.49810490396288
28.000943171256907 75.18468753719353
0.35660000000000003 
0.5 147.37641412186497
26.130957797223388 136.74923312299535
28.973297811224995 114.85837181894647
0.5 147.37641412186497
28.973297811224995 114.85837181894647
0.5 126.83214861216796
0.8661414878118836 
0.49999999999999645 278.15148692266973
24.67396676376586 279.46789105336984
21.393709368700133 255.06793485960677
0.49999999999999645 278.15148692266973
21.393709368700133 255.06793485960677
0.5 246.7376250188078
0.8409517350046465 
185.37632922840555 169.6437126373419
209.5 158.18397205185155
209.5 128.740204657101
185.37632922840555 169.6437126373419
209.5 128.740204657101
183.07863892641902 143.96566406900396
0.8898087579722743 
150.6726881178042 279.5
178.05230162692098 279.5
188.4831375552801 256.4238936974999
150.6726881178042 279.5
188.4831375552801 256.4238936974999
172.34790679567553 246.24257106694824
0.8310989183809723 
0.5 188.51490329195545
23.704204196303326 207.73484047139198
20.056954800111313 173.7211683660674
0.5 188.51490329195545
20.056954800111313 173.7211683660674
0.5000000000000036 149.5384074892852
0.5837080768049215 
123.43857542838356 279.5
148.96201527244915 279.5
139.00167549709224 258.3401890237014
123.43857542838356 279.5
139.00167549709224 258.3401890237014
112.32344599735737 256.519706498773
0.6405208688703993 
189.97173913238055 61.27062861238856
187.88188960920064 85.07229980221942
209.5 65.40393264925864
189.97173913238055 61.27062861238856
209.5 65.40393264925864
209.5 32.621271560860485
0.6892587254013275 
157.7627970808193 143.70464870612543
181.9802501045536 143.20370158103026
177.49419954534133 110.60302933707699
157.7627970808193 143.70464870612543
177.49419954534133 110.60302933707699
169.47234678707568 128.3968422225415
0.3 
189.44013931227875 255.55349908168168
209.5 247.04397547182168
209.5 216.35156905213688
189.44013931227875 255.55349908168168
209.5 216.35156905213688
179.60116467764027 221.91242840817986
0.5907498428031376 
59.55840552738806 279.5
82.11952941462134 279.5
87.5699990648855 259.7955023214157
59.55840552738806 279.5
87.5699990648855 259.7955023214157
66.21952474060583 258.5260764929363
0.8419656007911717 
0.5 88.44058898880627
34.691604079106995 93.26436944850539
26.950657385683606 75.27382850853849
0.5 88.44058898880627
26.950657385683606 75.27382850853849
0.5 59.14063429684117
0.5800164564386218 
48.38795368459418 42.33008173252563
75.10777294426073 48.38597266426342
57.825444744098746 21.55868116893008
48.38795368459418 42.33008173252563
57.825444744098746 21.55868116893008
32.04115669609702 21.955773446655414
0.3 
