0.5 217.284942603017
0.5 249.30404665026737
33.44370640763988 238.21078488957863
0.6088735256597151
163.5268782468046 69.80572899266352
177.1861905285383 95.4530831224179
182.93825859013913 73.41283845535787
0.3
209.5 221.4978695728879
189.8779809538075 252.9880373721501
209.5 247.98646065309478
0.8278284353843396
180.36329920688434 212.78007181676716
209.5 219.12931023559634
209.5 188.2009358008728
0.9160664229063167
33.03144934739916 239.404778634197
1.9430478688054542 249.87329638554036
20.843244765057424 253.59792346599446
0.5880018429909855
34.497339715267614 239.23269676133617
21.95895594401485 253.83362470111464
44.84748037285023 258.7833333289118
0.4441546770811612
57.980356344075695 192.53808892037344
40.39805454067563 185.05268378575778
30.18373681336047 207.55449464755364
0.3
181.82990471064335 161.72981728329097
159.82838444530472 159.85817687029885
175.81867961032972 179.19471582422503
0.3
179.66860939152187 212.05780653086035
208.88813266323606 187.40880313426632
176.56595295679847 180.82549433801432
0.35929067865397446
25.836200629047696 75.87634848601269
36.467462344127924 97.572386003095
44.862110134810926 77.37203207568717
0.3
156.22417693250145 0.5000000000000036
127.26777309831542 0.5000000000000036
139.28446800460753 27.67749661135197
0.970660738490343
114.07571757455233 33.46362370682348
136.77199883687416 55.114839027837846
138.66388024330135 29.34196278541703
0.43879999999999997
179.64133005997405 213.64621350580558
174.0414775583127 237.96685687944245
208.54658980703852 219.9450181300979
0.5933242673237521
158.66297482141425 160.01806566068726
141.29101036300918 178.7923448616545
174.91546482678282 179.67166822672934
0.3
145.28861845403097 248.88504060725245
131.22354780388224 214.96197842238527
116.93576567636792 227.16562049956215
0.3
113.87129528898629 279.5
92.77299923559875 259.48825586636576
92.99449644567228 279.5
0.7142446847597554
35.35546484059861 19.53071323861673
55.971213812223795 0.5
26.41241966395242 0.5
0.6965520482955947
35.78565977446654 238.0651851433116
60.54324561332345 242.71781351374744
52.223006945721664 225.4052355755696
0.3
209.5 0.5
183.9117655741005 0.5
209.5 6.73845384763665
0.9802253296597382
0.49999999999999645 118.76676748299225
19.49113127055583 111.31699197894287
0.49999999999999645 90.17963623077308
0.987034776638887
0.5 279.5
23.92116725653623 279.5
0.5 272.3017513477618
1.0
209.5 249.0184354769763
189.67450132252037 254.07187836659497
209.5 278.58659719984325
0.7452750094465742
111.77961308027689 32.19743967077902
90.85624683972037 0.8721242581116151
76.55578493243848 20.408272768034653
0.7037154521648195
57.690402449698595 279.5
91.99443519323962 279.5
91.76960197010388 259.18685505050354
1.0
23.5326097362422 168.8485368802933
0.5 158.8860377109591
0.5 181.89223174698424
0.7515670733125557
34.93893738037541 237.4551059100897
51.95496368003434 224.34946103000996
58.42133478113749 193.436454053101
34.93893738037541 237.4551059100897
58.42133478113749 193.436454053101
29.67227322865419 208.96739198138866
0.40359999999999996 
116.45334252928967 248.1098202389246
144.86265771532527 249.81842700706252
116.00707524182174 227.71389582959046
116.45334252928967 248.1098202389246
116.00707524182174 227.71389582959046
89.89516209036309 231.80834485170382
0.3 
53.90046740087986 36.81821727559227
75.38681470056767 20.31221612525098
89.88935811919895 0.5
53.90046740087986 36.81821727559227
89.88935811919895 0.5
57.700414751498606 0.5
0.573986963924054 
154.0046950331862 195.34274208672474
178.66194336543808 212.04025289497548
175.54742518998296 180.68853670188682
154.0046950331862 195.34274208672474
175.54742518998296 180.68853670188682
141.2538651369025 179.79171535245024
0.3222 
28.939976526259304 207.87514714745618
39.54677392498026 184.50871629156552
24.567339937208025 169.41177669995852
28.939976526259304 207.87514714745618
24.567339937208025 169.41177669995852
0.8537080003339561 182.8411441362892
0.42532250863152754 
168.58131746711322 258.2410830125001
188.478516941102 253.34304998696078
208.6055611556576 221.04239845219888
168.58131746711322 258.2410830125001
208.6055611556576 221.04239845219888
173.7358756361458 239.25465190447395
0.4878782385715284 
54.586071424257476 37.552539652468745
90.30779284015868 41.148841779866295
111.51506629316788 33.16342101688452
54.586071424257476 37.552539652468745
111.51506629316788 33.16342101688452
75.84168348919658 21.2237913407354
0.3 
176.71246682137382 279.5
208.9525963792599 279.5
188.60639816372753 254.34142332591648
176.71246682137382 279.5
188.60639816372753 254.34142332591648
168.55568493622368 259.27724636484805
0.8481714447719532 
59.78540809733019 62.10453320274527
78.63002312017264 60.648828247088346
53.17104817001638 38.490023882447524
59.78540809733019 62.10453320274527
53.17104817001638 38.490023882447524
34.818782743043116 44.755639434325865
0.3 
92.73064392721113 258.0698027715321
114.6666525344026 278.8761176724851
115.78786149672777 248.87469772950186
92.73064392721113 258.0698027715321
115.78786149672777 248.87469772950186
89.12067186288387 232.5063122347904
0.4498228414730861 
186.7063893965531 45.22646055778998
209.5 65.51072802090944
209.5 38.28834621373892
186.7063893965531 45.22646055778998
209.5 38.28834621373892
186.11350499488634 24.7553514791336
0.8915922913827112 
186.02278239810167 23.547493793417008
209.5 37.132986708032966
209.5 7.767744499470789
186.02278239810167 23.547493793417008
209.5 7.767744499470789
180.43118755634444 0.6807199780836832
0.894989124755961 
21.4340600804609 111.29751425135572
51.54267388417484 119.49588303196151
69.82300146487398 113.83334837570656
21.4340600804609 111.29751425135572
69.82300146487398 113.83334837570656
36.579535932811986 99.36294420438139
0.3 
137.76250308983947 55.28085210902666
166.7989050373056 37.78789413118301
156.9414858027379 1.2396740678388234
137.76250308983947 55.28085210902666
156.9414858027379 1.2396740678388234
139.69877105983295 28.903302970231636
0.5394371967234993 
146.24282066254239 248.5754912440192
150.47175874270715 221.19658256330266
153.0381189148542 196.88358535772096
146.24282066254239 248.5754912440192
153.0381189148542 196.88358535772096
132.02522672488837 214.28456336580552
0.3 
25.756124132947324 168.13930741747646
52.671256771465146 164.60312535620034
70.46883468273126 138.0144227436647
25.756124132947324 168.13930741747646
70.46883468273126 138.0144227436647
39.092284096059906 150.12864326904196
0.3 
56.52786614377897 279.028771261673
91.71838034676827 258.05321943204086
88.07417388260161 232.24730298708403
56.52786614377897 279.028771261673
88.07417388260161 232.24730298708403
61.87493508848233 243.7389243819903
0.4268511681935077 
110.39226827164113 56.79645913521632
135.995225900051 55.755871061696226
112.88977660116092 33.714328128866356
110.39226827164113 56.79645913521632
112.88977660116092 33.714328128866356
91.37970607065574 41.8137645891024
0.3 
182.95115576878177 160.77321286097737
209.5 160.01409232443012
209.5 126.6405927754052
182.95115576878177 160.77321286097737
209.5 126.6405927754052
180.28368792601538 139.46796840481693
0.8288438055078414 
46.23758246199612 259.27183496668664
55.61962659404076 278.3478367457215
60.85518528947307 243.793940657582
46.23758246199612 259.27183496668664
60.85518528947307 243.793940657582
35.52331396283668 239.03338831707234
0.3718803608235487 
0.5 31.921272126053836
34.504652498148786 20.07143562847969
25.307507293829648 0.5
0.5 31.921272126053836
25.307507293829648 0.5
0.5 0.5
0.6820104941721418 
153.22281993349475 111.62889682077467
176.6881917604208 96.64535282763649
162.68976302009656 70.36125800952901
153.22281993349475 111.62889682077467
162.68976302009656 70.36125800952901
155.41007600202633 90.90415961115605
0.3 
113.24379099756514 32.589125556506986
138.49148415800673 28.35690895468199
126.17438296477366 0.5
113.24379099756514 32.589125556506986
126.17438296477366 0.5
91.81024699288162 0.5
0.8332462436900591 
27.644018475388012 279.5
55.07188689159978 279.5
45.450223699886266 259.93679377551564
27.644018475388012 279.5
45.450223699886266 259.93679377551564
21.70485113872909 254.80178929754473
0.8505709807485382 
151.4938952335094 221.03949881852938
173.00064305105528 238.0305658775387
178.70080181873882 213.27428372174762
151.4938952335094 221.03949881852938
178.70080181873882 213.27428372174762
154.07389146237742 196.59731732597572
0.3 
0.49999999999999645 88.03483801697453
24.578004882582885 74.97010495214336
32.9226817553326 45.58430175130278
0.49999999999999645 88.03483801697453
32.9226817553326 45.58430175130278
0.5 62.552660264608534
0.8322034644397385 
24.99269382321405 167.48988794078213
38.3404391087901 149.46357765788932
50.559915668832545 121.05673965535446
24.99269382321405 167.48988794078213
50.559915668832545 121.05673965535446
20.939496689429507 135.50831423495887
0.3 
0.5000000000000036 157.79650116689362
24.046998715117088 167.98149356793016
19.92855786945927 135.4851172232902
0.5000000000000036 157.79650116689362
19.92855786945927 135.4851172232902
0.5 120.51641188540728
0.5736595182969124 
115.64403497381639 279.5
144.27813781775146 279.5
145.93648880655812 250.88481680235034
115.64403497381639 279.5
145.93648880655812 250.88481680235034
116.77897318726414 249.13121140204487
0.5968001510949748 
163.32427109599055 67.6882628886856
185.70682046952237 45.25582261074288
185.11648808025066 24.87282940081797
163.32427109599055 67.6882628886856
185.11648808025066 24.87282940081797
167.8437643186723 38.29434997705815
0.3 
20.457929104407533 134.63059538934564
50.13814226890638 120.14984768677027
20.373361420265276 112.04510225870371
20.457929104407533 134.63059538934564
20.373361420265276 112.04510225870371
1.0047790001776846 119.64294299845167
0.572981008247731 
0.5000000000000071 216.10025739626752
33.89576555461316 237.31324765266316
28.653914143303794 208.9597473799457
0.5000000000000071 216.10025739626752
28.653914143303794 208.9597473799457
0.5000000000000036 183.86545011546485
0.8484552873325877 
159.0351584454425 158.78708635897422
181.9386209008402 160.7354538086774
179.29466900805676 139.61803282126627
159.0351584454425 158.78708635897422
179.29466900805676 139.61803282126627
150.31297366827118 136.72950657683748
0.3533 
150.18875574890495 135.0915198370481
174.95792419015487 117.7763596512819
176.7573883243993 97.78764674872615
150.18875574890495 135.0915198370481
176.7573883243993 97.78764674872615
153.08222158621416 112.90515287575131
0.4112 
145.27981571612432 279.5
175.63418643206978 279.5
167.49266981006892 259.3150928661019
145.27981571612432 279.5
167.49266981006892 259.3150928661019
146.92359306274258 251.13628795887468
0.9226038258480882 
25.64921692877259 74.858563897127
45.39498920755678 76.41083805011195
58.87432975250528 62.689168579836426
25.64921692877259 74.858563897127
58.87432975250528 62.689168579836426
34.01111098568993 45.412130333560846
0.3 
0.5 61.423991338693384
33.239435043891234 44.28986049967162
34.648587592310456 21.080256400455376
0.5 61.423991338693384
34.648587592310456 21.080256400455376
0.5 32.980250956023845
0.6737570215917765 
176.65964662395538 179.82404611262788
209.5 186.51289535535022
209.5 161.014501030894
176.65964662395538 179.82404611262788
209.5 161.014501030894
182.87162055806874 161.77589574598193
0.5301032170465574 
20.40361683487459 110.836338774477
35.87819551722431 98.64243710824115
24.781832599869336 75.99723161804052
20.40361683487459 110.836338774477
24.781832599869336 75.99723161804052
0.7954713358535592 89.01223882645156
0.6451690198866689 
34.2656874245868 43.887796913410256
52.81803780499277 37.553870699782095
56.614714969059364 1.2669084218975293
34.2656874245868 43.887796913410256
56.614714969059364 1.2669084218975293
35.680073321290095 20.59199636802286
0.43800407641189604 
0.5 271.25558810177944
26.558884102057284 279.26451119736595
20.62143474081765 254.5734447487229
0.5 271.25558810177944
20.62143474081765 254.5734447487229
0.5 250.60815056979814
0.8736911490560272 
150.93928077148496 135.78697438339972
179.66031671240353 138.64952141903285
208.4087910363321 126.0275492142009
150.93928077148496 135.78697438339972
208.4087910363321 126.0275492142009
175.54032561173153 118.58934285384521
0.3 
147.01947303797013 250.09825872346593
167.54053509513014 258.2579717293708
172.74157775364748 239.10031846645748
147.01947303797013 250.09825872346593
172.74157775364748 239.10031846645748
151.3309209356434 222.18516658675995
0.3333 
175.97228052286917 117.66180856673441
209.5 125.2492055760381
209.5 99.71414678633789
175.97228052286917 117.66180856673441
209.5 99.71414678633789
177.80053396688476 97.35329976676262
0.7475543633379677 
163.62147378531438 68.80618831898602
183.54400400580175 72.5082819366514
208.95405753951673 66.3635219543756
163.62147378531438 68.80618831898602
208.95405753951673 66.3635219543756
186.23323285956195 46.14402742983747
0.4443898295903297 
177.98194296973304 96.3640408732875
209.5 98.71137728977402
209.5 67.26032398630588
177.98194296973304 96.3640408732875
209.5 67.26032398630588
183.9659512647131 73.43506898028592
0.7739494333988187 
167.66676639785052 37.16547761437306
185.0250946429656 23.677439310352028
179.35753300355307 0.5
167.66676639785052 37.16547761437306
179.35753300355307 0.5
157.77772163304067 0.5
0.7470986593318298 
40.430568771669456 183.97967276321745
58.42916286702997 191.64230818853025
52.573294514201095 165.6245896762189
40.430568771669456 183.97967276321745
52.573294514201095 165.6245896762189
25.719069359166063 169.15276954952955
0.3 
