209.5 96.07302279678945
188.87312478389074 120.57528835295649
209.5 127.2845539460751
0.6565508913135051
1.200289742103429 237.83283047311653
40.05190808961717 243.5302114436964
24.20195421957542 219.18733638627805
0.6269703424907428
121.5195426973193 0.5
119.00300389747238 19.606151889438213
145.7893283066924 0.5
0.9273132007897271
120.51090576798207 0.5000000000000036
89.44117264863732 0.5000000000000036
117.9671030640568 19.813145833839922
0.9908346726154291
85.62800553649409 19.828485833088624
116.70035168255228 20.163141078062804
88.19801639070829 0.8659700452528547
0.7416600217399695
22.552315194665823 198.41869154854768
0.5 187.42942885593445
0.5 209.09433113746653
0.6363691771809584
40.95367890524917 244.99771509748885
26.057236777936986 259.36845814179736
52.755726451944945 266.29568004027345
0.3
43.55346053985162 349.5
70.98551920750518 349.5
60.62701795029711 328.14603007379094
1.0
24.50533626086094 198.27615342431432
50.69074034855651 211.39125360122355
41.047146655281516 180.39241089528971
0.3
20.184221394658696 19.194958793474708
0.5 1.137208411998941
0.5 33.29699278060969
0.819284132895295
20.770088920775457 18.375372178431686
27.546020098796685 0.5
1.2846726292132367 0.5
0.8342044844397737
20.878821199656503 63.99779750441178
47.18451536025783 51.28796361672052
22.807776980974218 41.62222186726957
0.36692061756508165
20.051627959014663 65.81121978242064
0.882247596276649 85.6181817682554
28.26338857968489 96.29580324282597
0.7739909704644556
0.5 349.5
11.190924217586804 349.5
0.5 336.3782473015826
0.91492196987438
162.98979897543015 349.5
191.21693468036617 349.5
186.21191343878021 330.4031601690166
0.7263797154929761
210.5 0.5
212.96409488015004 0.5
210.5 0.4098501749851128
1.0
42.822942822964116 75.42781668079738
29.93368211745701 96.5564430740827
62.40328860182926 94.3399728643051
0.3
179.39145384584347 267.15634441995616
176.18692110962635 285.55397726893256
208.23109463789422 272.50479750316725
0.3862104970954572
209.5 94.20773642015769
209.5 64.10760793637616
189.642674342798 94.40865336207004
0.9543476738771287
63.01544519268829 291.80807797826594
31.392623516492815 296.4655366878313
50.472650142717704 307.08595212141466
0.4151
160.0280017852177 323.0267471697858
154.1433089806625 288.111484048886
134.42194840401174 303.3208022031698
0.4037
147.9508216577485 0.5
152.0420551865438 22.925573957847458
184.03712130520967 0.5
0.7424030431582325
154.43024189523965 102.86118397024622
163.6799318799572 129.1951245903262
186.8102605914275 120.72879108544782
0.42010000000000003
41.833245487786996 349.5
32.238418393478376 318.8227216756178
13.143415349404407 349.5
0.6017622976829838
209.5 305.8537282300847
187.43460555879275 329.255931361131
209.5 335.21200576262856
0.783675753991377
171.72656680599195 196.3322876094942
209.5 188.11063589747292
209.5 151.22146140055446
171.72656680599195 196.3322876094942
209.5 151.22146140055446
179.8140954475093 172.6740322800068
0.7412964049294712 
106.82406787607212 349.5
132.88022446273456 349.5
135.44308457135975 327.9338791650542
106.82406787607212 349.5
135.44308457135975 327.9338791650542
116.06836398260569 328.74236599726976
0.6662513133695929 
133.88726086217147 349.5
161.0776148179092 349.5
160.25145915251878 324.76676365773795
133.88726086217147 349.5
160.25145915251878 324.76676365773795
136.4594308773329 327.8555375619962
0.8470337565342906 
0.5 237.11321316967926
23.810600972049226 218.21729052848593
23.210930354226996 199.21086911542145
0.5 237.11321316967926
23.210930354226996 199.21086911542145
0.5 210.20534770193333
0.5759417964663773 
180.66385052361176 30.567837626223522
209.5 26.724383252601516
209.5 1.3739338250148854
180.66385052361176 30.567837626223522
209.5 1.3739338250148854
186.03736966738552 0.5155447930367844
0.792113679594628 
22.846025018272 40.561644265502586
47.802561049006265 50.45728446480615
44.59337323283948 29.264835277852754
22.846025018272 40.561644265502586
44.59337323283948 29.264835277852754
21.525804126577775 20.002359661389274
0.3 
24.813515497753105 218.2938941958921
40.925344945597566 243.03896628954848
50.907553225168584 212.6182622763494
24.813515497753105 218.2938941958921
50.907553225168584 212.6182622763494
24.21259791874587 199.2479506367302
0.36419999999999997 
171.92484590723052 65.6675042435508
189.10218021501115 49.501716729995536
179.87047362574222 31.886367804247087
171.92484590723052 65.6675042435508
179.87047362574222 31.886367804247087
160.30100514053768 45.40266326893354
0.3 
104.17252773724087 312.02663679280244
115.72821708807693 327.41053061971354
132.83888953697405 303.52874897590414
104.17252773724087 312.02663679280244
132.83888953697405 303.52874897590414
104.4185134916674 290.8886309709895
0.3 
0.49999999999999645 84.5752185012352
19.822315078618818 64.6102351267877
21.766229422892383 42.0611425743883
0.49999999999999645 84.5752185012352
21.766229422892383 42.0611425743883
0.5 59.77479788165361
0.7045470830276186 
192.25070895948826 349.5
209.5 349.5
209.5 336.24779593777237
192.25070895948826 349.5
209.5 336.24779593777237
187.19987529083005 330.2283611941793
0.9482508417783133 
179.73838376255316 266.20363289005843
209.5 271.72307084957674
209.5 247.57325335050913
179.73838376255316 266.20363289005843
209.5 247.57325335050913
188.94502787972908 248.34794420158352
0.7134325623693695 
24.025518590687682 122.68412079750274
51.48150946978612 114.94678492599134
62.664146633142465 95.32449313820807
24.025518590687682 122.68412079750274
62.664146633142465 95.32449313820807
29.413311140310654 97.59429232273312
0.3 
147.99149837933845 238.41157037379472
177.74449820742302 229.6401694328719
157.0179090729356 214.94674705523005
147.99149837933845 238.41157037379472
157.0179090729356 214.94674705523005
125.9108623731521 224.00248881984106
0.3734 
24.203156159796748 197.13015322809076
40.84129581265463 179.1422668590131
54.15843628440993 147.73694999110973
24.203156159796748 197.13015322809076
54.15843628440993 147.73694999110973
24.639736703678295 163.32379928462709
0.37370000000000003 
170.10269899538724 86.41743955760668
187.49821385730473 93.85572358798602
171.6426358364252 67.16916126042408
170.10269899538724 86.41743955760668
171.6426358364252 67.16916126042408
151.35574917575218 80.39083199954457
0.41500000000000004 
128.93420377362193 40.510174551123384
151.1433105507088 23.571063709111673
147.0007643935483 0.864226133757068
128.93420377362193 40.510174551123384
147.0007643935483 0.864226133757068
118.99697899756877 20.83876870558715
0.5486416083951111 
157.29362374572952 213.87322640942875
185.32003178919848 210.47257744594265
170.785437993213 197.5176141782041
157.29362374572952 213.87322640942875
170.785437993213 197.5176141782041
142.3665957942311 198.73574317323937
0.3 
154.556719671937 286.50319415071635
177.91609074266606 266.8199227161016
154.81079618445693 261.0280371009215
154.556719671937 286.50319415071635
154.81079618445693 261.0280371009215
134.84688252596655 263.274294744188
0.3 
145.96387883018176 59.345771268750795
159.06324144157787 45.13886717334354
151.45596217717576 24.590268330781967
145.96387883018176 59.345771268750795
151.45596217717576 24.590268330781967
129.49705198975187 41.338551697959495
0.3507 
89.41796141908375 41.61453524899205
127.95502157978903 40.78962873377808
118.04784831401281 21.177711877195136
89.41796141908375 41.61453524899205
118.04784831401281 21.177711877195136
85.65628252151348 20.82884837862211
0.3 
43.42370532387285 73.86453743439807
64.80758204790484 66.52094183986708
65.256970928855 33.3170043526978
43.42370532387285 73.86453743439807
65.256970928855 33.3170043526978
48.88308080657323 51.483888467354824
0.3 
0.5 300.12138155041526
29.302195238490846 295.7645660253548
24.676777346791624 260.4923198711255
0.5 300.12138155041526
24.676777346791624 260.4923198711255
0.5 276.69920588872895
0.615169789721701 
30.12007182615518 142.93521316938225
54.60250238292088 146.06269499921484
51.38037940274495 116.01423378052242
30.12007182615518 142.93521316938225
51.38037940274495 116.01423378052242
23.995975931611596 123.73139570085368
0.3 
42.71008391019109 348.953483685168
60.137390172705075 327.15707858467704
50.385726271324344 308.408570350341
42.71008391019109 348.953483685168
50.385726271324344 308.408570350341
32.989963817755154 317.87560948366695
0.5447146898420702 
60.86520400391305 326.3892583531348
81.1700454601426 306.72512726736886
64.28122829968491 291.8422447389115
60.86520400391305 326.3892583531348
64.28122829968491 291.8422447389115
51.19012474022031 307.7879914229328
0.3 
187.6675103843609 304.69946765967876
187.03273424858477 328.2244671084856
209.5 304.39604571702773
187.6675103843609 304.69946765967876
209.5 304.39604571702773
209.5 273.8945094964215
0.6376655962479233 
188.731788796032 93.97419413042255
209.30328336109258 62.58337131515398
189.78155908984672 50.23555005169426
188.731788796032 93.97419413042255
189.78155908984672 50.23555005169426
172.44093248004452 66.5550138347906
0.6234083771090134 
0.5000000000000036 58.47333649255819
21.852089837755866 40.68816395658314
20.534764241022142 20.173966650724417
0.5000000000000036 58.47333649255819
20.534764241022142 20.173966650724417
0.5 34.52713412362205
0.6262704245779749 
159.88394203631853 44.475385112262444
179.59559157410413 30.860887638787734
184.91609437333233 1.105097464026219
159.88394203631853 44.475385112262444
184.91609437333233 1.105097464026219
152.2929838294638 23.970872315785215
0.5707772721560986 
21.61733920531815 18.961509732304982
44.79207961581274 28.267018560793044
57.75530738334789 0.5
21.61733920531815 18.961509732304982
57.75530738334789 0.5
28.615454720887964 0.5
0.8806328841441178 
65.81991726047946 65.6162983936502
88.46457407034119 41.96185824908369
84.69388396336082 21.126378671196285
65.81991726047946 65.6162983936502
84.69388396336082 21.126378671196285
66.27110268493583 32.27961993134342
0.3 
155.71289539474685 260.22322952207406
178.72281054309815 265.9912060444465
188.06895265838781 247.864970043044
155.71289539474685 260.22322952207406
188.06895265838781 247.864970043044
178.79788604018054 230.73721760809724
0.3 
182.44537751063575 148.34861587313617
209.5 149.7173085842804
209.5 128.33612390143813
182.44537751063575 148.34861587313617
209.5 128.33612390143813
188.38195592867845 121.46709672222558
0.6485178577106124 
29.18332872231373 95.86626778730901
42.253907712957286 74.44041672051839
47.69024283595239 52.15422145138842
29.18332872231373 95.86626778730901
47.69024283595239 52.15422145138842
20.89574967687033 65.1002229930192
0.3 
1.4494314932968067 153.3932115010625
24.114729970293414 162.47017143907914
53.53628383990734 146.93461829275697
1.4494314932968067 153.3932115010625
53.53628383990734 146.93461829275697
29.790765774311264 143.90127255864275
0.3 
116.7413878458951 327.7134111410299
135.96618838398956 326.9111803157739
159.4707319966891 323.8597287916462
116.7413878458951 327.7134111410299
159.4707319966891 323.8597287916462
133.70776497216897 304.03302598806005
0.38492864055273135 
0.5 275.49530880105766
24.75251562461672 259.23765168115744
39.99546519454861 244.5326295265573
0.5 275.49530880105766
39.99546519454861 244.5326295265573
0.5 238.7408318770774
0.46607867418304294 
0.5 152.65659658352294
29.114453677224645 143.07318584915748
22.9814645388486 123.84148112441956
0.5 152.65659658352294
22.9814645388486 123.84148112441956
0.5 120.65689935541614
0.8164575809853218 
151.63420014325868 160.49044550659775
181.3981719065135 148.45326165022908
187.32755343496223 121.60433085439838
151.63420014325868 160.49044550659775
187.32755343496223 121.60433085439838
163.75729013864586 130.2316924606107
0.37529999999999997 
187.8945450556434 120.18496529630528
208.91624588147172 95.21369404555986
188.76188420075673 95.41761640575021
187.8945450556434 120.18496529630528
188.76188420075673 95.41761640575021
154.970340945393 102.0170714126641
0.5837947290174905 
0.5 186.31214208142367
23.19671419455595 197.6225261540888
23.63922517006978 163.35695277538437
0.5 186.31214208142367
23.63922517006978 163.35695277538437
0.5 154.0901954865432
0.8795360391180765 
158.06550791275393 180.3507850921295
170.7854213042533 195.99391939878564
178.76327905807594 172.65648171066934
158.06550791275393 180.3507850921295
178.76327905807594 172.65648171066934
151.57191335336293 162.2502433784601
0.3 
105.94828623577109 349.00846646207776
115.16136852076193 328.3209216338985
103.68501769437502 313.0426498429778
105.94828623577109 349.00846646207776
103.68501769437502 313.0426498429778
91.93217760382166 329.84600300495845
0.5539966479138168 
72.09696328881552 349.5
105.0688609834037 349.5
91.048070445691 330.331135561663
72.09696328881552 349.5
91.048070445691 330.331135561663
61.56521524180228 327.7888831615639
0.6440858145887153 
162.06045390104612 348.9695442043597
186.00390196063105 329.2795115280931
186.64420195396505 305.5497962138319
162.06045390104612 348.9695442043597
186.64420195396505 305.5497962138319
161.2412699224673 324.4450244331259
0.4216493377468431 
153.93787045266478 101.1998194888648
187.0201404093158 94.73888485632646
169.75233696705925 87.35520994909767
153.93787045266478 101.1998194888648
169.75233696705925 87.35520994909767
150.82214431849934 81.26969506859729
0.3706 
0.5 119.64691630613692
22.971380704758605 122.83006966311899
28.425302857613307 97.43228939048277
0.5 119.64691630613692
28.425302857613307 97.43228939048277
0.5 86.54246512578099
0.6407034809158647 
0.5 334.79507178902753
12.188692104955404 349.1414579430761
31.68079559957905 317.8262137060342
0.5 334.79507178902753
31.68079559957905 317.8262137060342
0.5000000000000036 301.5282320430901
0.690627744439994 
161.8340330362058 322.75781266303494
186.80972366111618 304.1803754716503
208.60066929951336 273.4340345574289
161.8340330362058 322.75781266303494
208.60066929951336 273.4340345574289
175.92683378737266 286.7396282516725
0.5980031774154001 
32.38538810150836 317.0661340828797
49.5572943070318 307.7209209325278
29.767677647017 296.7055301095485
32.38538810150836 317.0661340828797
29.767677647017 296.7055301095485
1.5874400070057675 300.96826410719245
0.3 
178.92992964377353 229.25475077366536
208.39857811299183 215.9578374773025
186.45688063507953 211.34196973915863
178.92992964377353 229.25475077366536
186.45688063507953 211.34196973915863
158.4548899554737 214.73965596539412
0.31281577686063544 
30.291397743209046 295.616939202444
63.50422749888493 290.725301612389
53.396353065700396 267.49500964072604
30.291397743209046 295.616939202444
53.396353065700396 267.49500964072604
25.65991993677706 260.29848169842273
0.3 
160.92555571836155 322.3352296619543
175.05547745793908 286.22217194402094
178.25730208300115 267.8400867080185
160.92555571836155 322.3352296619543
178.25730208300115 267.8400867080185
155.03834708819738 287.40503955743446
0.3829 
45.561932118221655 28.981922016280283
48.763352172949354 50.12307539288406
65.23009223826833 31.85317396574893
45.561932118221655 28.981922016280283
65.23009223826833 31.85317396574893
58.37522911578267 1.5360526744442424
0.3 
61.866960926228245 326.81119137413657
91.0730511424402 329.3295788381798
102.84521210893317 312.4986020976165
61.866960926228245 326.81119137413657
102.84521210893317 312.4986020976165
82.05448662005014 307.260674203327
0.49027882060674943 
66.10955759522912 31.208439770994545
84.59312384662704 20.018398992994353
87.23847416987147 0.5000000000000001
66.10955759522912 31.208439770994545
87.23847416987147 0.5000000000000001
59.166215273488405 0.5000000000000034
0.7486133637643452 
190.10182035057306 49.254871943029066
209.5 61.52454914057097
209.5 27.733226725013804
190.10182035057306 49.254871943029066
209.5 27.733226725013804
180.82586326819666 31.555087071587675
0.9292554479576943 
134.79591313921824 262.2737196050325
154.58033170975213 260.0476580125077
177.5183307380716 230.74939564714688
134.79591313921824 262.2737196050325
177.5183307380716 230.74939564714688
148.24253255201128 239.38011407013715
0.3 
186.71208265285676 210.3737683502044
209.5 215.16765508608947
209.5 189.13404909096639
186.71208265285676 210.3737683502044
209.5 189.13404909096639
172.03208392461065 197.28920286703246
0.5949866066650042 
152.09890047441775 161.38119359771773
179.31863844121324 171.79829010176212
208.55474437709285 150.670766979816
152.09890047441775 161.38119359771773
208.55474437709285 150.670766979816
181.91470379176303 149.32304795738048
0.4776517165240371 
188.92619107771344 247.34794416851972
209.5 246.57254338224814
209.5 216.55793907932048
188.92619107771344 247.34794416851972
209.5 216.55793907932048
179.57004142559492 230.06300581298171
0.7878298169820088 
