178.95604544566993 232.83737419032292
209.5 244.33166195940356
209.5 211.73690368252096
0.7047146103262136
0.5 269.79919241265463
0.5 306.7165119770324
19.762517684703834 292.6030494339698
0.8891963022521154
22.764179931591364 226.12917646163447
0.5 215.6789186337041
0.5 238.3183918028923
0.7042558576314902
61.258968906489386 206.47535557456823
51.85027104964217 186.66070924593558
35.11973217432113 200.62761200744902
0.3931
95.95725387455701 0.49999999999999645
117.27826988954999 23.465901407935704
119.52966805888096 0.49999999999999645
1.0
208.49476780560045 147.4849981201864
184.73812477169457 124.54879165832739
181.9104916210716 143.04631484883748
0.7227670299883334
209.5 93.24716149994126
185.24783962662838 95.31554775440014
209.5 118.79303901271805
0.6728559973330595
59.41121692587534 326.04371207975095
84.46887022186974 329.32474155757575
78.62297996814144 307.10728703663125
0.39932671909969925
58.54273517148337 325.49563091624844
77.99478134841522 306.32236641395406
47.54048383145518 293.9472598799118
0.43479999999999996
24.337607142933226 226.49638294660915
22.7065699055681 247.01470822591355
43.42080159355587 221.91571974697575
0.5186215811281629
209.5 0.5
196.63826913321435 0.5
209.5 1.3574487848820964
1.0
135.45535837146593 47.11662334977473
154.060493175989 21.39169581754874
118.60632131052174 25.026446945835097
0.3
134.41930929072953 47.407201885463806
118.03641111139987 25.928163678108056
115.9263115174806 46.57056584888883
0.3181
0.5 349.5
15.024605197480572 349.5
0.5 335.16873378275744
1.0
188.8574923597616 67.90732747340621
167.46407249391325 74.40614460565254
183.81950275416963 93.79015641867275
0.3
188.55279695026132 66.95476469783573
173.46442878169728 52.22667022938929
167.32919913169863 73.40199389148908
0.3
117.06653492856157 25.582494418013784
95.17511560519482 39.19336932166868
114.94286352556904 46.35766508080431
0.3
183.75937506976226 124.33378724280799
159.92645636766363 134.60335327085681
180.94165305867978 142.7664747478777
0.3081
209.5 349.5
209.5 338.33134163728886
200.88220807970708 349.5
0.8260300577121934
0.5 308.894221564985
0.5 333.3681022832967
21.35969752451621 329.3722341638313
0.8815878748248842
1.0472803263896644 268.16250404527005
31.74652257399561 275.29730323105423
21.87506731255518 249.41583420555753
0.7341080699075682
58.198325416566576 327.3417173689767
39.58646638281448 349.5
68.01538823992473 349.5
0.7089122669212627
102.81938577578231 349.5
132.98315963445063 349.5
111.12353592769043 330.56997182403376
0.851471227314526
208.62175787988284 33.28384239722565
182.8126230518959 25.81523129637158
174.10060646511255 50.29285309878076
0.4589356242635084
166.23363838733846 324.3328374233383
186.53065226823966 318.5539009200289
165.37886583728175 291.25409248694194
166.23363838733846 324.3328374233383
165.37886583728175 291.25409248694194
143.00848264770812 305.5906437573098
0.3 
184.8878780247984 123.30336505029271
209.5 147.0655064556253
209.5 120.18484925976932
184.8878780247984 123.30336505029271
209.5 120.18484925976932
184.62242398205726 96.10191955381704
0.578362332179584 
165.64320338488432 289.93974417507025
183.9000287752465 280.18160025232737
166.51565372928488 255.95491951819946
165.64320338488432 289.93974417507025
166.51565372928488 255.95491951819946
149.85099310216697 268.1240900002728
0.3 
159.32019243793138 349.0679774556092
165.55623959276738 325.0711870128775
142.2910736611431 306.296705995351
159.32019243793138 349.0679774556092
142.2910736611431 306.296705995351
131.92983713764002 323.8616706192534
0.6225082558022739 
46.4593894934152 44.401045464562856
73.87394336091613 50.277649153344576
57.00361075094774 25.189013018582536
46.4593894934152 44.401045464562856
57.00361075094774 25.189013018582536
36.48659722336844 21.307879643855564
0.3 
22.96015413077179 94.24998206704089
41.537383298626104 102.8187763699326
41.098967014671054 76.0747300144178
22.96015413077179 94.24998206704089
41.098967014671054 76.0747300144178
22.451246742569083 66.93949115112302
0.37422990435729625 
0.49999999999999645 59.16867151563559
21.41316589350791 65.45118301696071
20.406096201304884 35.238908712469865
0.49999999999999645 59.16867151563559
20.406096201304884 35.238908712469865
0.5000000000000036 32.83430350646527
0.8189110959206458 
26.508115886544072 116.27541719393042
41.13338475553091 103.73368207976561
22.369507784846856 95.07879600209499
26.508115886544072 116.27541719393042
22.369507784846856 95.07879600209499
1.3390728161457517 96.23777397912276
0.6132245647692808 
20.72520259993033 292.1930455505948
45.62713824171427 292.5521579377648
32.27121562549594 276.44589889525884
20.72520259993033 292.1930455505948
32.27121562549594 276.44589889525884
1.3539141160389754 269.26042063956936
0.5074064075901098 
200.00358507287808 349.001742149687
209.5 336.69438836665785
209.5 310.33886109586035
200.00358507287808 349.001742149687
209.5 310.33886109586035
188.02769526269265 319.1073929693899
0.8160818589405575 
138.873966728808 208.8995385205058
155.9866964824893 221.16277188605315
182.84590130717575 198.51839717028056
138.873966728808 208.8995385205058
182.84590130717575 198.51839717028056
158.06278711165223 196.79187149264365
0.4209 
21.449167051478973 34.4778221955887
45.16406694022963 43.92389140670005
45.16406694022963 43.92389140670005
21.449167051478973 34.4778221955887
45.16406694022963 43.92389140670005
26.799654791700366 1.3989491977303459
0.3 
149.51742352807156 267.12943141692796
166.23591988236444 254.92094803453955
176.97168150913683 233.66982297219315
149.51742352807156 267.12943141692796
176.97168150913683 233.66982297219315
145.1751354191917 240.28484289910128
0.3 
182.98650053594127 24.824519394765108
209.5 32.49695854235828
209.5 2.3596685437528273
182.98650053594127 24.824519394765108
209.5 2.3596685437528273
182.14058247846955 0.535707247104958
0.6626808018629156 
0.5 214.57424074235018
23.601745522289423 225.41763123438457
33.409486938387566 201.07238737603578
0.5 214.57424074235018
33.409486938387566 201.07238737603578
0.5 177.5925691092396
0.5095255403892305 
16.448390090860922 349.5
37.478404548994895 349.5
22.18741780314788 330.231858862127
16.448390090860922 349.5
22.18741780314788 330.231858862127
1.0282277719781518 334.28509754307584
0.7617551235993008 
20.52328962176962 151.7912711198369
24.16936999624882 173.304619868034
39.16584286322577 147.53264846962887
20.52328962176962 151.7912711198369
39.16584286322577 147.53264846962887
26.710399599901415 118.62930996587733
0.3817665959938626 
85.84082994279218 329.971024907168
101.91894907073724 349.06334341941965
110.43495652300182 329.6503682119489
85.84082994279218 329.971024907168
110.43495652300182 329.6503682119489
109.81453889546998 309.07267145348015
0.7386146856715177 
0.5 95.28249753073115
21.957185772232215 94.10000150551714
21.44296341139186 66.50428283440496
0.5 95.28249753073115
21.44296341139186 66.50428283440496
0.5 60.2128198787773
0.737842057944871 
0.5 123.91936746896614
19.737819455914263 150.54893581923585
25.973279114229598 117.12782779028622
0.5 123.91936746896614
25.973279114229598 117.12782779028622
0.49999999999999645 96.84797539484646
0.7874619719456578 
136.38732445657084 47.53441350132276
172.8750868129744 50.75382795437321
181.82708611612819 25.6019413463458
136.38732445657084 47.53441350132276
181.82708611612819 25.6019413463458
155.3441182946438 21.323254439512535
0.3 
178.5891247701637 231.8754352546416
209.5 210.52148745468185
209.5 188.25830999726182
178.5891247701637 231.8754352546416
209.5 188.25830999726182
184.55540216958428 198.4639834401418
0.6478599657486497 
22.262377113348876 328.85706192240485
31.67022683750532 311.0657227047579
20.35638129911324 293.4076228481922
22.262377113348876 328.85706192240485
20.35638129911324 293.4076228481922
0.7702513052060169 307.75819303622495
0.7018969470258565 
158.20065171029182 195.79905218854262
183.01084941258625 197.5274646496367
169.06241578039527 180.0442353210332
158.20065171029182 195.79905218854262
169.06241578039527 180.0442353210332
146.08722766186747 179.25260469302765
0.3 
22.98548228428443 329.6288196771496
38.52450688687635 349.20951281122353
57.56795636419017 326.5374017113757
22.98548228428443 329.6288196771496
57.56795636419017 326.5374017113757
32.44587457752498 311.7381163436471
0.5336670564824786 
187.08631208034416 255.1533337852663
209.5 277.13368605667
209.5 245.40012647304883
187.08631208034416 255.1533337852663
209.5 245.40012647304883
178.75977991390886 233.83198014393133
0.8870326356834989 
36.014909402691856 20.20091733193564
56.94936137648197 24.16101611180333
63.87325830439659 0.5
36.014909402691856 20.20091733193564
63.87325830439659 0.5
28.013023573199312 0.5
0.8042896422656841 
159.54806488657954 133.6775152289197
183.88672435627342 123.19002632407955
183.6227810803144 96.14339120403667
159.54806488657954 133.6775152289197
183.6227810803144 96.14339120403667
168.8020533946056 111.62296120911937
0.3477 
118.22479139935612 24.060319870116707
154.60263249089837 20.33087444818336
153.86949419958788 0.5
118.22479139935612 24.060319870116707
153.86949419958788 0.5
120.53446172677917 0.5
0.8829328875805353 
32.605203718337336 310.67135897329666
57.40971212146534 325.2835635422255
46.34728694436143 293.56264722582983
32.605203718337336 310.67135897329666
46.34728694436143 293.56264722582983
21.412971898097034 293.2030678932221
0.3 
184.26881935436734 197.50077572162817
209.03345575609936 187.36873054832168
186.1981047383441 168.68508593626362
184.26881935436734 197.50077572162817
186.1981047383441 168.68508593626362
170.037270447492 179.66268437738483
0.49958026944447914 
189.6924275482828 66.66975211061708
209.5 64.9734220186017
209.5 33.965915402398885
189.6924275482828 66.66975211061708
209.5 33.965915402398885
174.07161833185688 51.42192999739281
0.5018788172150344 
169.4791635513364 178.83290266101554
185.67095809015373 167.83427379759792
181.01372251461962 144.37391484373725
169.4791635513364 178.83290266101554
181.01372251461962 144.37391484373725
159.86979052910803 161.71488344601838
0.3 
85.4203446829556 329.01095976993315
109.79763803460628 307.7607938605766
111.17951163469681 287.3784085486041
85.4203446829556 329.01095976993315
111.17951163469681 287.3784085486041
79.46592894726214 306.381051395893
0.3 
184.7280831497449 94.35624573967837
209.5 92.24353118061072
209.5 65.97708246541778
184.7280831497449 94.35624573967837
209.5 65.97708246541778
189.92567859172146 67.65343682517504
0.922916580757855 
160.24113733363183 349.5
199.12593213057045 349.5
187.08230988101235 319.43657635212406
160.24113733363183 349.5
187.08230988101235 319.43657635212406
166.53330335293512 325.2872598383086
0.8207205510201759 
111.418559061731 329.09143396744287
130.96468437720807 323.5296310439071
141.23647077754134 306.11630741821153
111.418559061731 329.09143396744287
141.23647077754134 306.11630741821153
110.79662086519966 308.46330374869893
0.3 
75.24431452316759 51.450300879979
9.454825434367109 91.88867980582378
78.34642371337668 21.485571907606346
75.24431452316759 51.450300879979
78.34642371337668 21.485571907606346
116.95598630212207 25.056398955520518
0.3 
0.5 31.82703392069912
20.48455175328264 34.24111635552938
26.670272631569873 0.5
0.5 31.82703392069912
26.670272631569873 0.5
0.5 0.5
0.6277277265097186 
184.25065985864268 278.95498343417785
186.15192336818478 255.50967812209984
177.82744625270138 234.1935867516863
184.25065985864268 278.95498343417785
177.82744625270138 234.1935867516863
167.21095149886642 255.20862653934967
0.3 
187.54146301504568 318.2257856045285
209.16533844273596 309.395357607319
184.5226270026647 280.98270539049247
187.54146301504568 318.2257856045285
184.5226270026647 280.98270539049247
166.25196874276463 290.7482428840741
0.6317646278743443 
139.90742455683875 154.56100569809604
159.125668733541 161.0318655848766
180.36283469138908 143.614432142089
139.90742455683875 154.56100569809604
180.36283469138908 143.614432142089
158.73479243758968 135.21325756239156
0.3 
69.10913717474361 349.5
100.97931447618103 349.5
84.88435203925236 330.3876805276014
69.10913717474361 349.5
84.88435203925236 330.3876805276014
59.148591863452054 327.0178602665585
0.8887582542544276 
32.95177238356134 199.51739568585322
23.491272253803704 175.06037214529377
0.5 157.367052965886
32.95177238356134 199.51739568585322
0.5 157.367052965886
0.5 176.3641414455795
0.5985694037284015 
155.60410742463628 20.35229190909412
181.9785430176729 24.613443944912948
181.13873259232858 0.5000000000000034
155.60410742463628 20.35229190909412
181.13873259232858 0.5000000000000034
154.87017733966397 0.5000000000000001
0.9198549864963907 
24.970231545772037 173.91661775024258
54.80454373019545 165.16675943820016
57.163397879447785 137.54408248127328
24.970231545772037 173.91661775024258
57.163397879447785 137.54408248127328
40.09308420883961 147.9274581823875
0.4289 
0.5 267.3096842255429
21.599800113502443 248.3181808711781
23.296169533568055 226.97798166702015
0.5 267.3096842255429
23.296169533568055 226.97798166702015
0.5 239.45845120392895
0.6072287340335508 
24.69402794981238 225.38242361445694
44.5334285155435 220.62024334587696
61.02356176284691 207.44741015637166
24.69402794981238 225.38242361445694
61.02356176284691 207.44741015637166
34.32552772842869 201.47465516053177
0.38580000000000003 
46.891096117730214 292.50979076948437
77.67142235477921 285.23388557622735
60.2310836492663 278.09263951752916
46.891096117730214 292.50979076948437
60.2310836492663 278.09263951752916
33.666811771676095 276.5622777859438
0.3 
22.425797675772145 65.81347684858719
41.19804290809219 75.00971862480834
45.55084090714233 45.154359781998856
22.425797675772145 65.81347684858719
45.55084090714233 45.154359781998856
21.416731643272385 35.54131197136148
0.4728031439235051 
22.653334470241496 248.65025182755707
32.708321397370796 275.012913240085
55.15963391388076 247.60412602598075
22.653334470241496 248.65025182755707
55.15963391388076 247.60412602598075
44.613898245877266 222.0411095963588
0.3 
39.95633206371101 146.8401733092043
57.100099732319876 136.41211767585756
41.879604568386455 104.4111051296385
39.95633206371101 146.8401733092043
41.879604568386455 104.4111051296385
27.124742087816042 117.0639717904114
0.3219 
33.55749849201558 275.5543222039702
60.11401876477773 277.08423736734386
73.50756810630003 260.3280572883827
33.55749849201558 275.5543222039702
73.50756810630003 260.3280572883827
55.833404941039575 248.3596724740888
0.3 
78.68802864598587 20.512897748449003
116.41122997722661 24.00174917839947
94.59274518481789 0.5
78.68802864598587 20.512897748449003
94.59274518481789 0.5
65.46999266195692 0.5
0.8984715343204546 
209.5 308.25498896037726
209.5 278.53429547067293
187.07168602816998 256.53959992027467
209.5 308.25498896037726
187.07168602816998 256.53959992027467
185.15422085835357 280.1846949352459
0.8255102154635193 
57.84760426455969 24.652059939284094
74.63672938814126 49.619928740972156
77.88569370788991 21.112605533718032
57.84760426455969 24.652059939284094
77.88569370788991 21.112605533718032
64.71758314059416 1.175297854878238
0.5596148639168614 
148.33419127232975 101.08545474690806
168.26726913042182 110.73552976196427
183.43876215720576 94.889601453317
148.33419127232975 101.08545474690806
183.43876215720576 94.889601453317
166.6291836336728 74.96734545104991
0.31930000000000003 
186.6813696210243 167.788422377597
209.5 186.45838633844016
209.5 148.66668129961295
186.6813696210243 167.788422377597
209.5 148.66668129961295
181.97302339921492 144.07059864907896
0.7655771054655673 
134.5107291912068 349.5
158.31289469687943 349.5
131.16127080374827 324.5133886379957
134.5107291912068 349.5
131.16127080374827 324.5133886379957
111.96484710160354 329.9756848089651
0.8403343220372906 
145.65590767606713 239.1634105046369
177.453163121911 232.5482430018445
183.37612816899275 199.37934252652352
145.65590767606713 239.1634105046369
183.37612816899275 199.37934252652352
156.3932208332115 222.12800796991803
0.3 
0.5 156.105215806413
23.200953494658034 173.57511531540717
19.54193884814105 151.98544913134097
0.5 156.105215806413
19.54193884814105 151.98544913134097
0.5 125.62702461029488
0.8405630767350049 
34.23518290997947 200.06338965520726
51.56101109988588 185.5995305174682
54.65491726576738 166.25276217885332
34.23518290997947 200.06338965520726
54.65491726576738 166.25276217885332
24.569615256286873 175.07623121781438
0.3 
