110.08101148102756 35.349604969960254
124.98156018958453 0.5
94.08402347645328 0.5
0.7025599645002838
22.856731105312374 59.1795880459361
0.5 36.64854996606736
0.5 60.342872185128044
1.0
91.7025287879927 0.5
60.4695137216232 0.5
63.98293489445218 19.673202687285194
0.7245342665193915
46.221854215975085 314.29059189225194
34.28975915144625 341.617258764232
58.863603417417636 342.55684993500154
0.3
99.803515291369 461.9982929556399
87.04403834909232 489.5
117.77172045927921 489.5
0.6753449496831425
0.5000000000000036 240.11955933602067
23.701125755903416 212.86513941542236
0.5000000000000036 213.52936828259877
0.7721633874578328
1.2721298378282633 240.75523735193477
31.77278532316408 235.57939327824639
24.609761164049075 213.34046399960766
0.5634808833925613
0.5 62.02077369651238
0.5 91.50334228060204
21.21941994224321 81.37365754282395
0.9221898575554056
0.49999999999999645 242.45972757698854
0.49999999999999645 273.8992694849558
21.545055616986264 257.7541318366752
0.7974638884500982
34.812891337086086 342.6379916478116
57.53049762107956 364.901538148503
59.11160407137294 343.56706304987205
0.3
30.404032469376865 444.4960232782645
36.74627353771038 463.2331292179372
53.82991571035623 454.0190805039634
0.3
146.8559713386844 489.5
176.3798002712204 489.5
155.15374923026994 467.71897789282474
0.941206984948749
162.1637321149325 447.4660925544985
142.82230614306758 431.0352309602745
138.56609841963103 454.9711586447415
0.3
137.55418737950666 454.9499271255272
141.79949231307654 431.07531420922123
118.04546205187836 445.12476476879465
0.36419999999999997
145.92227702001395 489.14192201625315
154.21508039218867 467.37395763593855
124.42972631729783 469.87573098986786
0.6675115045861393
189.517622065248 19.894847493075524
209.5 27.744646491510952
209.5 2.1559338752485786
0.8658544433231999
209.5 64.19417925241564
209.5 30.05661689049201
190.43997961505602 57.121144863684655
0.7337427115361141
171.3903150537724 67.09632088615342
171.76698155357354 87.2623624582171
188.737665606943 80.06962977999346
0.353849730102064
209.5 125.070745577868
209.5 98.23835213823853
181.85101257112058 115.09851726052592
0.9335929469365756
0.49999999999999645 298.5200489848422
24.30114916596395 286.0062779200052
0.49999999999999645 275.6751438695504
0.6453775059574005
21.97990228232244 258.68090739161795
0.9783794701717063 274.792647973192
24.867242274570454 285.16185503223994
0.6238891140923957
45.34655351063254 381.9386309249093
32.69938278992614 365.2401926798304
26.589299955660564 387.99333410986264
0.3
181.4044816656363 396.1663813474855
159.75045401154517 396.18080405438974
181.13101651105563 415.25906999728517
0.4445
151.60362074277106 222.1687506669075
164.70998691884333 238.9790018055538
181.16565340748772 224.57186131883591
0.4194
209.5 303.9958299150508
183.82690566472922 308.89884446120743
209.5 337.51986907057244
0.8817064690337799
209.5 302.9777567991674
209.5 280.2423692675684
184.25092063442327 307.7997935116025
0.9128351473887372
158.13294544789528 320.3461221072232
175.6786634174908 327.2832789750331
181.99793570506176 309.5157229171012
0.3
188.8059187717197 20.689657699688247
179.77631199155343 37.45229525753675
208.49906820975164 28.425837309516105
0.7387092783787483
24.876119602626737 59.20266679341179
56.9314710989124 62.27704226010761
39.735035030264115 36.79235656107281
0.3583
45.470148375301434 382.9495422851528
26.831451133914207 388.9659763659778
40.782834046665315 401.9668806711514
0.3582
29.98317045470453 442.6446039267812
49.458856637586216 426.68495341088146
27.793891647140843 421.15737908298576
0.3492
46.13139117174367 312.1206971804885
55.434712774586 293.90330887434135
26.722240896897013 286.7915202146997
0.3
209.5 183.11682515996992
189.45837865584633 181.64603307263704
209.5 209.53440851383624
0.9294312761131879
0.5 120.10702313138566
0.5 153.41038261992844
21.0419780927412 144.45194411727957
0.8679572993375628
22.43595548302703 145.8944836104105
24.270244505586547 175.2292235979675
44.26808123203968 166.92709257527022
0.3
209.5 371.0387412870336
209.5 339.49289408745807
185.4091535412796 346.52467628260706
0.6280082395805684
209.5 126.49358366072624
190.56610374823845 133.29737871685947
209.5 157.7547441394983
0.9306435982017032
1.6222097273911267 359.908903593429
32.00767048339097 363.5636092395561
32.99635230274 342.9501646401201
0.6080983391891278
209.5 425.09953452237505
186.1969880595042 441.6709607001221
209.5 458.58449409999713
0.7946356289964587
209.5 182.11413595869564
209.5 160.43558042767563
189.54466195093295 180.64967593330044
1.0
163.45091178633606 446.21552852404363
180.74929024830817 416.84637651049854
158.7364055632476 416.46498651621937
0.3
0.5 183.02373026409822
0.5 212.52895855198207
23.78767035573442 211.86225198514094
0.7661452117447543
147.10816693732914 1.7303747235795761
139.30067718843839 24.457994404691313
156.31875557578368 37.07267283955143
0.47323541451555484
34.85730621220363 101.23298081914062
57.04782213442401 101.5168353006222
73.97095266321547 74.27552012133127
34.85730621220363 101.23298081914062
73.97095266321547 74.27552012133127
42.847828935489304 76.04868332053898
0.4269 
1.4063699121605282 92.1733331195162
33.84579437089645 101.1144259041413
41.715434142273075 76.3111237832907
1.4063699121605282 92.1733331195162
41.715434142273075 76.3111237832907
22.272391058960423 81.97197533353129
0.48325719919130106 
45.36246166197404 166.592835572805
67.72029211696652 166.20517106352838
54.60933384029589 139.9756346016521
45.36246166197404 166.592835572805
54.60933384029589 139.9756346016521
22.92727150440454 144.97924709034726
0.44989999999999997 
40.37025094699186 125.05056249438732
54.46284095708113 138.33226721830854
56.79051038437237 102.51362565570734
40.37025094699186 125.05056249438732
56.79051038437237 102.51362565570734
34.815177467439874 102.23252373124625
0.3 
31.021256784325235 489.5
61.222528980699344 489.5
54.637009198486325 454.71995200630886
31.021256784325235 489.5
54.637009198486325 454.71995200630886
36.898271757597556 464.2873258281773
0.6508961312561755 
152.47407624733492 375.3086904436005
184.20456326970452 373.8506725258286
158.11881245277766 348.6752385840678
152.47407624733492 375.3086904436005
158.11881245277766 348.6752385840678
136.46809707588244 357.21313204445363
0.3 
170.74465319142635 64.6981049111513
178.28668212472164 38.10904283615045
187.29582132463992 21.38440146548216
170.74465319142635 64.6981049111513
187.29582132463992 21.38440146548216
157.81540242833285 38.516329129772984
0.42879999999999996 
159.1654415972894 109.31279219956114
180.3396743871598 114.60935225404124
188.997003730299 81.0458234605592
159.1654415972894 109.31279219956114
188.997003730299 81.0458234605592
171.6266134143992 88.40796476645816
0.30208964176329 
0.5 359.3787553996374
32.85490501113776 341.88988262406355
20.89619796490762 320.4334511786248
0.5 359.3787553996374
20.89619796490762 320.4334511786248
0.5 339.00356850097234
0.6568905197711855 
100.67632599218277 460.7813753692982
123.11480117620869 468.8999840659929
137.06484723676172 455.82314286541464
100.67632599218277 460.7813753692982
137.06484723676172 455.82314286541464
117.08691679778484 445.76167514684073
0.3 
46.04810136390985 206.97842531684287
52.99658137977962 189.20083265662356
44.87950903027789 167.75600889808473
46.04810136390985 206.97842531684287
44.87950903027789 167.75600889808473
24.580331206367607 176.1832421159761
0.3 
22.0570558287221 144.10428756827835
53.80851026488 139.0897158441701
39.68763877328185 125.78135695048397
22.0570558287221 144.10428756827835
39.68763877328185 125.78135695048397
1.2563605143851433 119.45275295983049
0.3 
188.62489742121736 152.6967117085987
208.67836753881647 158.3269917586059
189.54258889701555 133.60885003720975
188.62489742121736 152.6967117085987
189.54258889701555 133.60885003720975
170.14938186870452 137.36386298566055
0.44123161995939597 
174.59939355057207 195.41135995964746
208.54726446281003 209.92222923074684
188.04731469162238 181.39607927874312
174.59939355057207 195.41135995964746
188.04731469162238 181.39607927874312
173.36965206784876 167.03098898656526
0.5369337041402846 
118.96623481807868 489.5
144.82357841981965 489.5
122.97160206242995 469.91161532528935
118.96623481807868 489.5
122.97160206242995 469.91161532528935
100.96630638876672 461.94973808700337
0.6153572504229974 
130.78278017782898 50.618281420044696
156.20091818222986 38.230096335216174
138.63933552221587 25.212544469429435
130.78278017782898 50.618281420044696
138.63933552221587 25.212544469429435
111.12298952272633 36.697156582291456
0.42110000000000003 
157.82452304887005 319.38793167906465
182.41546083074581 308.2280833084083
188.81484020998144 270.77933389094915
157.82452304887005 319.38793167906465
188.81484020998144 270.77933389094915
171.773609447519 287.036564510451
0.3385380368059803 
27.707596258306623 420.1033269734483
49.708285838646425 425.71655768828765
40.64236739670561 403.20287273829086
27.707596258306623 420.1033269734483
40.64236739670561 403.20287273829086
26.41957344599208 389.94904806285825
0.3 
21.543233177496717 319.54030165134196
33.483770543668115 340.96413287561467
45.6401764109622 313.1237534871149
21.543233177496717 319.54030165134196
45.6401764109622 313.1237534871149
25.79564876745262 287.22640376457986
0.4422205594665376 
0.5 460.63473986171846
29.050612076504144 443.3573388053735
26.77502544406079 421.0230242110351
0.5 460.63473986171846
26.77502544406079 421.0230242110351
0.5000000000000036 422.5585891409144
0.5925769418541165 
44.38411505102327 255.1583303555521
74.33148551702863 248.98321709697336
59.463686928023456 224.8415512761712
44.38411505102327 255.1583303555521
59.463686928023456 224.8415512761712
33.14566397077343 236.20942211707262
0.3122 
0.5 337.65117994218673
20.55405165910318 319.3925764152598
24.835914735860044 286.8549085179287
0.5 337.65117994218673
24.835914735860044 286.8549085179287
0.5 299.6498397010598
0.7744823228841257 
25.009142392891274 211.78316578440013
45.32683864477054 207.69242624829803
23.59932170384881 176.52464031685855
25.009142392891274 211.78316578440013
23.59932170384881 176.52464031685855
0.8876101438138058 181.91202276821775
0.431620109542905 
157.4780584629472 37.55577495031008
187.90364526961255 19.874582761392887
177.31219520371505 0.5
157.4780584629472 37.55577495031008
177.31219520371505 0.5
147.8209190594342 0.5
0.7979802265444484 
57.72277286969816 61.661925817567976
62.6391772163121 41.695129289608715
63.108946290832165 21.454756222542358
57.72277286969816 61.661925817567976
63.108946290832165 21.454756222542358
40.43178693720917 36.037119598604036
0.3 
173.56581195205496 165.82373529255273
188.42196688882206 180.36351676399627
209.0484575152062 159.4695659603366
173.56581195205496 165.82373529255273
209.0484575152062 159.4695659603366
188.50148758067039 153.70072923372
0.5016520925183231 
62.062161386227686 488.5592119046252
76.71591607144771 462.48113956467535
82.65804301681716 440.9039209098976
62.062161386227686 488.5592119046252
82.65804301681716 440.9039209098976
55.563174407932905 454.2361688509896
0.37485236373314795 
0.5000000000000036 421.55688286316257
26.70336034224 420.0255061848717
25.391286531302637 389.3081623086484
0.5000000000000036 421.55688286316257
25.391286531302637 389.3081623086484
0.5 392.0992421114228
0.6104643917488788 
111.04111899196656 35.64772157987212
138.30899235722228 24.26681552685138
146.47347113648848 0.5
111.04111899196656 35.64772157987212
146.47347113648848 0.5
126.06913259060337 0.5
0.6828721226425526 
32.989475653088775 363.96692864086134
46.16230555219684 381.3594104410042
57.29121157099239 366.0671865970986
32.989475653088775 363.96692864086134
57.29121157099239 366.0671865970986
33.98426805046546 343.2260820206958
0.3 
25.91677642426817 285.56179626039386
55.41940854484832 292.86929961428524
43.78137080855538 256.25515710487934
25.91677642426817 285.56179626039386
43.78137080855538 256.25515710487934
22.932750192703374 258.19410052367306
0.3 
42.648983839767126 75.0583904094097
73.33211501542485 73.31029470047316
57.77103807935802 63.36215240995048
42.648983839767126 75.0583904094097
57.77103807935802 63.36215240995048
25.514464132347243 60.26847803255859
0.3 
24.380406360858274 58.14069520180828
39.17426950965092 35.828497227886174
26.58425096846646 1.8428194435713543
24.380406360858274 58.14069520180828
26.58425096846646 1.8428194435713543
21.798541015930955 26.34178810233833
0.43253499363442893 
185.5712550350423 373.77991404451336
208.89569565978402 371.85051058307334
184.27138830734825 346.79361305309544
185.5712550350423 373.77991404451336
184.27138830734825 346.79361305309544
159.39109022726726 348.51336088573413
0.38126479944343833 
0.5 391.0929750913496
25.473485967448646 388.2926782002684
31.848837143252563 364.55171250407676
0.5 391.0929750913496
31.848837143252563 364.55171250407676
0.5 360.7811337714722
0.7011589833355293 
183.64265246807017 306.9833997348288
209.5 278.7620976649289
209.5 247.83090088650044
183.64265246807017 306.9833997348288
209.5 247.83090088650044
190.03059248429295 269.60159272124616
0.6844638122448023 
63.64429209963353 41.486353676948994
94.12850186564614 60.27703121168355
85.78949764921092 36.2194873348499
63.64429209963353 41.486353676948994
85.78949764921092 36.2194873348499
64.10919575750825 21.45561094395586
0.3 
151.850870028583 289.52717178886166
171.12053721089453 286.27752618736224
188.49077221386204 269.70642752116584
151.850870028583 289.52717178886166
188.49077221386204 269.70642752116584
165.32197537252262 265.90403697982094
0.3562 
0.5000000000000071 482.13212499711636
35.851559790668304 463.708834556293
29.306163562855488 444.37154018096464
0.5000000000000071 482.13212499711636
29.306163562855488 444.37154018096464
0.49999999999999645 461.8035882027899
0.7088836248918368 
181.49185105047349 114.14627246659828
209.5 97.06709308350807
209.5 65.91611871319078
181.49185105047349 114.14627246659828
209.5 65.91611871319078
190.17452706719592 80.48447736315975
0.5634127399160861 
0.5 180.9762180571405
23.28962221948149 175.57035463316208
21.402195191588984 145.38580878037374
0.5 180.9762180571405
21.402195191588984 145.38580878037374
0.5000000000000036 154.50133939523602
0.5554224067264082 
141.79410684306893 161.05961652151095
172.66833486450994 165.2642462174686
187.5992893781832 153.14507219854298
141.79410684306893 161.05961652151095
187.5992893781832 153.14507219854298
169.02213946708162 137.72787702038062
0.3 
32.732878553650096 235.29842175751693
58.85007546244877 224.0172962083873
45.97981707032829 208.58102368689813
32.732878553650096 235.29842175751693
45.97981707032829 208.58102368689813
25.458193817975793 212.71282163006435
0.3398 
189.73281917237242 79.56514630869411
208.96929868061886 65.06387466513124
189.678826793169 57.90532140657541
189.73281917237242 79.56514630869411
189.678826793169 57.90532140657541
171.8412637084576 66.18485086166316
0.6198189733283103 
0.5 483.25977395157855
0.5 489.5
29.994448860661603 489.5
0.5 483.25977395157855
29.994448860661603 489.5
35.7285084835813 464.9006110905002
0.9412734912968508 
178.2099214108643 489.5
209.5 489.5
209.5 460.11632014045506
178.2099214108643 489.5
209.5 460.11632014045506
185.14967594131647 462.48968650285576
0.4998121286723971 
158.70860473561567 347.5581488754374
183.70789690608197 345.83017606782545
175.60651637831626 328.33007800697584
158.70860473561567 347.5581488754374
175.60651637831626 328.33007800697584
157.3912377093703 321.12819286689097
0.3 
22.52206205106169 257.2279796623761
43.302732253663166 255.29535570274498
32.1708546267931 236.5261386489609
22.52206205106169 257.2279796623761
32.1708546267931 236.5261386489609
1.255231188277513 241.7724011902874
0.3434988565010956 
62.680577601662534 489.5
85.94165383110126 489.5
98.91692692222742 461.53316711280104
62.680577601662534 489.5
98.91692692222742 461.53316711280104
77.48644627031865 463.15122301477817
0.6212092328263175 
184.73958439258877 345.6783860642588
209.09742051096265 338.56867330995505
183.05293753214852 309.5336151069888
184.73958439258877 345.6783860642588
183.05293753214852 309.5336151069888
176.5157702915571 327.9138146175769
0.44740203246744803 
169.9529712036938 136.38332015670133
189.61675969652478 132.57591582701073
208.52388306319364 125.78174146493909
169.9529712036938 136.38332015670133
208.52388306319364 125.78174146493909
180.9369951545843 115.83191073434855
0.327163977417839 
20.99926810996662 25.217470282434295
25.827660895791748 0.4999999999999965
0.5 0.5
20.99926810996662 25.217470282434295
0.5 0.5
0.5 1.8119980038388506
1.0 
155.55644492026127 466.6993816833057
177.30234910296906 489.01384888355346
184.17991818424014 462.24556822344596
155.55644492026127 466.6993816833057
184.17991818424014 462.24556822344596
163.39787685028247 448.4179794849235
0.42904702647443893 
182.48420311655607 395.2606055809221
209.5 400.0981671597084
209.5 372.80393786627457
182.48420311655607 395.2606055809221
209.5 372.80393786627457
185.81767338790453 374.762945744554
0.5849886241310387 
151.56632236175406 221.16242003771956
182.29150367810445 223.66008355569136
208.78266999955073 211.11037690749907
151.56632236175406 221.16242003771956
208.78266999955073 211.11037690749907
174.24323155589263 196.34664467672673
0.30304854068911746 
184.88128930546392 461.5111067563932
208.63935397944917 459.1954664635952
185.23990951403292 442.21194147914554
184.88128930546392 461.5111067563932
185.23990951403292 442.21194147914554
164.3698701488059 447.86357983716414
0.47565583722009924 
171.64991091765106 65.17119658089054
189.32557007057972 56.96681687387789
208.74063397004633 29.398140167555432
171.64991091765106 65.17119658089054
208.74063397004633 29.398140167555432
179.1601684149686 38.69414318298372
0.4584372323566738 
22.224761304405828 80.9443205044771
41.45208631449913 75.34627537728284
23.824303061393298 60.13059532535472
22.224761304405828 80.9443205044771
23.824303061393298 60.13059532535472
1.2015902406888692 61.307719247714125
0.35420674506614047 
86.36824819534287 35.40375624778362
109.30707804428468 36.06064520872049
93.09858555402775 0.7502755139690862
86.36824819534287 35.40375624778362
93.09858555402775 0.7502755139690862
64.51425751553774 20.521601070420715
0.37109851049521125 
30.54762635261796 443.4749259869719
54.98164632669985 453.40780954459194
82.21975669261772 440.00507834529134
30.54762635261796 443.4749259869719
82.21975669261772 440.00507834529134
50.626639342350586 427.0208700419747
0.3 
188.71358843005564 19.271426662369084
209.5 0.8187499855570495
209.5 0.5
188.71358843005564 19.271426662369084
209.5 0.5
178.4518640559796 0.5
0.7423169108146814 
158.8080693735379 395.18143150968376
181.48639796467754 395.1663265651638
184.79450608209532 374.82461976322253
158.8080693735379 395.18143150968376
184.79450608209532 374.82461976322253
152.92791876702137 376.2888914981903
0.3 
164.22843442867816 446.8658627647444
185.12311385325668 441.2075518412294
208.8506451706593 424.33423801336244
164.22843442867816 446.8658627647444
208.8506451706593 424.33423801336244
181.85206108498335 416.94450502379556
0.3741763635941649 
166.11775241324787 265.02125972811706
189.37218163627793 268.8377039883669
208.90371446020686 246.99754363284853
166.11775241324787 265.02125972811706
208.90371446020686 246.99754363284853
185.1454695788638 246.47052606227774
0.5845881326174814 
39.984164127849965 35.13605154700008
63.07847465862645 20.285442490200975
59.45286272030581 0.4999999999999965
39.984164127849965 35.13605154700008
59.45286272030581 0.4999999999999965
27.15321416305605 0.49999999999999994
0.81824199622928 
182.1207749512247 415.98127256760785
209.5 423.4751900978628
209.5 401.11407265796686
182.1207749512247 415.98127256760785
209.5 401.11407265796686
182.40321455823877 396.26200892920775
0.7333499438006973 
124.62403357076403 468.8558892151498
154.62416890866177 466.33607565127824
162.2844247836486 448.4770647151498
124.62403357076403 468.8558892151498
162.2844247836486 448.4770647151498
138.18831167913743 456.14066877403195
0.3 
0.5 35.22881265561831
23.389813799673426 58.29708967394322
20.80961471203349 26.51870462098095
0.5 35.22881265561831
20.80961471203349 26.51870462098095
0.5 3.3297731146732232
0.5657602044015702 
0.5 118.31473265700912
39.25487680249931 124.69662467572705
33.76057882227628 102.12822756082736
0.5 118.31473265700912
33.76057882227628 102.12822756082736
0.5 92.96080470168896
0.4200886305815593 
77.85239080801128 462.1207470028332
99.51916784654189 460.4848501214959
115.89748476204507 445.4946883940287
77.85239080801128 462.1207470028332
115.89748476204507 445.4946883940287
83.79923671739184 440.5263927130838
0.4373 
185.39253438692208 245.47576057886045
209.5 246.0105247427739
209.5 211.87709084329714
185.39253438692208 245.47576057886045
209.5 211.87709084329714
182.92299889235326 224.46746015518474
0.8077617854246891 
145.62216114968587 132.58807433239227
168.7457672625306 136.5205362091932
179.95679856554972 115.54438981828152
145.62216114968587 132.58807433239227
179.95679856554972 115.54438981828152
158.63480835834775 110.21086946199694
0.3 
165.54087315171222 264.18707745682957
184.42139481954712 245.7798494176706
181.99887079653675 225.17147485860832
165.54087315171222 264.18707745682957
181.99887079653675 225.17147485860832
165.14483242216457 239.92739488139657
0.3 
129.42614816166687 411.28841177529887
158.1896439462092 415.45536337499124
180.27790562450872 415.8380593330926
129.42614816166687 411.28841177529887
180.27790562450872 415.8380593330926
158.36433283397025 396.2841785843301
0.3 
