1.391534871178557 28.878247074822458
26.12807763528704 47.99445919254792
24.329188783058363 27.939424895906274
0.49335141936054316
63.809856868965156 23.08991597018575
86.85978080529688 21.501115167497534
63.39091597106365 1.1151592933114536
0.8553272112071804
132.7320458235849 26.79296953986558
154.12257515526935 0.5
122.47098596221673 0.5
0.7710787890009602
62.800674780160406 22.617818231174507
62.37900646475458 0.5
32.94947753033006 0.5
0.7101012983487536
279.5 0.5
270.6737251838945 0.5
279.5 20.929781611502346
1.0
260.6580402896226 35.98166846356619
279.3776146309826 23.16793542151359
270.02091312495116 1.5103989913731901
0.8389183431825455
169.9602707013104 69.5
141.56887972934675 48.52060533313028
147.42305745898514 69.5
0.8340328952366448
186.89742003607904 1.2040962152673842
183.49018282910063 19.89348462947335
201.974568392973 20.995538394884186
0.6293348625741078
186.00930048017588 0.49999999999999645
156.69949891717755 0.49999999999999645
182.54858127298132 19.48274805267238
0.9405946567666259
114.86643918169493 69.5
79.8115208300744 47.573748549319276
79.67699020929786 69.5
0.6864696324951377
0.5 69.5
18.61040567837182 69.5
0.5 57.78834569898565
0.9076310407070404
117.8664572963332 69.5
146.3848543730302 69.5
140.4374277559862 48.18643283248596
0.7164459488034711
239.72848992699784 23.599243082297665
246.8022255512046 0.49999999999999645
215.29998746329392 0.49999999999999645
0.7509911208407309
27.001587280878233 49.90352630566001
20.9810264435769 69.5
54.19029047790671 69.5
0.9739109021832859
279.5 69.5
279.5 60.688582165663604
265.5142174960509 69.5
0.9264470154690259
258.66028611021017 37.015999876358556
240.32542297608953 25.33520789769281
236.7796747347787 44.20125646990504
0.36708903031397433
115.62678067857206 39.83532088070963
131.4911746648438 27.963293382507178
110.06638174716491 21.379832222316946
115.62678067857206 39.83532088070963
110.06638174716491 21.379832222316946
89.63276945470537 22.344959968956715
0.38615317970808677 
171.79701164962844 68.8090779127375
192.15757541917768 43.58559367789398
182.6973864310281 21.171735013829256
171.79701164962844 68.8090779127375
182.6973864310281 21.171735013829256
166.41377113084957 34.59907879441236
0.4652865289225343 
117.07215737175079 68.87466470429203
140.10202366834852 47.12776626902868
132.36375777557566 28.55930809031042
117.07215737175079 68.87466470429203
132.36375777557566 28.55930809031042
116.15041124005835 40.69247221080026
0.5248332746844538 
193.08644459523373 43.214674637416245
214.96279942774544 46.54826211353533
202.71465450504883 22.04143866035132
193.08644459523373 43.214674637416245
202.71465450504883 22.04143866035132
183.670659154752 20.906020514493065
0.3 
264.1843676199093 69.15592153692859
279.5 59.506662637044684
279.5 24.296000420129054
264.1843676199093 69.15592153692859
279.5 24.296000420129054
260.3521771415501 37.40287379077988
0.6764600612221044 
141.1047357706743 46.9342405256743
170.79480874491972 68.87327687757224
165.4357958806297 34.817242278538245
141.1047357706743 46.9342405256743
165.4357958806297 34.817242278538245
133.4005462138111 28.447550669082727
0.43121594830821874 
25.362628159268752 27.158554423639494
43.98595970420996 36.90684568178102
62.47183561991301 23.618752107348755
25.362628159268752 27.158554423639494
62.47183561991301 23.618752107348755
31.742975041127604 0.8506417684395764
0.6203064608149527 
133.49008615957757 27.445778399467237
165.74037420341622 33.85822691452084
182.0834487583546 20.381853490343214
133.49008615957757 27.445778399467237
182.0834487583546 20.381853490343214
155.26148333332574 0.6846508998421896
0.3985294122990706 
110.43091871026492 20.445701525634927
131.73646955377052 26.992521698582166
121.39753272825985 0.5
110.43091871026492 20.445701525634927
121.39753272825985 0.5
95.31080721842973 0.5
0.7106095184416941 
203.2952090284127 21.078925407555438
238.5960151649207 23.904665929615557
213.84451411846692 0.5
203.2952090284127 21.078925407555438
213.84451411846692 0.5
187.6181548461401 0.5
0.8631593321222982 
0.5000000000000036 56.59746524836612
20.0205937322121 69.22106129598204
26.148782507360366 49.27426674121222
0.5000000000000036 56.59746524836612
26.148782507360366 49.27426674121222
0.5000000000000036 29.45308268781573
0.6305069130022903 
172.52443387427905 69.5
205.5853531276032 69.5
215.12364189128556 47.5843154732021
172.52443387427905 69.5
215.12364189128556 47.5843154732021
192.94321587807534 44.20439267807827
0.8458680793818593 
206.67595946785258 69.5
228.9651879952832 69.5
235.457629036972 45.517966246590106
206.67595946785258 69.5
235.457629036972 45.517966246590106
216.18435415652982 47.65300170542507
0.6962730426000814 
79.92244788108849 46.46362788024625
116.07828902569024 69.07848769522448
115.15078802975621 40.72034144803247
79.92244788108849 46.46362788024625
115.15078802975621 40.72034144803247
88.35642539381965 22.691455145458747
0.4959816723337247 
240.56004453633824 24.298986034161054
259.51501900756296 36.374839131054905
269.2591207454722 0.5
240.56004453633824 24.298986034161054
269.2591207454722 0.5
247.84806409308553 0.5
0.6418045080434859 
216.13287738677138 46.652587085254254
235.70902687024892 44.484000088288255
239.37648945781064 24.970339612458368
216.13287738677138 46.652587085254254
239.37648945781064 24.970339612458368
203.876168548547 22.128628435905398
0.3 
230.0011850414915 69.5
263.2186371421827 69.5
259.39609645082555 37.82690917382898
230.0011850414915 69.5
259.39609645082555 37.82690917382898
236.5442099431081 45.33111759777275
0.542832286276438 
45.18405000007465 37.27717651781428
78.99913450672061 46.07534189403387
87.3746327840936 22.46799986720517
45.18405000007465 37.27717651781428
87.3746327840936 22.46799986720517
63.49628098627235 24.11390310784241
0.4417227425702014 
27.205976853750407 48.81816494789872
54.7213068705206 68.65005751582567
43.62295143313811 37.84554454811776
27.205976853750407 48.81816494789872
43.62295143313811 37.84554454811776
25.364491770386365 28.2882436812983
0.39578220014182375 
56.09044951523289 69.5
78.67697138670583 69.5
78.81465026055764 47.06063571181054
56.09044951523289 69.5
78.81465026055764 47.06063571181054
44.81917552077133 38.21553556885655
0.5659794890035736 
88.27733075845097 21.40786571186345
109.15781698352535 20.42163105444141
94.05595244117144 0.4999999999999965
88.27733075845097 21.40786571186345
94.05595244117144 0.4999999999999965
64.20762917603184 0.4999999999999999
0.6584562673233668 
0.5000000000000036 27.913899721972278
24.387566060972667 26.9361983012201
30.799025518439457 0.4999999999999965
0.5000000000000036 27.913899721972278
30.799025518439457 0.4999999999999965
0.5000000000000036 0.49999999999999994
0.5128030463043265 
