258.5196075655361 22.283021211979907
269.1138668581184 0.5
239.57572234734212 0.5
1.0
214.2857833015871 19.142951770128033
212.58696826640798 0.5000000000000036
188.1697042660779 0.5000000000000036
0.818521773070514
215.29280641871355 19.174556433261877
237.12452470898327 0.5
213.5911114491992 0.5
1.0
98.46618367829439 40.31825004369536
76.66561776788934 23.207679439535365
77.98920351917823 44.619858332547196
0.3034699129698424
55.90571538969828 23.937543214940238
76.94817948279707 43.9870738437025
75.62972133457237 22.657846247193355
0.5411824049583137
54.4494713364477 22.625386741738563
60.22236710472662 0.49999999999999645
27.819005617100828 0.49999999999999645
0.6440472375590103
258.1153715914051 23.666761193175674
237.95374184340292 23.082808511628322
257.2579644573083 42.05759772168018
0.3
215.14864622080768 21.294259182002165
209.04508252835473 48.841386605553446
232.53749888879287 42.446456782691016
0.3
53.865509182096446 23.440320565346504
27.1306382706244 1.2281908699563076
32.49132331596363 35.896386092047486
0.690393589090355
0.5 31.996198442897906
25.402065946201716 0.5
0.5 0.5
0.9636138146699877
179.13912010885693 69.5
206.44756317415977 69.5
207.8066014388256 50.519119001039655
0.733107992864569
143.66829497273594 29.17341632617322
123.09189899084696 30.04202628327985
121.89191731834043 48.7723313783775
0.3
233.65449240221886 42.23049179720523
256.45860029010794 42.67407344598452
236.4678840817545 23.024505898092617
233.65449240221886 42.23049179720523
236.4678840817545 23.024505898092617
216.04706668347194 20.81241694468311
0.3 
145.8564992296582 27.885465265936382
172.3672847154656 20.99838184651278
185.6874938808401 0.5000000000000036
145.8564992296582 27.885465265936382
185.6874938808401 0.5000000000000036
156.51583675771536 0.5000000000000036
0.6170651047547366 
0.5000000000000036 69.5
20.940914631362688 69.5
31.22299383876796 37.809264470558645
0.5000000000000036 69.5
31.22299383876796 37.809264470558645
0.5 56.153370208209424
0.6876141143505432 
76.77570167597807 22.02285380349628
99.09913109061542 39.54380333737183
98.74129053419867 20.22647071853348
76.77570167597807 22.02285380349628
98.74129053419867 20.22647071853348
91.18398234885598 1.0579196743215782
0.35665510249791166 
216.08726640347433 19.810921525112327
236.72868494912794 22.046907140035987
257.51252260114114 22.64888118089647
216.08726640347433 19.810921525112327
257.51252260114114 22.64888118089647
238.4264117463909 0.7023188567155287
0.8478659176637839 
109.9669238726287 69.5
136.9746107278263 69.5
121.00693906052678 50.3764629646438
109.9669238726287 69.5
121.00693906052678 50.3764629646438
100.45430307327236 41.49303248939556
0.6756008685037821 
262.2122973656555 69.5
279.5 69.5
279.5 51.1406580278547
262.2122973656555 69.5
279.5 51.1406580278547
258.32340503529787 43.936817239155786
0.7700269771479645 
0.5 33.60856492944292
0.5 54.988679122051195
31.563676223963565 36.44115851767942
0.5 33.60856492944292
31.563676223963565 36.44115851767942
26.115870658730298 1.209544410503355
0.5972452845569971 
99.62587974314116 19.74372914045123
122.04399023525002 28.78918002434549
119.28551355349074 0.5
99.62587974314116 19.74372914045123
119.28551355349074 0.5
92.03893217395783 0.5
0.6498451294743033 
100.1124933799226 40.255879398472544
120.8609341292432 49.22394222898734
122.09959193415172 29.889948113977972
100.1124933799226 40.255879398472544
122.09959193415172 29.889948113977972
99.75344852644905 20.873535124578986
0.38620341892509025 
178.37413651591885 68.80717337528851
207.93343791477395 49.23581390334416
214.16018207106214 21.132737839892936
178.37413651591885 68.80717337528851
214.16018207106214 21.132737839892936
189.09805679707662 34.43092593905917
0.49713563066563266 
123.07337750724437 29.041917537213084
144.688446989074 28.129461119092323
155.44275585060967 0.4999999999999965
123.07337750724437 29.041917537213084
155.44275585060967 0.4999999999999965
120.29025640188391 0.49999999999999994
0.727067614341221 
21.9922320017838 69.5
47.322828981448325 69.5
51.00975183617932 49.48695455044411
21.9922320017838 69.5
51.00975183617932 49.48695455044411
32.38431972839823 37.470203584339046
0.8989847757220527 
258.2222875948989 42.846141743422834
279.5 50.08438059955464
279.5 19.945553264880857
258.2222875948989 42.846141743422834
279.5 19.945553264880857
259.11941242766284 23.603385893948506
0.8506162501208667 
139.17464578167537 69.5
177.11047505543138 69.5
187.88643051921107 34.956950287522616
139.17464578167537 69.5
187.88643051921107 34.956950287522616
160.13941812838846 46.465768835582224
0.5485359953023473 
48.3396569957536 69.5
77.66066127220087 69.5
77.04087791776539 45.80915950703558
48.3396569957536 69.5
77.04087791776539 45.80915950703558
51.989526136718055 49.688086412135455
0.6482352459955592 
51.67347192276119 48.72510737896967
76.44555961281311 44.88942145366435
54.66187390428591 24.13364532934218
51.67347192276119 48.72510737896967
54.66187390428591 24.13364532934218
33.06515165661801 36.71939662596379
0.3 
207.4501232043864 69.5
235.7911677266395 69.5
232.98007334926433 43.36237026609819
207.4501232043864 69.5
232.98007334926433 43.36237026609819
208.85130516397302 49.93052302184884
0.6470262140425734 
159.98985158455167 45.44519768800797
187.70419392145436 33.949929922181205
172.56579685736617 21.98000455575099
159.98985158455167 45.44519768800797
172.56579685736617 21.98000455575099
145.93289078162658 28.898812975949944
0.36250386531130285 
236.79693456797432 69.5
261.20079199031994 69.5
257.2743715956601 43.69013086038183
236.79693456797432 69.5
257.2743715956601 43.69013086038183
233.97234199883866 43.236863722755665
0.6846231852668079 
122.0070883496553 50.01404430948041
138.05971785346568 69.23933032657992
159.17902889230655 46.03530576305203
122.0070883496553 50.01404430948041
159.17902889230655 46.03530576305203
144.98796575039995 29.331069796894127
0.5807058046214634 
55.39337838260815 22.968681221570453
75.82323667378822 21.643188429700956
90.35402371741384 0.5
55.39337838260815 22.968681221570453
90.35402371741384 0.5
61.25584561343493 0.5
0.9303506982967603 
173.34833165666691 21.323918898026427
188.73603005593603 33.49096674467918
213.9341741147531 20.120605860246897
173.34833165666691 21.323918898026427
213.9341741147531 20.120605860246897
186.74333487344177 0.7104369801545829
0.4810539545547835 
78.66100342066359 69.5
108.91081618912575 69.5
99.28763257558909 41.16751450545162
78.66100342066359 69.5
99.28763257558909 41.16751450545162
78.03657835362469 45.6317328754316
0.5450388252547315 
259.5183929030646 22.5158001299905
279.5 18.92957504393924
279.5 0.5
259.5183929030646 22.5158001299905
279.5 0.5
270.22586515133617 0.5
0.9264585252914322 
