153.06164038105695 0.9994644645213526
138.8262698456362 29.64402204649893
169.768144532807 26.25543991614493
0.61757909694882
279.5 81.46618791403606
279.5 53.52012319638293
259.6841341582617 54.30221263109556
0.902643815416155
151.69572778504167 1.5009719681531628
119.94877551885288 23.27739222953728
137.72129797104276 29.620461972742966
0.7370369559254757
279.5 0.5
271.74476656018203 0.5
279.5 19.457237297332757
0.8940911897155854
98.52659323498575 21.145193989231615
114.00039124613366 0.5
90.72350277297959 0.5
0.7475200429340598
145.41266744002104 60.09324174430881
137.74064369159805 31.315913960050313
119.76305265135284 53.39359493470438
0.3
98.52349064886151 23.30957135414603
90.55594892275893 46.808778378914205
117.79520189336817 52.92389859456901
0.3
229.41879240937766 70.02474327581048
257.3548045820706 54.04873496586895
224.9211570242401 46.894195011569785
0.3545
234.2709228365442 117.73843110617716
257.8507978093894 117.53947623089812
240.23835627997238 99.59882700955765
0.486576673904521
193.09055096549187 139.5
175.9436793245757 112.47821493642448
160.85194765389153 139.5
0.6315729638316032
0.5 139.5
7.166666666666659 139.5
0.5 127.0
0.9096666666666667
149.5372961171087 94.14535316358379
175.05791637248785 110.36391850699782
169.83806917409458 92.73397515120519
0.3
92.03010518765194 105.92966153993375
75.39898807209133 113.86808168608073
105.23605587952684 118.99421393892024
0.6079425511781051
0.5 0.5
0.5 3.435734238224404
24.71980746535133 0.5
0.8005161840126829
88.49898786029527 0.5000000000000036
55.57588129354295 0.5000000000000036
58.73754207803927 22.80227475696064
0.8560837517359954
147.16904870745807 94.71925789415305
125.79444547421181 105.40077611478158
139.87119791329732 118.69539324670427
0.3
0.49999999999999645 65.62547075044752
0.49999999999999645 89.6180406759582
20.508672718630237 95.07161715859304
0.7320666234383556
259.6887181707065 53.301253157873276
279.5 52.519344644233215
279.5 23.648424703197136
0.7872765583621895
131.77123258823093 139.5
158.81383906155313 139.5
140.27058806062098 120.48902110015956
0.7830930078582825
54.56588275604171 0.5000000000000036
34.26699260909372 0.5000000000000036
57.667099510312696 22.375904105145644
0.7629292563918169
239.70421966309848 0.5000000000000036
250.25710040397325 30.718709078766718
270.0741805168233 0.5000000000000036
0.7828377922945233
20.488051646943383 118.63546834498246
8.851369910753341 139.5
38.8922393914583 139.5
0.9608533453213031
202.0636726665019 34.08483843139348
180.65985369991185 44.942170598914544
205.45864682574168 58.259161247839025
0.372
203.549511517906 33.38543760686742
223.86844070145824 45.414216142191684
226.16992891759486 23.31795542848704
0.32778850587467045
70.52877118687616 76.90780313387592
47.536520287510925 89.5389183547826
73.17333356275327 112.88058251971901
0.3
146.2549170765701 59.370517216756866
154.64329741860422 42.171969113721346
169.29420864803018 27.313321573192887
146.2549170765701 59.370517216756866
169.29420864803018 27.313321573192887
138.60451373988138 30.674286375848745
0.3 
206.54977944090467 58.838206273287675
228.37525290264026 69.89714808485023
223.83699696590824 46.55769546338209
206.54977944090467 58.838206273287675
223.83699696590824 46.55769546338209
203.10119252217828 34.282127339087126
0.3569 
41.65104772720852 119.13511019802569
72.67127442307171 113.77586235832867
46.54595752886395 89.98942811628372
41.65104772720852 119.13511019802569
46.54595752886395 89.98942811628372
22.571371236362634 96.19630334073099
0.3 
95.23665199862805 139.5
129.61940456616114 139.5
106.49998473417968 120.22601317706184
95.23665199862805 139.5
106.49998473417968 120.22601317706184
75.00048647012409 114.8142684626768
0.8522872230700284 
170.94099804039416 26.215935592048517
201.35862645435688 32.58078048313651
179.7340478288071 0.5
170.94099804039416 26.215935592048517
179.7340478288071 0.5
153.93023614930758 0.5
0.6048604495972231 
176.21764028540923 110.75845351114415
198.92381872743115 97.97760964146633
188.96489764451655 80.9959873527587
176.21764028540923 110.75845351114415
188.96489764451655 80.9959873527587
170.79062012809646 92.42878708075142
0.3461 
124.99368226403618 104.68302804385388
146.87480723929386 93.74838600345663
121.04099736731987 80.62840650401353
124.99368226403618 104.68302804385388
121.04099736731987 80.62840650401353
102.78937495959885 86.9302404704335
0.3 
194.67922405068583 139.5
214.76947282202642 139.5
232.48157312262902 118.75846715801225
194.67922405068583 139.5
232.48157312262902 118.75846715801225
201.00688811533686 119.16407867568216
0.862627924109077 
58.600962860148016 55.77177391351891
78.13768304824447 29.981755338045275
58.38385464078982 24.236506276902887
58.600962860148016 55.77177391351891
58.38385464078982 24.236506276902887
39.59232656573997 31.508837310480885
0.3 
140.67901843046758 119.47559314191358
159.8901404936294 139.17128922922154
175.24941500967094 111.6704680006586
140.67901843046758 119.47559314191358
175.24941500967094 111.6704680006586
148.27295556356302 94.52670480515238
0.5764360098764969 
40.22568052887266 139.5
68.4354655013191 139.5
41.27168259309748 120.16280351052407
40.22568052887266 139.5
41.27168259309748 120.16280351052407
21.60120610283257 118.38573287696481
0.6135814449329761 
0.5 124.875
8.009813689721675 138.95590066822814
19.802424416875514 117.81178885095687
0.5 124.875
19.802424416875514 117.81178885095687
0.5 91.52566692709402
0.7558487244289437 
240.44802927181183 98.38495594477573
258.00554929972395 116.26966020291704
247.64007240118724 80.26759299928885
240.44802927181183 98.38495594477573
247.64007240118724 80.26759299928885
229.99223012455988 71.80613290646917
0.3 
118.92949933405555 52.833540705620635
137.13687995997168 30.473662791878162
118.75706675169191 23.9138490478901
118.92949933405555 52.833540705620635
118.75706675169191 23.9138490478901
99.34127848282986 22.732841552024333
0.39241842447814346 
224.82849027961888 45.84971264933765
257.92080687434907 53.14954843978218
249.7326160876417 32.22459872190901
224.82849027961888 45.84971264933765
249.7326160876417 32.22459872190901
227.1856324739808 23.219126013823583
0.3172 
46.85735382407739 88.77106310554186
70.26305019316689 75.91281582225005
58.407201880094334 57.20876129516298
46.85735382407739 88.77106310554186
58.407201880094334 57.20876129516298
33.43164998454159 67.13769771332032
0.3 
156.1464878667526 42.071739790709415
179.48384598339698 44.417413757904455
200.96608838638866 33.520300404602445
156.1464878667526 42.071739790709415
200.96608838638866 33.520300404602445
170.80193273903228 27.20849432448315
0.3 
130.81302386478808 139.19316124775318
139.51327003567624 119.73283900149927
124.90304259875138 105.934387915231
130.81302386478808 139.19316124775318
124.90304259875138 105.934387915231
107.50884450471384 119.76514578846722
0.5768082176050932 
259.3623454452516 117.36781743167644
279.5 109.6560666867309
279.5 83.45401699892496
259.3623454452516 117.36781743167644
279.5 83.45401699892496
248.7424612792783 80.48212590193185
0.7832328931671245 
202.64156334639557 32.69496221024937
225.96594413271876 22.314172866755822
208.75758256427494 0.5
202.64156334639557 32.69496221024937
208.75758256427494 0.5
180.94001864650568 0.5
0.6569510620874721 
252.68503545216828 139.5
279.5 139.5
279.5 110.72688509764794
252.68503545216828 139.5
279.5 110.72688509764794
259.4355596698956 118.41059832462417
0.6515460452967705 
59.46235537179769 23.508743772381845
78.95194435943526 29.177140830595626
97.73779793756646 21.886667874863445
59.46235537179769 23.508743772381845
97.73779793756646 21.886667874863445
89.76748744819739 0.7990479108720585
0.42012356934618045 
193.84347791900012 138.82013425128216
200.1335422794529 118.60505129932102
199.15354635658227 98.99583427190409
193.84347791900012 138.82013425128216
199.15354635658227 98.99583427190409
176.62087986947063 111.67901180768547
0.5618787408760323 
250.67900008398146 31.89889280444759
258.84423066723184 52.76516764341733
279.4365732214445 21.9432750217539
250.67900008398146 31.89889280444759
279.4365732214445 21.9432750217539
270.8970165330824 1.068803116868711
0.8530043955664652 
0.5 30.229210522782584
20.768169699560083 21.180553053508287
32.09129683593906 0.6138055392375255
0.5 30.229210522782584
32.09129683593906 0.6138055392375255
0.5 4.4430536405634715
0.7451671435598259 
70.15979193824793 139.5
93.94359649844775 139.5
73.56194941110768 114.63679814598063
70.15979193824793 139.5
73.56194941110768 114.63679814598063
42.718785822666426 119.96545545888219
0.7582406443117649 
21.89839907433629 95.33756221659523
45.89937459968928 89.12385497955009
32.39875550659749 67.36977568860134
21.89839907433629 95.33756221659523
32.39875550659749 67.36977568860134
1.006100825528307 64.59101137395857
0.37684305353847486 
227.0665441991025 22.094747377245316
249.28533088493828 30.969135212646677
238.64499713214477 0.5
227.0665441991025 22.094747377245316
238.64499713214477 0.5
210.0312789558732 0.5
0.6320720575541501 
1.4016235896919937 63.622111687868475
32.617515788310286 66.38522962652323
56.98369000793703 56.69854900412234
1.4016235896919937 63.622111687868475
56.98369000793703 56.69854900412234
23.21496032117883 48.214152739545234
0.3 
21.80443242618229 21.37177115807901
38.81950817965679 30.735645418063527
57.437714077733744 23.530390156151
21.80443242618229 21.37177115807901
57.437714077733744 23.530390156151
33.12803492501442 0.8041602198235118
0.7462894627565158 
92.74526957735272 105.23050571790583
106.75316810132286 119.0884193612371
124.12915224919196 105.27214405730416
92.74526957735272 105.23050571790583
124.12915224919196 105.27214405730416
101.9315039120436 87.52468046134987
0.3 
201.11267985580176 118.16263231394721
232.5171195490077 117.7579260415069
219.93986988718677 102.77363766494004
201.11267985580176 118.16263231394721
219.93986988718677 102.77363766494004
200.14405520469273 98.78094861666717
0.3 
20.665128510932547 117.29709318620036
40.296729211424804 119.0706517022776
21.39918404679982 96.35081476917676
20.665128510932547 117.29709318620036
21.39918404679982 96.35081476917676
1.2513312654185391 90.85930328067
0.6542765730290586 
23.58525873628848 47.27610993826521
57.313895585397034 55.75043287390321
38.45203606218891 31.6748445603093
23.58525873628848 47.27610993826521
38.45203606218891 31.6748445603093
21.694016853816315 22.452435739616092
0.3 
248.1947725348552 79.4245493011373
278.9399350004314 82.39524456504327
258.58751412905934 54.49574918526153
248.1947725348552 79.4245493011373
258.58751412905934 54.49574918526153
230.1364737352761 70.76629112760304
0.6379001539265463 
59.932362119390035 55.6703038815186
89.51308863097341 46.770271998455165
97.56337419512028 23.027023003519936
59.932362119390035 55.6703038815186
97.56337419512028 23.027023003519936
79.28793645852286 30.119412179167114
0.3658 
0.5 63.034667026648705
22.593969459544056 47.428481754371084
20.68063025054309 22.314767006442775
0.5 63.034667026648705
20.68063025054309 22.314767006442775
0.5 31.324342777618746
0.7592146444102474 
74.20892783190868 113.32804688107328
91.76526251082491 104.94799880978596
101.05785948518982 87.03716699196879
74.20892783190868 113.32804688107328
101.05785948518982 87.03716699196879
71.52469852462717 76.81569626585018
0.3237 
99.33741310207549 21.73075816744716
118.71713865161587 22.9095720700758
151.3871370386324 0.5
99.33741310207549 21.73075816744716
151.3871370386324 0.5
115.25009784981677 0.5
0.6513982308704127 
220.76311289726877 102.19899528671984
233.3838035514628 117.23503840892545
239.4886311118243 98.67778828240004
220.76311289726877 102.19899528671984
239.4886311118243 98.67778828240004
229.14038488950172 72.3723666473426
0.3 
216.08447082985003 139.5
251.63505538405536 139.5
258.34565205495994 118.53533649986781
216.08447082985003 139.5
258.34565205495994 118.53533649986781
233.81033177146313 118.74235293199715
0.9317733362421335 
