226.5412902321469 66.28968550703755
245.51082891800607 38.94563511531742
217.8938330695598 44.387756918139196
0.3
279.5 83.67813094781059
259.9429122559617 89.73047436898875
279.5 113.60078341668928
0.7242922303997263
279.0791149637657 82.76159117819586
256.7821035864579 59.49006738261721
259.52564222754916 88.81281586078197
0.5366347198412336
198.70271503214633 94.33930780776438
228.02257920432692 115.32536617201036
233.27153641257343 87.86626703214269
0.383
111.26126176050536 101.34512824688616
85.40566912465582 110.72711121092436
105.17100300459299 118.88438501895571
0.34287588911975886
129.5760885094935 139.5
105.6354322313708 120.32198785866406
95.81767340836441 139.5
0.7043999132761719
145.43815250977104 0.5000000000000036
142.6534616251899 21.528426242755383
175.30039293221296 0.5000000000000036
0.9587826696946044
279.5 81.7554226326702
279.5 54.59349373543036
257.162249314818 58.44137897841777
0.8333303522486996
144.42942241702406 0.5
122.1500278466435 0.5
141.659314253829 21.418305696599447
0.7108692450242897
245.42435808462824 37.94344398201561
226.76379171836044 24.003909373857827
218.06181731424263 43.33542363556989
0.42510000000000003
58.920254947815764 1.3406617112359953
44.416992403782416 32.076546383523116
69.5632853501716 33.23625268797364
0.34570385155190897
58.211196762865754 0.5
27.817357226271735 0.5
43.62665956129722 31.408125124612717
0.6705133919670521
53.05619264215098 49.82965916280742
69.09308656883289 34.21563076934074
44.482441838154266 33.08062769307782
0.3
94.26120758430022 29.616309577218605
119.89367840730188 0.5
91.54874477290136 0.5
0.7709120744484386
51.29149796107196 74.63677409544057
33.56230411165384 67.62461195078306
37.50921717476755 92.41779934920139
0.3
160.0650477776513 116.58857372360825
172.88506439402693 89.96396855772755
153.16837302649077 88.52711187151719
0.43679999999999997
94.90772498877662 31.46305630626988
111.78510702021347 56.58100930236133
117.66782814231384 34.5794689595256
0.3
0.5 139.5
7.166666666666659 139.5
0.5 127.0
0.9620666666666667
38.968773190701334 139.5
20.63867760701494 116.26196422100514
8.815391456303885 139.5
0.739799744435751
279.5 0.5
270.7385164807135 0.5
279.5 22.403708798216318
1.0
197.26407655922887 94.90599663227397
182.04217958806618 108.45456917428794
206.40327651106227 117.14512954343665
0.3
228.47872145095135 117.00916005834861
215.85404851539354 139.5
250.79934793464008 139.5
0.842236857559633
242.99953296327536 0.49999999999999645
213.87092849922576 0.49999999999999645
226.61581241182304 22.327971547696762
0.787271631802166
160.49799165860702 139.5
190.31739453919792 139.5
180.77158495528255 109.32627803249616
160.49799165860702 139.5
180.77158495528255 109.32627803249616
160.41300349169873 118.38378478198963
0.8490181936490309 
190.40428508816896 32.07317589515347
216.953438422061 43.36149078961243
226.0020186608244 23.259988554541874
190.40428508816896 32.07317589515347
226.0020186608244 23.259988554541874
212.9551364126213 0.9147889863889915
0.3592779773623388 
54.10120635295212 50.20789359071745
80.40532529344235 51.275069379956356
92.88538382427676 31.443603805622715
54.10120635295212 50.20789359071745
92.88538382427676 31.443603805622715
70.49682671317133 34.2445977677631
0.3 
181.46589234796022 54.50338435990695
215.75401687466757 43.938152404151325
189.55352669221026 32.798084024223016
181.46589234796022 54.50338435990695
189.55352669221026 32.798084024223016
163.15415716546536 35.399500845044265
0.3 
139.5392951235698 112.78133264412729
159.23151626280205 117.3869907712675
152.08542655626937 88.31069952558514
139.5392951235698 112.78133264412729
152.08542655626937 88.31069952558514
130.54081336843518 76.44966575762177
0.3 
70.61282929314248 33.22228922879309
93.32806230628583 30.38042540511387
90.54441479473564 0.5
70.61282929314248 33.22228922879309
90.54441479473564 0.5
59.693943377194884 0.5
0.513814028746927 
144.7737295485716 59.043418192852045
161.6414246336779 34.75962987389266
175.90138618994305 1.3023801620834874
144.7737295485716 59.043418192852045
175.90138618994305 1.3023801620834874
142.53308867704712 22.795450260996674
0.3 
20.76303647220179 114.83475880906693
44.73954937308277 114.3898050151915
36.85280840074748 94.13097132295542
20.76303647220179 114.83475880906693
36.85280840074748 94.13097132295542
1.1575414932367991 93.51988968183757
0.5243664156824883 
106.05780907708747 119.37904883099107
130.73593703119823 139.1478234222651
138.52345060689697 113.46753514123387
106.05780907708747 119.37904883099107
138.52345060689697 113.46753514123387
112.36844825422111 101.2051213576834
0.6702974754580722 
160.95327667759213 117.04891582603896
180.8052173743468 108.21681290310052
196.36836491637658 94.36450304614115
160.95327667759213 117.04891582603896
196.36836491637658 94.36450304614115
173.93815916780346 90.08191728208762
0.4475 
94.86181954270765 30.44744012164629
118.2140797863697 33.64493350796948
141.19036991502503 22.38166541556297
94.86181954270765 30.44744012164629
141.19036991502503 22.38166541556297
121.01068820958345 0.7445464577404408
0.6288575776629328 
45.68029775948068 114.04981873942253
61.602986706364746 100.87688572643496
51.943599708659164 75.42778882517914
45.68029775948068 114.04981873942253
51.943599708659164 75.42778882517914
37.76564500857242 93.71928748768151
0.3 
227.65806168348155 66.43426867899322
256.0335429077875 57.621080978028175
278.35633528747803 53.775772442238015
227.65806168348155 66.43426867899322
278.35633528747803 53.775772442238015
246.79454553624623 38.849571578245786
0.5014133147231781 
20.82260616098745 19.2357826968461
42.449051564502916 31.30179539735223
26.694136184321337 0.5
20.82260616098745 19.2357826968461
26.694136184321337 0.5
1.2456047619568693 0.5
0.9139058316382231 
207.7598609585383 117.81537073657397
215.10592427587105 138.78980960482062
227.7117087996363 116.33261934649539
207.7598609585383 117.81537073657397
227.7117087996363 116.33261934649539
198.58229465215152 95.48287796210533
0.42409648741068945 
258.8888569676272 21.3051686742114
279.21157276748687 24.375223120500824
269.6614835192865 0.5
258.8888569676272 21.3051686742114
269.6614835192865 0.5
244.93730364950122 0.5
0.8474264725283275 
131.6741087338889 139.5
159.497983559204 139.5
159.41328801585166 118.45649022100199
131.6741087338889 139.5
159.41328801585166 118.45649022100199
139.46999241267454 113.79211026978673
0.8550317883435111 
33.31909484245185 66.4530436984144
51.61955525839929 73.69115034039922
52.405492899380924 51.06157475651894
33.31909484245185 66.4530436984144
52.405492899380924 51.06157475651894
25.206199370300695 45.23619408222203
0.3 
227.2644177457654 23.129674229110776
246.51887613618308 37.51284909242775
257.9864383332225 21.754939082487958
227.2644177457654 23.129674229110776
257.9864383332225 21.754939082487958
243.97703955775046 0.8635087233100514
0.6787590832464114 
191.36624377382836 139.5
214.29510060939052 139.5
206.89940226407717 118.38384347766694
191.36624377382836 139.5
206.89940226407717 118.38384347766694
181.85998637714445 109.45130008434396
0.5767882690822013 
228.95978386817427 115.74859038006099
257.68931986435155 118.88989606221142
258.5710562098484 89.9289033668635
228.95978386817427 115.74859038006099
258.5710562098484 89.9289033668635
234.3065524163875 87.77780650461774
0.3872 
258.6792460364766 119.23599438017096
279.5 138.84236749798612
279.5 115.17867141011759
258.6792460364766 119.23599438017096
279.5 115.17867141011759
259.54433238659755 90.8218776267327
0.6135405986950396 
99.08606121388829 72.82931448836356
111.36236684069176 57.7448816887389
93.88457378748835 31.733360259167878
99.08606121388829 72.82931448836356
93.88457378748835 31.733360259167878
81.29219495861444 51.74330866019386
0.3 
24.85118034131136 44.13748015072148
51.994878668596684 49.95095377994115
43.26874528446173 32.904239220450634
24.85118034131136 44.13748015072148
43.26874528446173 32.904239220450634
21.175273752466815 20.577659279579386
0.3 
0.5 32.68348650735358
23.770580009744855 43.69843522327408
20.055180837622842 19.88549633477558
0.5 32.68348650735358
20.055180837622842 19.88549633477558
0.5 1.1705965754399585
0.6182619954605302 
162.8721794806881 34.422443749123836
189.35855474939495 31.81245330685989
212.02091147519292 0.5
162.8721794806881 34.422443749123836
212.02091147519292 0.5
177.3304134336819 0.5
0.7371130514858015 
72.7455873567232 139.5
94.6942544572899 139.5
104.77732498684237 119.80372791552342
72.7455873567232 139.5
104.77732498684237 119.80372791552342
84.29481158276391 111.3504697449981
0.841768916038508 
112.62119551364593 57.32542412806922
143.82869632338975 59.9635208543081
141.56314821742708 23.312616134742214
112.62119551364593 57.32542412806922
141.56314821742708 23.312616134742214
118.72157228175593 34.50984562548862
0.3 
234.25769322761676 86.76955314149775
258.5314407132368 88.9214694755682
255.7102350202274 58.76862099650438
234.25769322761676 86.76955314149775
255.7102350202274 58.76862099650438
227.0740040615682 67.66279538924276
0.39849999999999997 
63.335735969228054 100.99119695242703
84.04092930252875 110.15852303675996
110.70230768486496 100.48415195179659
63.335735969228054 100.99119695242703
110.70230768486496 100.48415195179659
84.60893274839687 89.58892059698668
0.3 
112.45125462708219 100.1394950540476
138.38999330777443 112.30051658396894
129.38373146177844 75.93743732399706
112.45125462708219 100.1394950540476
129.38373146177844 75.93743732399706
99.91383905353054 74.16318587959468
0.3452 
0.5000000000000036 54.64840661386717
32.07449012606749 65.99802306382396
24.01484108352428 44.92042354563534
0.5000000000000036 54.64840661386717
24.01484108352428 44.92042354563534
0.5 33.78985574330403
0.7863642970914726 
0.5 92.50848643812625
36.609470991541535 93.12665900567096
32.48333050855882 67.2076249172721
0.5 92.50848643812625
32.48333050855882 67.2076249172721
0.5 55.71104864272261
0.5117028491066051 
40.242429694171776 139.5
70.74468867549507 139.5
45.27030346768635 115.380127515391
40.242429694171776 139.5
45.27030346768635 115.380127515391
21.563770056857123 115.82007105615483
0.6263153494904239 
0.5 124.875
7.989556359456493 138.91791817398092
19.944208124095866 115.42169031558583
0.5 124.875
19.944208124095866 115.42169031558583
0.5 94.2821704058675
0.7297976902666838 
252.20822018902288 139.5
278.73969694552983 139.5
257.95178586528664 119.92455418793867
252.20822018902288 139.5
257.95178586528664 119.92455418793867
229.71708835230464 116.83735445929946
0.8513102248959185 
247.3847520386896 38.02250338489133
279.5 53.210445692527074
279.5 25.430140405080504
247.3847520386896 38.02250338489133
279.5 25.430140405080504
258.82189126241343 22.306398465476036
0.5902641605416231 
71.81422543957805 139.13553889523692
83.37518902014321 110.9573956954265
62.2778342799472 101.61643822128576
71.81422543957805 139.13553889523692
62.2778342799472 101.61643822128576
46.21942477994919 114.90165363585886
0.32570192739897136 
