22.368050092739267 152.98835404724815
1.1119021623411989 187.88569639970393
31.858365517575606 178.44853896292528
0.7086263016238853
0.5 151.8041818859152
21.174821537387338 128.40976361719305
0.5 126.06004441315524
0.6585084175900904
33.50079441463517 46.58991104502691
0.5 29.44814725047428
0.5 61.47594462369826
0.7578657541811773
146.11638433940522 163.1141570576137
153.9145092688243 186.65489076494035
173.236821936666 170.50844768389743
0.44320000000000004
251.33072470090963 0.5000000000000036
279.3895168241115 25.05144310780165
277.1681957810247 0.5000000000000036
0.9319182635157024
31.873626204183235 180.47262391318245
10.36771761127439 209.5
29.538605881912787 209.5
0.9665473136655889
250.04778775781722 209.10383210377952
254.06739586277672 189.43226542226546
225.14965397558797 189.41596973466483
0.608757623290784
255.87198409088066 165.515030356549
255.20084118150191 188.22873454079894
278.8537663641462 180.23461447734599
0.5286327974037773
202.92593458915056 174.57223330010677
223.5371377041498 188.2013055925912
233.02462677842266 171.2758986889117
0.3
202.49603495767113 175.48681593326043
214.7818182402675 208.64670825363507
223.08723068787933 189.1026584258065
0.44124416151930035
248.93655711869494 209.5
223.9140680360166 189.71380535981933
215.5057540630633 209.5
0.7960557525701384
184.54500311338637 209.5
212.932007162866 209.5
181.24038422663497 190.64131058072698
0.9996807898623358
201.2575576557006 175.0224501884625
181.46294271848163 189.6100872754984
213.78943777486325 208.84656915301716
0.6294793329784142
33.436518901593644 178.53905557769053
65.09549990715283 188.56054815901877
54.835100608625176 156.59246618574292
0.388
29.03745932371904 0.5
1.3453888460227645 0.5
25.64221911220507 21.453329273884922
1.0
64.19744720203695 0.5
30.732943997730047 0.5
48.12829850381803 20.215899649604143
0.8333578596456847
35.5534893096016 45.97230176470544
65.82555941254148 41.19529516317414
48.2532876663975 21.85328181226385
0.3
254.61487455904958 164.3193637971098
244.30477111397235 148.15332777540158
234.8161905607431 169.90519825243422
0.3
130.3283890407933 209.5
102.88871315064563 189.68749052775334
100.80533414236169 209.5
0.9918677894839524
279.5 0.5
278.1722804094515 0.5
279.5 15.174795474483355
0.944702002924654
229.68144578046082 134.5384392306972
243.9205269104641 146.2002675139416
248.23471439379807 128.0990827658091
0.38480000000000003
183.52976631712482 209.5
180.20547826262754 190.52906322683614
154.04136251979642 209.5
1.0
150.21810135821954 0.5
169.981306293367 23.363645698904314
186.76278229312982 0.5
0.9597739592935407
129.15782629675465 35.808804937991425
152.4314605687748 44.22326862940859
149.6291959237214 22.789373721720885
0.3
255.19071844794357 105.63874815364179
240.90051959878258 87.70860090584995
235.35465139712556 109.40739237448487
0.3
98.4479179551495 209.5
66.31696179280871 190.18302750652342
65.15595377898596 209.5
0.6968073393323101
279.5 209.5
279.5 205.5914595473754
256.3418978181992 209.5
0.8210675681955385
244.8563371532701 146.58711342556273
279.5 146.25477354025327
279.5 113.90334778046888
244.8563371532701 146.58711342556273
279.5 113.90334778046888
249.362394757126 127.6808926161484
0.6294432066628354 
0.49999999999999645 93.86511907303625
28.4378553823884 72.56733789073634
33.94466232849009 47.48672031746728
0.49999999999999645 93.86511907303625
33.94466232849009 47.48672031746728
0.5 62.572974308626904
0.5891507979774366 
228.07429721787005 57.9542783574266
253.20702747303363 49.438506640220766
248.6813035924971 29.10568966911649
228.07429721787005 57.9542783574266
248.6813035924971 29.10568966911649
218.76235253624245 36.820753631580274
0.3 
1.2461118666510167 94.55377272460711
22.067608197919167 97.63170637758152
41.495934753055835 89.85403800818423
1.2461118666510167 94.55377272460711
41.495934753055835 89.85403800818423
28.7965047321523 73.55136467628822
0.5189384309833305 
249.23315325042375 27.978369515821317
278.7696759981368 25.837850611665626
249.81213244194754 0.5
249.23315325042375 27.978369515821317
249.81213244194754 0.5
218.67870638038488 0.5
0.6558416778884628 
229.3794921277805 133.5847214912726
248.53668844434708 126.93575744503792
255.35254101185086 106.62589157985913
229.3794921277805 133.5847214912726
255.35254101185086 106.62589157985913
235.08405419659815 110.476691010303
0.3 
154.9307971500054 187.10882718956896
180.4135063947017 189.14125540163437
200.21871857334196 174.5458086798838
154.9307971500054 187.10882718956896
200.21871857334196 174.5458086798838
174.4415917019674 170.8048816363286
0.5327184262897271 
29.42559112495918 72.73168513154862
42.05327975617903 88.94226169701776
48.771785004007924 60.6763002267888
29.42559112495918 72.73168513154862
48.771785004007924 60.6763002267888
34.945226495863466 47.592640811220804
0.3 
22.964646224479264 150.85058371021532
40.45924675934405 137.57078999985998
42.771621309055604 115.37409855587747
22.964646224479264 150.85058371021532
42.771621309055604 115.37409855587747
22.688670194252893 128.29212400270347
0.44854901167607975 
128.49348576135517 35.04620893338826
149.51185833673944 21.678893457696308
148.64504547045934 0.5
128.49348576135517 35.04620893338826
148.64504547045934 0.5
127.02175443239405 0.5
0.6366583800477612 
184.65424471228883 63.985413774034654
205.04591046880924 56.9206109806119
191.22875455732313 29.431465045698367
184.65424471228883 63.985413774034654
191.22875455732313 29.431465045698367
175.47998068395663 45.05514802259023
0.4381 
103.09781502703784 188.60504407756918
131.1296693554 208.84512933326735
125.9580051116433 183.43815595938858
103.09781502703784 188.60504407756918
125.9580051116433 183.43815595938858
111.90066518588438 167.86358255691724
0.3130709567525484 
256.53871597888883 105.15297404235571
279.5 92.2079017714783
279.5 61.59369727210202
256.53871597888883 105.15297404235571
279.5 61.59369727210202
254.01073345043204 71.04628131577954
0.8018291933713622 
0.5 186.96795856251802
21.975099427170115 151.71115195687506
21.70122177042428 129.32421465865784
0.5 186.96795856251802
21.70122177042428 129.32421465865784
0.5 153.3142766288818
0.6748625650128872 
99.2726840193094 42.44491719705424
126.99827357059719 35.6705904170989
111.83704314907843 21.89891462845649
99.2726840193094 42.44491719705424
111.83704314907843 21.89891462845649
84.44000873679454 26.472549571424487
0.3 
30.541836122741266 209.5
64.15414922184478 209.5
65.34488615301427 189.68839467728296
30.541836122741266 209.5
65.34488615301427 189.68839467728296
32.96015058569983 179.43716810814195
0.8531012292076334 
66.11316225031625 188.4590322930158
89.20552789703754 168.62189444800794
91.19905894927405 143.8773004248756
66.11316225031625 188.4590322930158
91.19905894927405 143.8773004248756
55.68346672784584 155.96347810279173
0.3 
34.73426580605209 45.38179014768698
47.54032001476685 21.06097273827054
29.94947158731954 1.1235002236650509
34.73426580605209 45.38179014768698
29.94947158731954 1.1235002236650509
26.506922868148894 22.368788439077825
0.557905080989105 
49.571147357471446 60.05596781355547
80.14315444118705 67.32902094224414
66.54650774888185 42.09390199925429
49.571147357471446 60.05596781355547
66.54650774888185 42.09390199925429
35.72847726094694 46.95706248304165
0.3839 
241.0940257842727 86.34692961992553
255.47995431002443 104.39719046553174
253.007215488276 71.0358273085117
241.0940257842727 86.34692961992553
253.007215488276 71.0358273085117
228.8276002948793 59.61256088759541
0.3 
206.06676447316585 56.72491778847752
227.0125982792511 58.02479799388662
217.70334088347508 36.89737208240522
206.06676447316585 56.72491778847752
217.70334088347508 36.89737208240522
192.33100222483498 29.397704041272107
0.3 
0.5 125.05360683165908
21.684246330996814 127.4612227976299
21.628898692983753 98.57772127051524
0.5 125.05360683165908
21.628898692983753 98.57772127051524
0.5000000000000036 95.45434592309797
0.9424081516572469 
153.37919899704636 43.758438610651126
169.36032945768028 24.174423358383713
149.6831389974601 1.4102860381137283
153.37919899704636 43.758438610651126
149.6831389974601 1.4102860381137283
150.5218887827536 21.903512467282955
0.41327860460125976 
81.17273824671126 67.13167140688182
98.46151377882761 43.04096934581393
83.41527023829889 26.838623603277362
81.17273824671126 67.13167140688182
83.41527023829889 26.838623603277362
67.4423380146049 41.64830842532045
0.3 
90.19934135724242 168.73890153185621
102.39098462651557 187.7108486847651
111.16658476514297 167.03359423746028
90.19934135724242 168.73890153185621
111.16658476514297 167.03359423746028
92.1591634766866 144.4127177742489
0.3648 
249.77350579174163 126.39341035395931
279.5 112.80380681840015
279.5 93.35587646753372
249.77350579174163 126.39341035395931
279.5 93.35587646753372
256.5111913021955 106.31646655216667
0.884982305860378 
133.05585226225236 209.5
152.33780583945102 209.5
179.1692595621004 190.045193382126
133.05585226225236 209.5
179.1692595621004 190.045193382126
153.8661269348422 188.02708768891065
0.6242300771662675 
112.33994745535452 21.00476554946672
127.48027733070049 34.75745636540608
126.02084738628305 0.5
112.33994745535452 21.00476554946672
126.02084738628305 0.5
92.07225020513687 0.5
0.8370166683131814 
66.71830228954386 189.2575057469409
99.83483678411193 209.16700307651666
101.96607336516992 188.89937784754272
66.71830228954386 189.2575057469409
101.96607336516992 188.89937784754272
89.57737081690541 169.62077816679644
0.6724607044881967 
254.2247326454626 49.408105227009614
279.5 60.12004384921903
279.5 26.787546384722155
254.2247326454626 49.408105227009614
279.5 26.787546384722155
249.6709580543505 28.949264225474394
0.871584057320427 
192.27242942190105 28.33762041257245
218.0764952558384 35.96490028100406
248.0297159523563 28.240999362120775
192.27242942190105 28.33762041257245
248.0297159523563 28.240999362120775
217.41031437565897 0.7042144726241979
0.6985585650268491 
32.70502440849651 177.85684659802644
54.39209930992522 155.6143758356922
40.84649718651151 138.53230486489795
32.70502440849651 177.85684659802644
40.84649718651151 138.53230486489795
23.075124458216848 152.02219069059976
0.36060000000000003 
66.84903492230471 40.83471319721737
82.78296462374391 26.06119049329816
65.2185647869803 0.8299894877616474
66.84903492230471 40.83471319721737
65.2185647869803 0.8299894877616474
48.802870399859316 20.971080300551264
0.6394376420777048 
0.5 28.32128763279479
33.7470654367934 45.59097318699473
25.56635195977183 22.70840044810759
0.5 28.32128763279479
25.56635195977183 22.70840044810759
0.5 1.0914438099725494
0.6455924068041149 
154.08788159900647 44.47166834673999
174.6681134590156 44.45195838649299
190.35293617591907 28.89171860858397
154.08788159900647 44.47166834673999
190.35293617591907 28.89171860858397
170.20881350888843 24.716333942732536
0.41459999999999997 
253.50768574986375 70.16628549796286
278.64554723200274 60.844018500748305
253.77276947266841 50.30265943282869
253.50768574986375 70.16628549796286
253.77276947266841 50.30265943282869
229.13366455540205 58.6511751198029
0.3526196446960906 
251.01087389051605 209.3856081504278
279.5 204.57731682393262
279.5 181.07177291389164
251.01087389051605 209.3856081504278
279.5 181.07177291389164
255.11216896232116 189.31427348821654
0.7466163009973422 
112.3202787813522 166.8360003466719
126.42206451628091 182.45981667284025
144.55035697597205 162.52134097277968
112.3202787813522 166.8360003466719
144.55035697597205 162.52134097277968
119.02846255662219 148.62967553705187
0.3 
224.56338495899192 188.4156392023486
254.194388710907 188.43233682633038
254.87837234419607 165.2840599149705
224.56338495899192 188.4156392023486
254.87837234419607 165.2840599149705
234.27065576376174 171.09814802963493
0.3948759855711665 
132.17582626263095 208.97114209021228
153.1011207097097 187.37954756226134
145.14304744006367 163.3559668477
132.17582626263095 208.97114209021228
145.14304744006367 163.3559668477
126.96123944282172 183.3533018279385
0.35357834818631484 
170.87686148709125 23.833548292833065
191.1880644592083 28.043564625466644
216.24422149884515 0.5
170.87686148709125 23.833548292833065
216.24422149884515 0.5
188.00323694891227 0.5
0.6036297522233944 
83.67133079601287 25.58703336741974
110.96025726961211 21.031445861212227
90.66618817526415 0.5
83.67133079601287 25.58703336741974
90.66618817526415 0.5
66.20729154211844 0.5
0.7214010041323288 
255.76064621395858 164.25619008387767
279.5 179.46099060248181
279.5 147.25481955291298
255.76064621395858 164.25619008387767
279.5 147.25481955291298
245.12808868082908 147.58455250050045
0.5174753655077907 
22.683568230632815 127.10639388071812
42.86457694121128 114.12529451063028
41.830570570334245 90.79722867514735
22.683568230632815 127.10639388071812
41.830570570334245 90.79722867514735
22.628721381771612 98.48423221834933
0.48153158683598246 
0.5 209.5
9.123166047261854 209.5
31.205144520396832 179.69507959351927
0.5 209.5
31.205144520396832 179.69507959351927
0.5 189.11955484487189
0.6280983362446856 
