52.63755930950831 84.42793560913611
22.44406760375698 82.37062168218148
39.595004834098575 97.89066904888564
0.3192
0.5 97.64846870887838
0.5 119.56133670170271
20.020154885871634 106.4374072773217
0.8815560365294883
33.862510398172546 121.18556095303943
20.965980436340864 107.00650259471684
1.55907349611104 120.05429235449225
0.4253316833526825
1.2714032277526748 155.85125687940098
27.711150865483386 160.7321186346096
19.80282992323889 142.99041600304594
0.49253297131089324
279.5 0.5
276.22786119723895 0.5
279.5 17.88908049467302
0.7687132942659933
211.4675450675798 175.99382999505326
214.10524684205248 208.21150802397491
231.10778502931657 175.05591505396893
0.5140232362356932
251.75685606391502 106.08114386656408
232.5050659172479 118.92196137407252
256.2264227894493 131.67256667688156
0.3
0.5 209.5
0.8525162340295139 209.5
0.5 201.48826740842014
0.7944677411855035
160.99663900315764 188.28602736035083
192.58474988374357 189.11586656125883
189.76558186723227 169.8945902367101
0.3
94.0633308772417 181.37351939545724
75.79620406148518 186.26518837285226
99.45551202520356 208.56411539692965
0.4978344511802797
65.41988069633146 1.2915935237860694
56.21798397532092 35.449653510431276
83.9188797869935 33.251516328986106
0.40355169026283244
251.02319264005934 104.5338447950468
238.76976864119263 86.77013232119535
224.29527282981732 99.70548429985675
0.4245
82.69508584084414 67.7124450118269
100.7548829462448 61.00274430551325
85.13066550992232 35.27908629940238
0.4125
22.801950688223123 184.8978418171464
42.66354481089556 181.68107699546255
28.767000143149094 162.53987334667897
0.3
279.5 205.20831031251643
279.5 180.04356574224045
246.84143113471862 189.66579051814512
0.8586102223908469
279.5 209.5
279.5 206.56955297631058
257.0637649748778 209.5
0.8734539498307898
69.56274909982534 154.23276003357446
50.288111902946895 161.19622093827905
74.08616283722633 184.60959574619767
0.42710000000000004
39.6703807231297 20.051949681322466
35.485936891958644 1.6439308298171476
23.78717775431879 29.91915158870716
0.6640211992868087
96.99407460155527 0.5000000000000036
114.51796483218024 20.064993879135262
122.74726454788112 0.5000000000000036
0.8140357580061767
139.51049630027555 163.78100374315838
158.76794072712693 187.24163868354896
156.9289907068562 154.65846446311258
139.51049630027555 163.78100374315838
156.9289907068562 154.65846446311258
138.86604806981816 125.96854607761907
0.3209 
0.5000000000000036 27.19681896580426
22.41940852824218 30.609323532942238
34.87702032950158 0.5
0.5000000000000036 27.19681896580426
34.87702032950158 0.5
0.5 0.5
0.5604977025478013 
106.91247722733425 39.61200123499027
130.9169527448609 33.49600678825482
130.9169527448609 33.49600678825482
106.91247722733425 39.61200123499027
130.9169527448609 33.49600678825482
123.54919439191723 2.377933182219696
0.5992681357479308 
26.011386840669395 58.033836753372626
54.79988068028189 35.950017613212445
40.159352639879614 20.92543973819607
26.011386840669395 58.033836753372626
40.159352639879614 20.92543973819607
23.260583026534754 31.42354720988659
0.3022 
190.48115080775278 168.63663673267214
210.1087026797547 174.74095266564382
199.02277868169782 144.5445726658307
190.48115080775278 168.63663673267214
199.02277868169782 144.5445726658307
180.702586816513 151.99627748233507
0.3 
84.96018855637348 33.05434463019775
113.8337167198425 20.7998863561847
95.65160113128066 0.5
84.96018855637348 33.05434463019775
95.65160113128066 0.5
66.11712703267224 0.5
0.7183380482872368 
239.35116714900474 85.8518427035277
251.88875560773297 104.02750662545888
258.6604472127391 75.22080129989197
239.35116714900474 85.8518427035277
258.6604472127391 75.22080129989197
238.1659403649329 63.592900881486166
0.3 
37.28123029501785 209.5
60.70617998232309 209.5
43.30297715264285 182.59054561348088
37.28123029501785 209.5
43.30297715264285 182.59054561348088
22.93275082378532 185.88968802167292
0.6745441087597526 
241.77217690629163 21.98728379268551
279.3948484086232 22.73782819115316
275.21031084577186 0.5
241.77217690629163 21.98728379268551
275.21031084577186 0.5
241.50622684206704 0.5
0.8679440429437214 
100.66058169849634 209.5
126.9926926754552 209.5
114.57602227281035 188.7695939061224
100.66058169849634 209.5
114.57602227281035 188.7695939061224
95.11441865209378 181.53293535306608
0.8185064067456528 
0.5 56.78254968915768
25.047654264724336 58.436224301441904
22.27335324959434 31.598631262615733
0.5 56.78254968915768
22.27335324959434 31.598631262615733
0.5 28.208865187932886
0.8107374597447213 
43.82300246574399 181.57599120020495
73.39398708612035 185.33143877345879
49.17072069888577 161.4997217743393
43.82300246574399 181.57599120020495
49.17072069888577 161.4997217743393
29.522050239132565 161.87775358172473
0.427 
20.58850174288012 142.2968045736477
28.66205346957242 160.40918961234456
42.522287271349406 141.6425171798294
20.58850174288012 142.2968045736477
42.522287271349406 141.6425171798294
34.90307064176374 122.74735566044848
0.39467903682732663 
188.2896707290257 209.5
212.53384847567312 209.5
192.9547037741061 190.1259304918412
188.2896707290257 209.5
192.9547037741061 190.1259304918412
160.92786941514308 189.28456575393315
0.9725990870309345 
159.72343011415 209.5
186.6068188303462 209.5
159.1581612870787 189.22039467199855
159.72343011415 209.5
159.1581612870787 189.22039467199855
139.01323364252445 186.37272562508795
0.7255488587343917 
137.94578944361353 185.21189088341157
158.15277870764072 188.06833290562855
138.82335404645482 164.5200070981003
137.94578944361353 185.21189088341157
138.82335404645482 164.5200070981003
119.53661058222757 168.92868835838647
0.3 
215.04555299709153 208.56936981092338
245.01830789466626 189.23667002216135
253.41638020825832 160.3326469427873
215.04555299709153 208.56936981092338
253.41638020825832 160.3326469427873
232.33435763434716 174.85554642894297
0.6191548207400799 
55.681755851937424 57.660157469700486
81.68998998723205 67.74280920558292
84.20649293135358 34.231836961978665
55.681755851937424 57.660157469700486
84.20649293135358 34.231836961978665
56.042966407890084 36.46668507782031
0.324 
21.282327637411132 81.28914475489889
52.321033653710366 83.40404960870946
25.40162522154586 59.46233638361559
21.282327637411132 81.28914475489889
25.40162522154586 59.46233638361559
1.1555010092922018 57.828974612111764
0.361025959703788 
215.4476298530704 209.5
249.34248502512216 209.5
278.255656894632 205.7235857150028
215.4476298530704 209.5
278.255656894632 205.7235857150028
245.48312708317872 190.1268308355312
0.8669700886635754 
75.21282935127682 185.38617378736637
93.89903226968308 180.38228236846888
90.84578228039248 156.27039471020854
75.21282935127682 185.38617378736637
90.84578228039248 156.27039471020854
70.55702271565731 154.12025793479273
0.4239 
211.78085648098377 174.97772827458928
231.7806949625647 174.02264079257822
253.37501287306043 159.14683334162171
211.78085648098377 174.97772827458928
253.37501287306043 159.14683334162171
228.42467234053316 143.65475017341092
0.3 
101.2735601660096 59.9303953028126
105.55665054770358 40.195194405859894
113.69833415024803 21.943683574872864
101.2735601660096 59.9303953028126
113.69833415024803 21.943683574872864
85.47620121040296 33.92167769311673
0.4484 
159.80450265431998 187.86125910361002
189.4729642485208 168.89477679166268
179.7135589579866 152.28702024892124
159.80450265431998 187.86125910361002
179.7135589579866 152.28702024892124
157.94652645538534 154.94097224426488
0.3 
0.5 96.55178071894785
20.54514497258962 105.57709577355038
20.539327541642756 81.95888513983057
0.5 96.55178071894785
20.539327541642756 81.95888513983057
0.5 58.60070541480765
0.8543474686737551 
210.66709016534568 49.24451260158256
219.23892936432296 25.00115201681926
211.20993825825778 1.079585447689258
210.66709016534568 49.24451260158256
211.20993825825778 1.079585447689258
196.646452647029 21.169151896526312
0.42786570377169253 
228.77368772521962 142.69437106404098
253.8689414354273 158.27643324467724
256.36578598793756 132.88278417961362
228.77368772521962 142.69437106404098
256.36578598793756 132.88278417961362
231.93201200646192 119.74924338874362
0.3 
128.15834798209795 209.5
158.38108189466277 209.5
137.5276413434501 186.21276359209946
128.15834798209795 209.5
137.5276413434501 186.21276359209946
115.74108563314343 188.76860561481828
0.798271620751345 
131.82806721716423 33.00382486149467
149.4842071208241 19.852724444811127
149.62144181192656 0.5
131.82806721716423 33.00382486149467
149.62144181192656 0.5
124.13220756473862 0.5
0.5118827715733618 
174.25978128585754 23.07023607542765
195.78838500249657 20.649028496879822
210.39497630658786 0.5
174.25978128585754 23.07023607542765
210.39497630658786 0.5
182.10554016305747 0.5
0.7942325112197814 
21.545287894691562 106.15722261809961
34.7330822211101 120.65651087046342
39.07231302936411 98.76633190483554
21.545287894691562 106.15722261809961
39.07231302936411 98.76633190483554
21.539559570137254 82.90077537568209
0.40570227116801955 
254.6064197648399 47.32846312518068
279.5 57.14048209202258
279.5 23.74012485409207
254.6064197648399 47.32846312518068
279.5 23.74012485409207
242.1057066782291 22.99413643097937
0.7312006773735833 
94.85704758650898 179.98766179073465
117.90235084505562 168.38725474725868
112.65353910137794 145.14466683158696
94.85704758650898 179.98766179073465
112.65353910137794 145.14466683158696
91.83168848908025 156.0960319081628
0.3 
254.8547877273482 158.46942517183797
279.5 152.35883155877733
279.5 116.1300992112747
254.8547877273482 158.46942517183797
279.5 116.1300992112747
257.3721731556188 132.86686931278768
0.8891158618730374 
114.97615449843984 187.85148420013965
136.55823377642105 185.31962988182636
118.39849116348584 169.2570575642205
114.97615449843984 187.85148420013965
118.39849116348584 169.2570575642205
95.69897719831965 180.68340325951257
0.38351200842338845 
193.6361570001554 189.39341935928027
213.14143567651718 208.69439652717443
210.45621247052344 175.89627752686042
193.6361570001554 189.39341935928027
210.45621247052344 175.89627752686042
190.7580051364916 169.76998721494257
0.6260968605085235 
123.27375224970015 58.41202235774955
145.49784312896813 66.51160579640904
131.23142341394444 34.44783171954465
123.27375224970015 58.41202235774955
131.23142341394444 34.44783171954465
106.96776750071368 40.62986159620115
0.3891 
61.897088107779894 209.5
98.99050170196782 209.5
74.57634546405203 186.48962754368978
61.897088107779894 209.5
74.57634546405203 186.48962754368978
44.54932215718803 182.67626409781732
0.5444172766509308 
246.18137620865787 188.8177625735283
279.5 179.0010651956796
279.5 153.38911086287678
246.18137620865787 188.8177625735283
279.5 153.38911086287678
254.68771030253055 159.54113005725043
0.5364701063099383 
257.2476169559103 131.7072487040072
279.5 114.87626833530899
279.5 84.52385943908169
257.2476169559103 131.7072487040072
279.5 84.52385943908169
252.66164598487467 105.44932946428774
0.784399622897063 
1.8534837659704877 209.5
36.1110488292731 209.5
21.79148341152671 185.93726587302191
1.8534837659704877 209.5
21.79148341152671 185.93726587302191
0.530629942073972 179.43514036598836
0.8874950334232694 
160.31990533532587 39.4710798136259
179.15521099322135 43.87492349324897
173.14034689812303 24.103175318019755
160.31990533532587 39.4710798136259
173.14034689812303 24.103175318019755
150.8650329967061 20.743841286435337
0.3 
0.5 178.3800532476782
21.77037404424724 184.8850903956909
27.93213653178269 161.7898097178317
0.5 178.3800532476782
27.93213653178269 161.7898097178317
0.49999999999999645 156.7257498071172
0.5594794076284111 
150.48549045889894 19.675294726263473
173.1909152950317 23.099493670941467
181.04684455941594 0.5
150.48549045889894 19.675294726263473
181.04684455941594 0.5
150.62146695440794 0.5
0.9185922050149735 
53.303735997401695 82.9397656725652
54.676120011524176 57.98231059358541
55.033196858942986 37.03137717584205
53.303735997401695 82.9397656725652
55.033196858942986 37.03137717584205
26.390386806863635 59.00344144499512
0.3 
252.92883301804576 103.97297408191919
279.5 83.25582585806481
279.5 58.934230104095704
252.92883301804576 103.97297408191919
279.5 58.934230104095704
259.6809722219612 75.24944446627518
0.9359668137857522 
146.45679323699346 66.20691601963262
159.42001070091592 39.907480852449325
149.80413439781503 20.861342234525097
146.45679323699346 66.20691601963262
149.80413439781503 20.861342234525097
132.13614678475506 34.02126736696637
0.3 
29.559833580300396 160.87684158355881
49.2792221387548 160.49744919095102
68.62288096432891 153.50905243878572
29.559833580300396 160.87684158355881
68.62288096432891 153.50905243878572
43.25505880943517 142.33358975675785
0.3 
211.56032750685847 49.71804742216954
230.22061732315004 43.403644382387675
240.4153785688357 23.0823674405973
211.56032750685847 49.71804742216954
240.4153785688357 23.0823674405973
220.13536825088343 25.465632046571095
0.4006 
238.4679318059948 62.61449950844784
259.18054800774803 74.36614790804938
279.02653620642053 58.02873946819571
238.4679318059948 62.61449950844784
279.02653620642053 58.02873946819571
254.3524426559853 48.30323306777234
0.586461385765082 
40.69328893916703 20.04049980986832
55.29630542311874 35.02658212655856
64.59747893772396 0.5
40.69328893916703 20.04049980986832
64.59747893772396 0.5
36.2514136593231 0.5
0.6257406324834275 
206.88919994262668 110.46181021374797
231.45866625945274 118.4178713584676
250.808986740013 105.51133476578123
206.88919994262668 110.46181021374797
250.808986740013 105.51133476578123
223.2951920434395 100.54100709610607
0.3105 
199.83095883407677 143.84432119830524
211.0106442920603 174.29609323163555
227.64918206303827 142.9830482764458
199.83095883407677 143.84432119830524
227.64918206303827 142.9830482764458
205.96169756522045 111.85920951382496
0.3 
220.11260042297778 24.461426121585877
240.77267230394065 22.0334974717081
240.506150248811 0.5
220.11260042297778 24.461426121585877
240.506150248811 0.5
212.07023092920394 0.5
0.8658629093216393 
180.2766928465578 44.12551004227318
209.84588500656406 49.83834853616477
195.77238399391572 21.657132325640127
180.2766928465578 44.12551004227318
195.77238399391572 21.657132325640127
174.18021598881927 24.08548864169846
0.3 
0.5 155.16938634120234
19.65981212991654 141.87244493065606
34.0692636936926 122.19341448250698
0.5 155.16938634120234
34.0692636936926 122.19341448250698
0.5000000000000071 121.01781654201042
0.5086085223735224 
237.829752960244 61.84346840465729
253.62716350889843 47.610675618679494
241.28348764627768 23.582043094502563
237.829752960244 61.84346840465729
241.28348764627768 23.582043094502563
231.12002651543423 43.84092933515829
0.3 
