19.54276088640177 203.38189619195563
0.5 183.8506802125716
0.5 210.1824062455921
0.8974659936685588
279.5 149.56381116642444
244.68256431462999 165.5633110073187
279.5 177.35678765483098
0.7757897451044999
224.75854721791154 70.33492547732676
255.81592011402176 83.54704918186411
248.460812530288 53.237165400160784
0.3
279.5 80.80595336167676
279.5 54.47833165025997
257.6490201365847 83.7430271098994
0.7008072866898906
210.2859312826534 0.9891293000021015
207.0924638398326 29.97203945203231
238.47129590461512 24.867173755160586
0.7807261249486072
211.25560354022602 0.5
239.00436900256418 24.008166886342025
236.70861231222167 0.5
0.7598702365261284
224.36492268168857 69.38584243655589
247.77114910670215 52.50163164689191
227.17475809669384 43.40891485048084
0.3
232.13465551187528 279.5
261.4674611473891 279.5
233.88127601251225 256.8605498390439
1.0
255.1445575851138 243.4945932533508
234.32348999784705 255.92982154116754
262.104123936345 278.7288520854538
0.5088376205712299
0.5 279.5
17.74254261917927 279.5
0.5 277.0098294592774
0.9519987818519811
81.71976683612911 241.03377358771627
62.16490698805619 236.56291045159108
60.56134868151465 258.7653320481963
0.3
39.96497039534539 249.18821970142253
59.53308800728318 259.1205562032063
61.14124797696138 236.854421260732
0.3201942654668634
278.83365542777176 208.27031758810716
255.7129349054453 195.9734612067109
257.6979132713182 217.11341676965105
0.4879893114609671
234.09377844610827 194.41073121086526
256.63808996084583 216.5231459135887
254.67076740080444 195.57122411319423
0.34860454148398934
243.3480187159428 167.01914349431547
233.50044120272713 193.3756793288213
254.37219028902626 194.5527959967249
0.3009
50.37110289564719 50.85322915526292
29.256142829528113 29.081455613976633
28.435493480047167 60.03112904907256
0.3
51.160265541290286 50.230562290430726
61.83593288534706 33.58997765919409
30.189222795032123 28.607182839726136
0.40759999999999996
52.09056409823464 50.63240568861001
70.89305453653138 52.948445775276234
62.590284805890505 34.26607603359656
0.35860000000000003
99.5003100896803 45.914506745771845
93.96652689480145 22.657449168574107
72.893685072276 52.73288358767969
0.3
63.34322192921252 33.49794806306089
71.80659891140908 52.54170613105835
92.86282616753539 22.489984237598257
0.3059
94.93382998409301 0.5
114.50464057939058 22.23556990019402
125.27529406593557 0.5
0.9044316435700428
279.5 148.12200159838054
279.5 114.11095350196301
259.7829220522277 142.5220611186763
0.9866494432301983
279.5 0.5000000000000036
269.1939304634437 0.5000000000000036
279.5 24.290645875780534
0.9358709318817398
84.76672804511658 279.5
60.24922163498235 260.74421938404214
54.644242032192864 279.5
0.9887158527431577
208.65636958535944 0.5
182.25980340247614 0.5
187.3435352621745 21.128407330807438
0.9846399476370897
155.4521246737742 22.520373492663627
153.20605403198016 53.51081543207403
170.76764563025708 37.92981237178658
0.3
240.39396166557012 127.28366894273675
245.6430024362385 105.22887945063374
216.56860917535067 123.7005351437581
0.3
279.5 279.5
279.5 265.97362322641703
264.1862091368059 279.5
0.8619687373315503
0.5 122.74371062917432
19.862039806361445 100.46891592535414
0.5 86.77678181499871
0.6879854299545611
249.79798204184712 50.904479834397904
278.97563306910337 26.89803454080339
259.88950553757803 20.75001977853423
0.5631080046323467
0.5 64.948281109495
26.944392018394474 60.448823283754756
0.5 30.58900131576688
0.8213971998686109
139.7216093078427 279.5
124.24308564182638 260.77919168441247
115.30625134661454 279.5
0.9071656548886601
86.89649908699052 279.5
113.2607678091237 279.5
92.28505352097645 259.58353528391865
0.9251252520279907
279.5 81.81494646171159
257.5007840168458 84.77194519355258
279.5 111.1339769162309
0.9280484572631842
21.527804996513023 203.43770230201892
47.76548761201707 212.55304518131274
38.322047420759404 191.57251707047334
0.4006
28.374227941127362 26.887649212885925
30.72377213205327 0.5
0.5 0.5000000000000004
28.374227941127362 26.887649212885925
0.5 0.5000000000000004
0.5 3.7651267270156943
0.6401315574648128 
259.8269986091122 19.679284769095105
279.10227093858305 25.888226768073494
268.1041319284944 0.5
259.8269986091122 19.679284769095105
268.1041319284944 0.5
238.46738216211327 0.5
0.9195311881937397 
107.64341511507268 236.33424229449582
124.1534634695192 259.0399338684465
143.56807087659647 235.41198995973627
107.64341511507268 236.33424229449582
143.56807087659647 235.41198995973627
124.27510010468184 213.25231447078346
0.3 
83.3540758988116 240.73067131002355
92.07847655679386 257.66288862652885
106.4614959277269 236.27922879057067
83.3540758988116 240.73067131002355
106.4614959277269 236.27922879057067
94.61070949277307 207.70937942167396
0.3 
177.90408148838026 257.69610228223524
208.68869805855002 243.58469886746406
189.5714483072581 240.81753748349914
177.90408148838026 257.69610228223524
189.5714483072581 240.81753748349914
164.14624012699832 243.66299522400337
0.30186428852072367 
39.23549803813434 248.4558385794456
61.02616619689598 235.76419776002876
48.54742492921338 214.1458425028626
39.23549803813434 248.4558385794456
48.54742492921338 214.1458425028626
33.22601673366005 225.69649205070135
0.3 
32.95324477947509 151.78080482121246
46.06631887437901 136.93768049543195
40.92495944299435 110.36743300543418
32.95324477947509 151.78080482121246
40.92495944299435 110.36743300543418
28.819463398153623 126.46181775391128
0.3359 
155.77895771569862 21.430654428313822
171.49311338355557 37.241172528801094
186.51398441886693 21.94144928491868
155.77895771569862 21.430654428313822
186.51398441886693 21.94144928491868
181.32384053602976 0.8812507781043024
0.4535221766778327 
173.63588780426505 62.86098109497306
193.84169253309085 62.70881458695905
205.73278436164156 31.248779240156384
173.63588780426505 62.86098109497306
205.73278436164156 31.248779240156384
172.02269780064776 38.352490583736554
0.3 
20.847185403784987 99.94079744727352
40.56424579095469 108.35164598581224
37.56755375198216 89.73896392003537
20.847185403784987 99.94079744727352
37.56755375198216 89.73896392003537
1.8092943434833373 86.47788960373404
0.549362789516758 
173.01130260641506 37.122200038573226
206.06607810192983 30.15658210038951
209.2429919358416 1.323907317372047
173.01130260641506 37.122200038573226
209.2429919358416 1.323907317372047
187.4185327383076 22.447509522244843
0.5125310769004663 
0.5 85.35433494227588
37.267723547168046 88.70747015947944
27.584251845625925 61.35432435533023
0.5 85.35433494227588
27.584251845625925 61.35432435533023
0.5 65.96265298834828
0.5395215603957465 
243.78179710995877 164.87670769089522
278.5608856090372 148.89482936028435
258.7362142631936 143.26433077116837
243.78179710995877 164.87670769089522
258.7362142631936 143.26433077116837
241.35107437833685 128.96832992802277
0.5643034180028202 
178.49914802106198 279.0695544511253
177.30474029865815 258.51320088348643
163.05690930475996 243.98030052266378
178.49914802106198 279.0695544511253
163.05690930475996 243.98030052266378
146.67749610469218 259.4139952702236
0.3814627738973171 
194.855517217844 62.85491923851477
223.31142675281043 69.8264862683554
226.21964855219187 42.93997658763258
194.855517217844 62.85491923851477
226.21964855219187 42.93997658763258
206.779733868773 31.30724617955732
0.3261 
29.327297725369554 27.45915271650716
62.131489108165844 32.62419370852661
60.071575813161985 0.5
29.327297725369554 27.45915271650716
60.071575813161985 0.5
31.727728326304703 0.5
0.6077677870087477 
38.08707483192368 88.02540234458138
46.82175640709164 71.24938542340924
50.57237262357494 51.85301942642751
38.08707483192368 88.02540234458138
50.57237262357494 51.85301942642751
28.54427520170693 61.06961647456839
0.3 
125.14968554102789 55.431904839121884
152.1519643372094 54.220934137449106
154.47023917646987 22.23424570973655
125.14968554102789 55.431904839121884
154.47023917646987 22.23424570973655
133.0117447936979 33.093077047789876
0.3 
114.35875365335134 279.16357093221325
123.54983069176748 259.9101769712024
107.04213628149428 237.20772269427445
114.35875365335134 279.16357093221325
107.04213628149428 237.20772269427445
92.67210480748464 258.57207304015736
0.7371582694884685 
115.28893021937823 22.90505951756535
132.38241299771772 32.05052358008969
147.5560662744095 0.4999999999999999
115.28893021937823 22.90505951756535
147.5560662744095 0.4999999999999999
126.391336713305 0.49999999999999656
0.5832379476911338 
246.7221454962765 103.70759996428265
278.63497182486225 111.65815635141502
256.23003706366643 84.80994497099755
246.7221454962765 103.70759996428265
256.23003706366643 84.80994497099755
225.10328453074396 71.56830646019485
0.3 
206.8835596531818 279.5
231.13168391040392 279.5
232.9331604109742 256.1495140553312
206.8835596531818 279.5
232.9331604109742 256.1495140553312
210.85225289906464 244.12743027488233
0.7547979160547158 
215.67523551890412 123.08336512032133
245.71329059067344 103.99947208777976
223.92280404100052 71.60503447456006
215.67523551890412 123.08336512032133
223.92280404100052 71.60503447456006
215.783558488045 98.80562964478506
0.4031 
133.69624313295 31.625946660752216
154.760251214309 20.966740708143217
180.20237605661742 0.5
133.69624313295 31.625946660752216
180.20237605661742 0.5
148.66570382478784 0.5
0.8026963176666316 
238.854152965478 231.35823173140778
255.05868968814025 241.82279117334215
256.7485470362705 218.03221942677706
238.854152965478 231.35823173140778
256.7485470362705 218.03221942677706
233.507030644083 195.23595667782445
0.3 
100.31076142216644 45.00055065011655
114.00161590575654 23.171380740333905
94.33471248008486 1.32908902494815
100.31076142216644 45.00055065011655
94.33471248008486 1.32908902494815
94.69437654405813 21.396339591261075
0.37324985710718017 
100.8428452734731 46.03425678531609
124.13336149600539 55.307449962382094
131.9927606770966 32.976180353836746
100.8428452734731 46.03425678531609
131.9927606770966 32.976180353836746
114.80135649326971 23.778325757069044
0.4016 
256.041285989648 242.10327885788766
279.5 238.17142429133304
279.5 209.0755214645544
256.041285989648 242.10327885788766
279.5 209.0755214645544
257.7406011488091 218.17955579405628
0.9176458239560198 
63.126320775077104 32.51156511905528
93.68916585860512 21.11457312802005
93.31969216694034 0.5
63.126320775077104 32.51156511905528
93.31969216694034 0.5
61.073629610874555 0.5
0.6776599736763822 
241.33267836950344 127.6585227022428
258.87173284213003 142.08108928435308
279.1762168909823 112.82356527689953
241.33267836950344 127.6585227022428
279.1762168909823 112.82356527689953
246.7840532857964 104.75358988228643
0.6028107931522082 
0.5 182.4182142220422
20.119544499717186 202.54100856510127
24.83707260778583 175.38268731846577
0.5 182.4182142220422
24.83707260778583 175.38268731846577
0.5 149.60913717675038
0.8063038369240909 
25.60548295700089 174.73990441426145
53.23803707387137 177.14734419400438
32.376505299150786 153.37173790184468
25.60548295700089 174.73990441426145
32.376505299150786 153.37173790184468
1.3409904070927006 149.0432183141317
0.3061945585511656 
32.59155221397966 224.92247062627396
47.6486483705553 213.57108316286892
20.44697868729585 204.12083751100317
32.59155221397966 224.92247062627396
20.44697868729585 204.12083751100317
1.3409235993669917 210.94395105456363
0.576920877475726 
226.98140104233673 42.23043982157411
247.93606910452928 51.48132567627218
239.28318131637482 25.748238954222174
226.98140104233673 42.23043982157411
239.28318131637482 25.748238954222174
207.95462026748038 30.844926310229447
0.3 
0.5 275.99945468778105
24.405127229380163 279.4518366776979
38.22061042102337 249.5395754662068
0.5 275.99945468778105
38.22061042102337 249.5395754662068
0.5 238.82398460398406
0.8398478340156953 
54.25757712161878 176.79309268008203
63.04723291882868 153.0559845083997
46.63910682172837 137.79971109097622
54.25757712161878 176.79309268008203
46.63910682172837 137.79971109097622
33.29589040793696 152.90334115531562
0.3 
179.52584527649665 279.5
205.87728526314976 279.5
209.84280423279924 244.15572228447732
179.52584527649665 279.5
209.84280423279924 244.15572228447732
178.31200312913768 258.60917027043763
0.8745262101156156 
25.484390709164916 279.5
53.60054408102646 279.5
59.37898255987891 260.16377897999354
25.484390709164916 279.5
59.37898255987891 260.16377897999354
39.15607338993617 249.89908500665277
0.8076224856427483 
27.448953582696017 59.51024412130099
28.28154886344184 28.110046145169367
0.4999999999999999 5.06440378176492
27.448953582696017 59.51024412130099
0.4999999999999999 5.06440378176492
0.49999999999999656 29.080693854343195
0.7452865940385472 
233.4451232483304 255.28964546971147
254.55018766914205 242.68480217808448
238.34255757078998 232.21824509719653
233.4451232483304 255.28964546971147
238.34255757078998 232.21824509719653
211.59312710778036 243.3921938713093
0.4002 
21.14438856387127 202.48419075482468
38.22569782010972 190.41619190124266
53.170175464931276 178.14521992701964
21.14438856387127 202.48419075482468
53.170175464931276 178.14521992701964
25.786597912905854 175.75947181153242
0.3 
60.77726211446837 259.8891135266388
85.9552058979154 279.1501257219107
91.48806645851803 258.70029571940876
60.77726211446837 259.8891135266388
91.48806645851803 258.70029571940876
82.65412075848438 241.55547463438413
0.6261518371554056 
263.18661880749886 279.0486832052812
279.5 264.6393875297603
279.5 239.18537313014878
263.18661880749886 279.0486832052812
279.5 239.18537313014878
256.08780036066554 243.1094315429153
0.6706701026865957 
125.20194263463316 259.3390768090616
145.65842494340265 259.0002338894888
162.167313640616 243.44453933181217
125.20194263463316 259.3390768090616
162.167313640616 243.44453933181217
144.37314309063146 236.00736375717472
0.5181100738618072 
240.11392047251087 25.081242679361253
248.77023160191084 50.82451018028022
258.9938969004449 20.27519748239242
240.11392047251087 25.081242679361253
258.9938969004449 20.27519748239242
237.7847605459076 1.2310322063164278
0.3439500934909804 
256.77194764923263 83.24624534185395
279.5 52.806899619442596
279.5 27.761572193167613
256.77194764923263 83.24624534185395
279.5 27.761572193167613
249.33121184641175 52.5834936599302
0.5452097830123805 
0.5 237.7844172712841
38.212262107331256 248.49763656229115
32.23444715803429 225.85821811290484
0.5 237.7844172712841
32.23444715803429 225.85821811290484
0.5 211.66328475119437
0.7028497717926846 
1.0274323143326605 123.66123769055204
28.05725652213567 125.81156981554845
40.41878952607375 109.37678122783348
1.0274323143326605 123.66123769055204
40.41878952607375 109.37678122783348
20.740586425481347 100.98250832205152
0.353549652921303 
0.5 147.91624639999137
32.02694457206389 152.31330562699458
27.861296746033336 126.79913985355383
0.5 147.91624639999137
27.861296746033336 126.79913985355383
0.5 124.62243774397923
0.7672129929387649 
255.52458094636933 194.74064622430814
279.5 207.49207775956643
279.5 178.41259704704666
255.52458094636933 194.74064622430814
279.5 178.41259704704666
244.19952042716056 166.45550218083292
0.5909362573581949 
141.01915018020173 279.5
177.29311946162326 279.5
145.72220276366085 259.99931464328233
141.01915018020173 279.5
145.72220276366085 259.99931464328233
125.17718822622174 260.3396240182499
0.6661728856867798 
