240.10551588710516 279.5
263.55752254981206 279.5
240.55093088849125 258.8868952627138
1.0
258.1472431277898 249.0666677553042
240.9495304797978 257.9013600189425
264.0788476549302 278.6244225416919
0.6405746451138464
0.49999999999999645 59.098733050930065
0.49999999999999645 90.18541039157932
20.151357754434507 61.26662220791577
0.9823188731826107
256.3682447881047 27.95664593291009
279.5 54.63314113447096
279.5 23.313050915276975
0.9559588913436045
254.54484100556772 28.73570132933481
230.48211892466335 42.905389643817685
243.93482678665387 61.401917462705605
0.4303
212.1896302002876 1.074482190111791
207.59463267564269 24.375306053417255
231.5860826160198 22.517029436723234
0.5106798737124838
278.7125784716885 145.80845790532564
259.1436444868926 138.00088132398363
252.25913518987406 157.55689181948318
0.7618811296318232
215.53372953685238 213.52224850090866
240.84042305428346 234.61904689533944
254.3199824218008 219.15463033757425
0.40349999999999997
119.35713306323441 0.5
92.20400910529672 0.5
87.27425523184942 20.819354294896254
0.9434474693221695
125.86214025866416 33.148999253865234
106.5918202547822 37.84955934033506
130.07209409139782 59.89111817341265
0.3056
46.67123704747188 149.14479139553086
23.394268072699084 146.5692852394523
25.690748335779347 165.34293573953806
0.40032676102892634
0.5 176.84942468777373
24.27230161681624 166.18883440691388
0.5 150.28735254101173
0.676983559879884
1.3571017667834617 149.65757962010792
24.67233263579365 165.25332322284876
22.387131916259843 146.5718826196849
0.7339673834368788
106.06414045014499 237.0070459128758
96.17343952711445 254.40965866063107
118.05553774310059 253.04857781954013
0.3
210.73844126438797 236.1227110130188
194.91325834430862 225.65679365416815
186.96191375196955 245.30713236866907
0.3031
160.64706176142434 219.8530311927847
185.88648677772485 245.29888199524837
193.98084749779116 225.29510427193074
0.3
175.90570378169195 278.73994278998333
185.20941895254043 247.31957975045907
165.10853951271332 259.98101677539614
0.6202752808274181
140.5519297902827 259.47162587755395
163.31607603854297 259.3214021367906
148.25120755669806 242.65868947743223
0.3
0.5 241.00562113671137
0.5 269.5514607527694
25.447113586862077 254.653205657931
0.6574920458081281
238.3150187449223 279.5
215.63787770555808 258.58396939682115
209.00734953146622 279.5
0.8013854956915796
34.46399112017262 228.2265171543009
58.78233136461425 247.4987672729355
63.930039033262695 224.19571464593605
0.3
153.7226264138129 0.5
147.85461820388275 19.925398650906786
175.06088932587534 0.5
0.7763328667792372
22.244058970678097 60.38151251077288
46.56876852457774 60.80044059620118
40.85666639526271 42.331655756228734
0.3286
79.30726807119187 279.5
59.329915343266805 249.63285016744413
52.5982097915524 279.5
0.9375489297674573
0.5000000000000036 1.1177567128845354
0.5000000000000036 31.597261423874052
25.992278656236266 23.91026148053612
0.8339980095983124
255.5134960573737 26.42993728524906
269.5920157499803 0.5
245.88128062376433 0.5
0.8140718765339353
38.87875146332309 107.86508316452547
24.417934265138946 124.29540918290665
46.942963750172034 124.83043901987057
0.3
279.5 279.5
279.5 266.07197178118656
266.07197178118656 279.5
0.8535712270084754
225.11357647105015 159.67693142475215
238.38812463477387 174.06706376813275
250.34465255523506 159.0124508069011
0.33540000000000003
0.5 279.5
22.02733702235625 279.5
0.5 271.1622783822357
0.758630559873112
127.31784269753788 32.530583904872145
147.40605135227298 43.36230963361294
146.4871071298343 22.009742697850548
0.3
1.5061509757332807 207.3729443808472
32.38198209786915 206.98532918414497
27.25090899460159 187.75803007344567
0.38439255665568556
62.84361742266573 20.211535098712176
64.01007802515494 0.5
29.11669182332271 0.5
0.7871890350091987
210.51970486458083 0.5
177.2888216263427 0.5
183.84533833769467 22.91550484206852
0.6355749654137963
24.79614815931248 279.5
50.76071423666174 279.5
26.37708924755913 255.2625791539876
24.79614815931248 279.5
26.37708924755913 255.2625791539876
1.13617492524763 270.33629015030886
0.7311510855587305 
23.332185480802547 145.55631338191947
47.45164289395591 148.22503760955297
47.24777262306942 125.83796110290182
23.332185480802547 145.55631338191947
47.24777262306942 125.83796110290182
23.822103446365006 125.28153865876202
0.4062 
0.5000000000000036 148.7726333101897
22.33157912742088 145.56932652702477
22.824329653966792 125.17732904441381
0.5000000000000036 148.7726333101897
22.824329653966792 125.17732904441381
0.5 120.69154358249585
0.6778362029568518 
206.86617319028832 48.32195368271107
206.47585339115128 24.87996406578354
211.12665553085174 1.2961599616411164
206.86617319028832 48.32195368271107
211.12665553085174 1.2961599616411164
184.30288879438208 23.83721159478148
0.3 
0.5 58.09266647440715
20.614248228643213 60.31162056300973
26.368363208081163 24.841330953347352
0.5 58.09266647440715
26.368363208081163 24.841330953347352
0.49999999999999645 32.64173629161708
0.8742502958746908 
265.171414593745 278.98634362506846
279.5 264.65775821881346
279.5 233.5799530686676
265.171414593745 278.98634362506846
279.5 233.5799530686676
259.06037830525776 248.53446314663347
0.7385274619589437 
214.88456857687063 212.41749116187327
254.84481509892163 218.2203555779618
257.9094094444794 180.83927411928735
214.88456857687063 212.41749116187327
257.9094094444794 180.83927411928735
231.5197809399277 194.98042091596986
0.3129 
244.69583231785577 62.29606531796709
279.5 87.269082324558
279.5 56.1595635763491
244.69583231785577 62.29606531796709
279.5 56.1595635763491
255.6300350445022 28.631734418390984
0.5146600037269176 
27.162593381960065 23.61521439755368
61.67939868934468 20.68937744113553
27.134872986791986 0.5000000000000001
27.162593381960065 23.61521439755368
27.134872986791986 0.5000000000000001
1.3093801161064142 0.5000000000000034
0.8057968294355935 
245.5509234229382 110.28111425890106
279.5 111.98774742794205
279.5 88.7694964799231
245.5509234229382 110.28111425890106
279.5 88.7694964799231
250.55418473017514 90.25144229931523
0.5297487936773932 
33.456470970813115 207.13331860223803
63.6364021074588 222.5627155631921
51.61378985022732 191.3533919818991
33.456470970813115 207.13331860223803
51.61378985022732 191.3533919818991
28.22406849294621 187.52631525522978
0.3 
0.5 239.8657635271887
26.128047837606083 253.8858603916927
32.65851572550302 228.12706144877382
0.5 239.8657635271887
32.65851572550302 228.12706144877382
0.5 208.7762981620295
0.6445148380547726 
0.5 118.82569254159475
20.406655187136845 97.79934948864404
20.526176810848906 62.49425018756232
0.5 118.82569254159475
20.526176810848906 62.49425018756232
0.5 91.96461923576959
0.9347598285822192 
256.3772205713378 26.934893722205864
279.5 22.293100552375442
279.5 0.49999999999999983
256.3772205713378 26.934893722205864
279.5 0.49999999999999983
270.72990363979056 0.49999999999999667
0.7735310225596164 
239.1186618265561 278.8808237172671
240.2829192311464 225.00082473362724
240.2829192311464 225.00082473362724
239.1186618265561 278.8808237172671
240.2829192311464 225.00082473362724
216.06819074954922 257.6204559474735
0.3 
63.823958896895256 20.573298807716434
86.10702518994223 21.389067052287057
91.17499918750072 0.5
63.823958896895256 20.573298807716434
91.17499918750072 0.5
65.01182742686706 0.5
0.8926444686071242 
187.4445239874214 246.19272273272085
215.29792319537137 257.10674910766284
239.51757026573657 235.86033965280077
187.4445239874214 246.19272273272085
239.51757026573657 235.86033965280077
211.92313830658736 236.7370985675752
0.3 
176.72356531838176 279.5
207.95830547143441 279.5
214.78087379886867 257.97817787933025
176.72356531838176 279.5
214.78087379886867 257.97817787933025
186.39029658062412 246.85366462885025
0.7832991562938239 
21.766892819226026 59.45125326477711
40.75052223569869 41.04159233806098
61.876103565695736 21.676289809878345
21.766892819226026 59.45125326477711
61.876103565695736 21.676289809878345
27.421090236392246 24.596888933551835
0.3 
75.04553883454489 40.763133732512095
84.53474485862944 59.91122627072333
104.85257042432399 37.63454678089635
75.04553883454489 40.763133732512095
104.85257042432399 37.63454678089635
86.61470742032141 22.647811387873205
0.3 
21.410224785013682 96.74663040430539
35.76197459932362 81.70849815622184
46.42312721819552 61.79808060736428
21.410224785013682 96.74663040430539
46.42312721819552 61.79808060736428
21.529990726472104 61.36936288772715
0.3 
244.61623804376694 109.8966322409085
249.59207107847578 89.97676452048181
221.13136897138236 69.24382185968507
244.61623804376694 109.8966322409085
221.13136897138236 69.24382185968507
217.05986610368706 89.15340233773695
0.3 
232.132054337376 193.51780353064117
257.8764385944419 179.72241732781615
251.2177514460328 159.52102788894754
232.132054337376 193.51780353064117
251.2177514460328 159.52102788894754
238.8584549540827 175.08277176619853
0.3 
119.31348596765379 253.06119748584433
138.8110044425292 259.15311430444626
127.13000815038562 235.27960757686807
119.31348596765379 253.06119748584433
127.13000815038562 235.27960757686807
106.9613263232523 236.53705453477386
0.3569945030460676 
105.70110950021373 37.03750768979989
125.70516508920915 32.15796935051888
120.70697918766227 0.8287778111552306
105.70110950021373 37.03750768979989
120.70697918766227 0.8287778111552306
87.34818389946687 21.956221049700172
0.3499474505294241 
250.31010397463763 89.26262883911546
278.5481826882882 87.81691717726486
244.00466416896336 63.0309236339352
250.31010397463763 89.26262883911546
244.00466416896336 63.0309236339352
221.95327751682564 68.60535711125284
0.3 
148.42869335962635 43.86691039847262
179.32275511004838 55.33408682953921
169.40036505337343 39.147335998161665
148.42869335962635 43.86691039847262
169.40036505337343 39.147335998161665
147.49782475291914 22.23726874256503
0.3 
148.71077787144753 241.67590413296182
164.5245887132671 259.1669951719733
185.271348690995 246.09872143221764
148.71077787144753 241.67590413296182
185.271348690995 246.09872143221764
159.34702072972433 219.96236606633295
0.4472 
147.79053165566077 21.199896880915453
169.72100663377734 38.13153137353359
183.02138147749196 23.66061195061618
147.79053165566077 21.199896880915453
183.02138147749196 23.66061195061618
176.33933014664436 0.8159277142086658
0.40942874328960416 
224.62648743427783 158.68941257794506
251.04522029324121 157.9936540667189
258.1777332326662 137.73316898565645
224.62648743427783 158.68941257794506
258.1777332326662 137.73316898565645
230.394354135462 132.82013726031934
0.3 
0.9841511378652292 119.76883940333973
23.14974972625679 124.22272990951438
38.19881488879682 107.12403877029968
0.9841511378652292 119.76883940333973
38.19881488879682 107.12403877029968
21.015074134328465 98.61123886063132
0.4517939827468894 
131.24419245987616 60.90607496356687
151.73216811410427 69.94693287616275
147.49058828226447 44.544002411144305
131.24419245987616 60.90607496356687
147.49058828226447 44.544002411144305
126.9223868823078 33.453460684551985
0.3891 
126.65344569230697 31.75451873812242
146.53245505104536 20.844141787830257
152.67799642089508 0.5
126.65344569230697 31.75451873812242
152.67799642089508 0.5
121.66717291472067 0.5
0.8651643186109678 
139.75570435349408 258.80856332620306
147.6609077575444 241.54594648153187
158.11353827191087 220.20724694314305
139.75570435349408 258.80856332620306
158.11353827191087 220.20724694314305
128.10061623248905 234.98800746707016
0.3 
232.90120401527446 22.480208180099627
254.64492344398914 26.963475269194234
244.81451421041652 0.5
232.90120401527446 22.480208180099627
244.81451421041652 0.5
213.0183954501417 0.5
0.77636598152164 
59.63243383911573 248.2864711315325
79.69683559500481 278.2837636509792
78.70097125435433 241.3102858970406
59.63243383911573 248.2864711315325
78.70097125435433 241.3102858970406
64.84159820322046 224.70521144603546
0.3 
33.34123297329212 227.37079160081757
62.92772125407889 223.32351347489953
32.913309326131404 207.9787377002598
33.34123297329212 227.37079160081757
32.913309326131404 207.9787377002598
1.763971028508724 208.36978650615643
0.34150231473922593 
255.8765397667173 217.87430938109785
279.5 204.0377283717808
279.5 174.7099239254057
255.8765397667173 217.87430938109785
279.5 174.7099239254057
258.95252800057534 180.35424839735086
0.6246557201819246 
0.5 206.88235450199312
27.014012029089145 186.6813460670007
24.878246998074527 167.01304947117933
0.5 206.88235450199312
24.878246998074527 167.01304947117933
0.49999999999999645 177.94537345062244
0.8201486123544803 
148.12224022057558 279.5
175.1893597186084 279.5
164.1474974745341 260.31593724613697
148.12224022057558 279.5
164.1474974745341 260.31593724613697
140.50736830369326 260.4719417190235
0.9568779230276451 
180.74005646249827 55.73274029727871
206.44840617436364 49.34426911164714
183.58099607026344 24.529502396239586
180.74005646249827 55.73274029727871
183.58099607026344 24.529502396239586
170.40217016888556 38.868175550073275
0.432 
27.008898788049752 254.48062023956805
51.68405510353983 279.0078243909998
58.5412963013888 248.58369952089615
27.008898788049752 254.48062023956805
58.5412963013888 248.58369952089615
33.52925785522275 228.7616945622479
0.4426812788234566 
112.1745093538791 279.5
147.0451360307742 279.5
139.394740341361 260.3831748400194
112.1745093538791 279.5
139.394740341361 260.3831748400194
119.35122410146329 254.1206633392304
0.8924134188174089 
258.9108554508988 247.40478758074806
279.5 232.34088012421074
279.5 205.1966331889203
258.9108554508988 247.40478758074806
279.5 205.1966331889203
255.831692564476 219.0594818127496
0.686092221510936 
240.60539166482243 256.9539150403996
257.97309553444296 248.03189603969182
254.92595078862342 219.98133401179348
240.60539166482243 256.9539150403996
254.92595078862342 219.98133401179348
241.38915341733187 235.51141683572996
0.4534870968136825 
28.884162712428566 186.62102360582384
51.97644204815192 190.39943222649703
71.78329804554023 187.08581031636072
28.884162712428566 186.62102360582384
71.78329804554023 187.08581031636072
54.087847714839306 169.98809368807764
0.3 
229.79366920115913 42.150292792258696
254.0559743956172 27.86307702172235
232.60829118656255 23.440848682006994
229.79366920115913 42.150292792258696
232.60829118656255 23.440848682006994
208.29778329797114 25.32383818291645
0.3412889820772974 
207.88529281019404 49.46192315468862
220.64334591184172 67.30681411218244
229.163650393236 42.92706551922767
207.88529281019404 49.46192315468862
229.163650393236 42.92706551922767
207.4940522352316 25.964633198433173
0.3 
81.12689763930062 279.5
111.13529651551565 279.5
118.33679600085009 254.03301596497397
81.12689763930062 279.5
118.33679600085009 254.03301596497397
95.57538957437103 255.44879035267564
0.6388096767016946 
42.40799417059806 40.87880278928065
74.19465682487034 40.23756189863008
85.60473453483203 22.371348422628454
42.40799417059806 40.87880278928065
85.60473453483203 22.371348422628454
63.48129553164823 21.56142402702928
0.43409390819159754 
21.736842590910936 97.85281815500223
39.061991303704225 106.43567135935507
58.68553346031247 101.54559555599128
21.736842590910936 97.85281815500223
58.68553346031247 101.54559555599128
36.20858041650993 82.68895938539373
0.3782 
27.950168222177663 186.03927186774854
53.56094575959433 169.13768514032773
47.68733570464523 149.6236625350031
27.950168222177663 186.03927186774854
47.68733570464523 149.6236625350031
25.828414665108596 166.50000717445585
0.4117 
80.69693088113794 278.27383650322173
94.85037964885358 254.71376081679432
105.03972195481822 236.78569083622006
80.69693088113794 278.27383650322173
105.03972195481822 236.78569083622006
79.70741498066302 241.53605743034038
0.4262286370709452 
259.2021362803563 136.9475644055651
279.5 145.0459680054694
279.5 112.98901018649482
259.2021362803563 136.9475644055651
279.5 112.98901018649482
245.76738244155393 111.29325849577825
0.5919367074388044 
230.254859953812 131.77995533039106
257.9299669704727 136.67384092649684
244.59738475925036 111.21463663306173
230.254859953812 131.77995533039106
244.59738475925036 111.21463663306173
205.34204396660402 106.44781585479593
0.3 
258.80881007014216 179.35668418351943
279.5 173.67288085832047
279.5 146.5529350602336
258.80881007014216 179.35668418351943
279.5 146.5529350602336
252.01906784235447 158.75769464158822
0.7834207745312322 
