349.5 0.5
333.2587033144923 0.5
349.5 4.366975401311356
1.0
349.5 37.97196600018324
349.5 5.394929360593396
329.9537780162461 0.7410669835091381
0.9943698429731866
179.812486059331 24.888489778529642
173.96707372548923 47.21689129683816
192.86669541238683 45.90924902143506
0.3424616435485918
0.5 0.5
0.5 0.4850779014207367
-0.007351351694952268 0.5
0.8665096525121068
257.28962546326034 26.6877771471502
272.83746052177014 48.05768983030647
277.41906874772906 22.77042868203425
0.45065788814649343
279.10118383281724 22.624588425012156
291.7816692383384 37.728602523901
308.798602174911 22.1932066186775
0.5317828745172095
317.31412331873946 40.2913597691556
309.9204738473846 22.523059190485338
292.9076071898358 38.05474283717604
0.3
226.99633471718383 69.5
255.21276638610954 69.5
244.30625387694135 46.27814564176535
0.8689153260126096
168.6895219863923 68.9735684353596
172.70462483879083 48.24461870896923
147.42971059734765 47.4310136590345
0.8065657200240237
89.05758848939985 19.54296219257341
93.37398341075729 0.5
59.690091600613655 0.5
0.8503645557673328
87.97950741106148 21.314941880202877
55.153641822831965 31.5510081687068
67.83319580767561 46.574059187824865
0.3
0.5 69.5
23.083817944150407 69.5
0.5 56.85306195127578
0.8344504425091127
81.74373835722493 69.5
107.12712350546357 69.5
92.1517350651666 43.965084891783334
0.9845934635127381
80.13112483868221 69.5
67.74436996143572 48.18567076216127
47.1772928975956 69.5
1.0
46.34861046186225 68.91865684230892
67.17092947945845 47.33981208674351
54.33554188422356 32.13212552900953
46.34861046186225 68.91865684230892
54.33554188422356 32.13212552900953
43.42390033749082 48.72392097150694
0.5291706183726906 
33.48688729488348 24.279396688763782
56.80926480308926 0.5
34.00735135169491 0.5
33.48688729488348 24.279396688763782
34.00735135169491 0.5
1.5000614519142914 1.4560967617582512
0.9535741422293462 
256.31756774048876 69.5
285.100099448565 69.5
272.8202019101424 49.76032157140469
256.31756774048876 69.5
272.8202019101424 49.76032157140469
245.24864150158214 45.93233867784423
0.7163821084781191 
310.4489218757656 21.28014511778406
348.8751009217116 38.93298813641029
328.6977821500962 0.5
310.4489218757656 21.28014511778406
328.6977821500962 0.5
296.92207736105263 0.5
0.665672500423959 
169.606140833484 69.5
196.42609420886464 69.5
193.298126300425 46.881789520837444
169.606140833484 69.5
193.298126300425 46.881789520837444
173.72487281341938 48.23603957678082
0.6342026558800979 
197.43561156528045 69.5
225.26224037097597 69.5
213.7080681973984 40.53461580453534
197.43561156528045 69.5
213.7080681973984 40.53461580453534
194.28247708093437 46.69981101992134
0.6502701437024466 
202.83403929080055 22.585494679051667
231.27219040152139 27.980237574132783
205.78180827513086 0.5
202.83403929080055 22.585494679051667
205.78180827513086 0.5
180.22730032754478 0.5
0.5914550057865119 
146.96719591967178 46.41560723882162
172.92439855719988 47.25117530233034
179.00069181837037 24.040851046344343
146.96719591967178 46.41560723882162
179.00069181837037 24.040851046344343
158.91977478147427 20.746735272353902
0.4435801668222311 
138.3621707064511 69.5
167.80408067589718 69.5
145.89349299490215 47.29801397755861
138.3621707064511 69.5
145.89349299490215 47.29801397755861
128.01754670679816 37.97223121174322
0.6372477420855454 
180.11969640352237 23.48767015893778
193.62125093028263 45.22877445994625
202.008720361307 23.177210005168075
180.11969640352237 23.48767015893778
202.008720361307 23.177210005168075
179.53232835164698 1.2190568659443457
0.33418190273216175 
108.28640936210886 69.5
137.309717777979 69.5
126.81825319855805 37.5246986723476
108.28640936210886 69.5
126.81825319855805 37.5246986723476
92.86937071990863 43.21201591744001
0.5198609710167192 
127.5044539499352 36.5766505592427
145.9618149431778 46.20575417585869
157.843669968642 20.688765842281885
127.5044539499352 36.5766505592427
157.843669968642 20.688765842281885
116.81559303470087 20.52154747763476
0.3 
256.7222451987668 25.77943367896406
277.27622928106194 21.779466225372285
265.7027725084557 0.5
256.7222451987668 25.77943367896406
265.7027725084557 0.5
245.76176038443333 0.5
0.9112630362267695 
0.5 28.737846195281147
22.62395254606826 44.036224062785806
32.89432513078208 25.08505041664482
0.5 28.737846195281147
32.89432513078208 25.08505041664482
0.5 1.970990834040677
0.5656235124454447 
25.458270803825595 69.5
45.422370927892324 69.5
42.458081140581136 49.031971801092396
25.458270803825595 69.5
42.458081140581136 49.031971801092396
23.35358061871076 45.37973417369097
0.6817198534363395 
273.6473533652201 49.1968076079509
285.73983747820074 68.63522287536334
291.1999282676865 38.59091823744246
273.6473533652201 49.1968076079509
291.1999282676865 38.59091823744246
278.3435059978147 23.277341744474516
0.59978012749231 
226.1332708687235 68.984595095096
243.7860034837883 45.30284464735817
232.53217871676543 29.421351702423905
226.1332708687235 68.984595095096
232.53217871676543 29.421351702423905
214.6224394945614 40.12786281233846
0.3550392192350885 
244.68702271681195 44.84477259137332
272.0246623491181 48.640278370230085
256.18801411556734 26.873402874621515
244.68702271681195 44.84477259137332
256.18801411556734 26.873402874621515
233.57666756866507 29.165745189235555
0.3806224947792526 
23.563287220640166 44.40171480331414
42.6676503707553 48.053926169139515
53.50156007730773 31.580326580686343
23.563287220640166 44.40171480331414
53.50156007730773 31.580326580686343
33.78909582656914 25.53277183511095
0.4626611038656301 
34.47715659584422 24.697859392634253
54.284530767154436 30.774531397891355
88.22081678220195 20.192203498510256
34.47715659584422 24.697859392634253
88.22081678220195 20.192203498510256
58.07083264250976 0.6418478705479878
0.4685154884308007 
320.4683649034229 69.5
349.5 69.5
349.5 68.23113603050632
320.4683649034229 69.5
349.5 68.23113603050632
318.6704093598833 42.011243914260156
0.8029270354183918 
194.56475389787454 45.56106814583413
213.79349088688798 39.45834949125966
231.28672214650575 29.00082844610657
194.56475389787454 45.56106814583413
231.28672214650575 29.00082844610657
202.91098435519967 23.61792541396733
0.3 
68.44824939947193 47.40665239599943
80.9210425172375 68.86903069137108
91.5590683193072 42.76976361842935
68.44824939947193 47.40665239599943
91.5590683193072 42.76976361842935
89.03206310075879 21.59900208487944
0.4876381185214962 
349.5 66.91838585506397
349.5 40.32053930081322
311.0614076283666 22.661993646766568
349.5 66.91838585506397
311.0614076283666 22.661993646766568
318.5098305932384 40.56192501214424
0.6753459190443124 
92.50521097055505 42.259086741728346
126.31533238806314 36.595015568917475
115.61396145037682 20.521121925657244
92.50521097055505 42.259086741728346
115.61396145037682 20.521121925657244
89.94919691250614 20.84529475500699
0.4858615054036961 
0.5 55.706938048724226
24.419741702920064 69.10199340235945
22.320315685465804 45.042056228801854
0.5 55.706938048724226
22.320315685465804 45.042056228801854
0.5 29.953638648380906
0.6365496925622186 
90.01463238475004 19.844388468043018
115.3824589327233 19.52396627619413
115.4969809984496 0.5
90.01463238475004 19.844388468043018
115.4969809984496 0.5
94.39935043942276 0.5
0.9567409567273011 
286.5990571151466 69.5
319.466228152082 69.5
317.6233145150101 41.32388427868475
286.5990571151466 69.5
317.6233145150101 41.32388427868475
292.14397110592006 38.98895328798082
0.5087902012499941 
232.86994346359162 28.23226717102217
255.69259426469637 25.918502793721082
244.6718128100269 0.4999999999999965
232.86994346359162 28.23226717102217
244.6718128100269 0.4999999999999965
207.14578130838805 0.49999999999999994
0.7173494466174469 
116.38250228894486 19.519774021584958
157.83272076075826 19.688712910879783
148.68445988907055 0.5
116.38250228894486 19.519774021584958
148.68445988907055 0.5
116.49699911778569 0.5
0.8745973914332246 
158.96541260329948 19.740856210796164
179.10767343710037 23.04503494997138
178.5130143497205 0.5
158.96541260329948 19.740856210796164
178.5130143497205 0.5
149.79229229926935 0.5
0.9540327259244595 
278.33631391054985 21.6355933556468
309.19530518122355 21.18733865408778
295.7288730744733 0.5
278.33631391054985 21.6355933556468
295.7288730744733 0.5
266.84110658371844 0.5
0.9216342928049933 
