89.06156183759374 23.210974442063424
86.66826034609738 1.5503805440761589
70.89440925691238 28.371490327289088
0.6563796763326524
88.76333807487592 24.33524890171404
70.57898935104825 29.500649480315676
80.02247060349839 46.2115445666535
0.3942754075094057
305.08873483644345 33.13145763711479
294.98962497874055 1.6065242290127308
286.4665792621261 27.074718056495247
0.5541807148384088
169.82243189297785 20.66873658096128
147.6091762526274 1.1988210868245126
149.6253242158346 23.749283283768044
0.8713654217746154
81.4805145891749 69.5
109.4713157643815 69.5
80.64080197173122 48.38098638192258
0.6528356170137327
305.80050009243604 35.69997617120062
294.6906637768698 69.5
314.35764030349253 69.5
0.928956972651433
90.65384016122098 23.967196811009508
105.22478946000327 39.57510777621415
111.17128379677992 21.775486856991698
0.5027872039698903
138.21667686251564 69.5
125.77673769600327 42.699608115838515
111.82401066261231 69.5
0.8197543436845609
0.49999999999999645 69.5
16.976454472320818 69.5
0.49999999999999645 60.82818185667326
1.0
263.8783660953237 26.412755345452727
257.19139462473134 49.264384208842706
275.93895713617746 45.80066095878766
0.3635985750934506
212.91595462062645 0.5
179.10000276274712 0.5
196.19705324229957 20.09029551199306
0.7176550320571924
53.86067625236736 69.5
31.527293840759683 45.22182232949589
19.796887320519165 69.5
1.0
145.20439988132557 0.5
115.432033132052 0.5
112.54054510403479 20.220133189973637
0.7083276200716169
214.67732012787266 0.5
220.47297778360527 19.30373409302908
239.77042220365232 0.5
0.7771733279069352
175.03107803215283 69.5
200.38695032325322 69.5
195.15047524267777 43.98762815276828
0.6789544868054876
306.80728242599054 33.880238895314235
323.75068452285876 43.74332109863715
326.0873488121995 21.02431105396574
0.3
219.64050364441457 44.19361428632811
229.00517696942563 68.61691701721068
241.9439777462511 35.61343274559806
0.646871171779549
349.5 0.5
330.3083045973595 0.5
349.5 9.22349791029115
0.8005750149264919
0.5 59.69813393280042
18.774931339333016 69.31651884823887
30.745907376286688 44.54043946744094
0.5 59.69813393280042
30.745907376286688 44.54043946744094
0.5 26.871160836030967
0.7584526497377516 
127.14829363101643 41.1958633071943
161.09470080462216 44.494435632695094
170.1736813574305 21.62672748905417
127.14829363101643 41.1958633071943
170.1736813574305 21.62672748905417
149.37216594817727 24.799460968109564
0.3 
276.9500423855833 45.53282689948064
304.43096352333936 33.96908403858059
285.7291933804931 27.886450317700064
276.9500423855833 45.53282689948064
285.7291933804931 27.886450317700064
264.6731540799875 25.797214367053886
0.34320584487777583 
218.55476758450263 42.750140706482654
219.73212517404107 20.29513875734023
213.7900212612498 1.0162667869165567
218.55476758450263 42.750140706482654
213.7900212612498 1.0162667869165567
196.87985381743408 20.830677428220707
0.5055202302912849 
327.21147802906523 19.75791592190715
349.5 34.08423688183674
349.5 10.321956635163396
327.21147802906523 19.75791592190715
349.5 10.321956635163396
328.45181176374723 0.7545983459576
0.67412476674721 
171.14694543968096 20.49991614988459
195.10678011114857 20.361859023513134
177.77272784354136 0.5
171.14694543968096 20.49991614988459
177.77272784354136 0.5
148.32901126031862 0.5
0.5911404901425122 
139.31915309025962 69.5
173.18826863964134 69.5
161.0980578657586 45.49947175096081
139.31915309025962 69.5
161.0980578657586 45.49947175096081
126.62392611319703 42.14962042904877
0.8166915652500513 
80.70811016781077 47.19069854577515
110.27353425221357 68.84805083416596
104.96835091023294 40.76581950813378
80.70811016781077 47.19069854577515
104.96835091023294 40.76581950813378
89.77702416337148 24.493381079694462
0.3696390176844787 
161.96826007202486 45.004158675441744
174.0934251395123 69.07407541793027
194.74005298038716 42.893149550417036
161.96826007202486 45.004158675441744
194.74005298038716 42.893149550417036
171.16083852597572 21.85032549452957
0.4663734418124212 
125.92293531831793 40.8572038083211
148.6516489897905 24.08833793792312
146.57325811227386 0.8416934608208422
125.92293531831793 40.8572038083211
146.57325811227386 0.8416934608208422
112.60326865477033 21.35037870729411
0.6637913540302187 
31.266420817537604 43.6863826214933
45.0475750025818 25.493645981278956
20.52561102141485 21.21951705962249
31.266420817537604 43.6863826214933
20.52561102141485 21.21951705962249
1.3006227468270382 26.18074032295644
0.43684877006235034 
55.4577501767462 69.5
80.47972443369665 69.5
79.61757326806757 47.81665044739844
55.4577501767462 69.5
79.61757326806757 47.81665044739844
53.2939653545302 45.02259050125647
0.5639959336535085 
230.0933048774757 68.58114414918474
256.0511691636708 49.60027378948594
262.9254551574345 26.108528248006813
230.0933048774757 68.58114414918474
262.9254551574345 26.108528248006813
243.21542607342448 35.11005761105928
0.5352714489164472 
219.53449683893828 43.16294984577239
242.30539743780915 34.40294859699194
240.55854399512629 1.1282816820028145
219.53449683893828 43.16294984577239
240.55854399512629 1.1282816820028145
220.72515642720947 20.454247228179923
0.4106477106092121 
53.10916838048665 43.997358280012406
79.18677809767412 46.76530730285306
69.51278725370994 29.646509505935267
53.10916838048665 43.997358280012406
69.51278725370994 29.646509505935267
46.694898454138865 25.7768242846314
0.3 
0.5 25.354588836549212
20.096921113032643 20.29738414403907
25.350025906818335 0.5
0.5 25.354588836549212
25.350025906818335 0.5
0.5000000000000036 0.5
0.6925770695365125 
195.62428243999437 42.34195253258891
217.7402585397795 43.34865582348089
195.99372530662924 21.356765024922566
195.62428243999437 42.34195253258891
195.99372530662924 21.356765024922566
172.262871114492 21.49350276042989
0.41538816352809504 
264.3161946981624 24.756885402122933
285.4848302952984 26.857293455341317
294.30541720490817 0.5
264.3161946981624 24.756885402122933
294.30541720490817 0.5
269.40597429459103 0.5
0.8351383275492986 
230.53088457307723 69.5
263.7003956319435 69.5
275.8198483546588 46.83959117411763
230.53088457307723 69.5
275.8198483546588 46.83959117411763
256.6863896632796 50.37461102978343
0.9548332260923271 
315.3891900462611 69.5
348.7795670734644 69.5
323.8628351992124 44.965698626931456
315.3891900462611 69.5
323.8628351992124 44.965698626931456
306.6395719534308 34.9397038337126
0.5165075131820217 
264.8344337621702 69.5
293.63802937352085 69.5
305.0451373558776 34.79557135948719
264.8344337621702 69.5
305.0451373558776 34.79557135948719
277.10810382056366 46.55124252055552
0.5693293600716574 
243.28452586346648 33.979148710980716
263.2749736500394 24.8495527086397
268.384197464394 0.5
243.28452586346648 33.979148710980716
268.384197464394 0.5
241.52693753558685 0.5
0.7798890995377479 
306.13684264845205 33.12536362614459
326.21050206660317 19.740268791816067
327.4663014474987 0.5
306.13684264845205 33.12536362614459
327.4663014474987 0.5
295.6852065690794 0.5
0.5937341120466394 
46.701193614900816 24.76361343772924
69.57476329720348 28.642741578617308
86.12588360842824 0.5
46.701193614900816 24.76361343772924
86.12588360842824 0.5
59.303721688609514 0.5
0.7370373838410006 
90.04724317215079 23.02630532116918
111.45368059484122 20.73963146390275
114.42134067632131 0.5
90.04724317215079 23.02630532116918
114.42134067632131 0.5
87.55828832737774 0.5
0.8496824815085432 
201.40779729519906 69.5
228.27278894812363 69.5
218.64515193687564 44.390881384964864
201.40779729519906 69.5
218.64515193687564 44.390881384964864
196.04291958976304 43.36204406018749
0.8444478148847449 
21.128313540449223 20.30949064727355
45.66638095710578 24.586426365294972
58.176878012418044 0.5
21.128313540449223 20.30949064727355
58.176878012418044 0.5
26.38463071470469 0.5
0.8672290160040972 
324.6907351625836 44.37748908797214
349.5 68.80597286494893
349.5 35.272996362314146
324.6907351625836 44.37748908797214
349.5 35.272996362314146
327.10748384565613 20.879831398487525
0.8854190304012848 
54.37245930652087 68.57927666170654
52.24987390845353 44.567927912463254
45.77842047653142 26.184957035058954
54.37245930652087 68.57927666170654
45.77842047653142 26.184957035058954
32.04796681598601 44.310763048321306
0.4642013820940181 
111.22327409215441 68.48837590853131
125.22069925128353 41.60212788431896
112.04723633355513 22.309420070972646
111.22327409215441 68.48837590853131
112.04723633355513 22.309420070972646
105.94821457999481 40.56560077900154
0.4236010248722738 
