86.76011340381567 111.51470408304895
100.15881112417793 94.16987833084887
79.16094688515483 91.83909444294216
0.3
349.5 79.79610643958672
326.852878247516 98.0751650796775
349.5 111.49744654694689
0.6542205589108285
85.80402786726106 111.8148081082364
78.24778665370889 92.25033980776553
66.48384437472049 107.19248182153892
0.3
321.70783029469595 33.216666605805955
349.5 43.409068252303214
349.5 21.259431273793286
0.9636702163906854
320.69021962993355 33.90859872917749
314.838727591046 54.48661722377296
348.43862539017636 44.08495054183922
0.34213980436539926
326.42244875331176 98.98249859099516
325.1258449062438 118.07395667967563
348.69841610152173 112.1848077837994
0.6931193554362671
86.8283407182087 113.54655904035909
79.04690142109224 139.5
108.91785621598214 139.5
0.8274039931454217
102.80367865381706 46.207770684044476
102.8778470676884 26.98192426719617
80.44498361752753 48.340739761480975
0.4293
227.04337081820842 139.5
260.41974342907196 139.5
253.66078580956776 120.23139440103367
0.9161528171502403
89.75931891909316 0.5
60.88920097131319 0.5
67.17364497401563 25.831544771093256
0.9756461087779054
34.17693312891359 85.07059495165697
64.41104725952277 106.05764332885664
48.558598713689534 70.86319502534059
0.3
46.560957938268515 30.124227923414033
27.28742533821473 57.43056158528924
58.04669676224525 52.128595809684995
0.3926
0.5 139.5
11.199477038892937 139.5
0.5 123.17502472416336
1.0
0.5 61.66513338633115
25.183553940691446 57.779479831731436
0.5 30.90841500033438
0.8760746147093469
304.85408892602544 104.72431588401639
287.5571271942529 139.5
315.6953915886861 139.5
0.688987970600117
183.54502849641523 0.5
156.75623338548007 0.5
161.8672705424694 22.232137902795106
0.9449561578371778
184.69019469392026 82.4223257137908
197.17143137278072 108.5509965683111
213.3529358472453 93.33647783632627
0.3
0.5 1.3602809744978366
0.5 29.10696874133787
23.3946231177712 28.2957001002431
0.6952526920159199
162.64641288280484 139.5
132.15775423423906 118.43973885767072
136.04123047681895 139.5
0.9986552775547908
320.21179076677134 74.5072789911263
313.98068244625017 56.41024171483804
300.9179630754811 78.02401531420288
0.3
198.16066570445062 108.993485952822
225.87569182013402 111.69732224847762
247.25437464426275 86.43771461544465
198.16066570445062 108.993485952822
247.25437464426275 86.43771461544465
214.5193814956651 93.61234582277959
0.3 
234.31482932820865 33.36837691848505
255.48018394112577 29.544040700906322
248.60454625539046 0.5
234.31482932820865 33.36837691848505
248.60454625539046 0.5
220.13524597526808 0.5
0.7865120484675463 
154.02766071300894 103.7027484039555
162.25987948415076 84.42606999149535
168.6560369568961 61.103178649071104
154.02766071300894 103.7027484039555
168.6560369568961 61.103178649071104
147.26867709883777 69.00585712615657
0.4119 
254.3319415506919 118.89388878387277
273.06388448744656 117.2317500813326
262.07627322908127 101.35685666807791
254.3319415506919 118.89388878387277
262.07627322908127 101.35685666807791
249.34639025966712 87.21968663116148
0.4466902615952397 
256.4563779512803 29.326727267788865
276.39972074433604 24.012451155038548
278.087815116933 0.5
256.4563779512803 29.326727267788865
278.087815116933 0.5
249.63218518830018 0.5
0.7972972584491389 
65.72497827070671 106.53979063977278
77.8136274389551 91.1852174581893
68.78921018453771 72.09639708227839
65.72497827070671 106.53979063977278
68.78921018453771 72.09639708227839
49.522029135338805 70.56718653003767
0.3013 
26.131850848002642 57.33360909944682
45.672393116216796 29.64898178269107
24.448737818328205 29.25897527211941
26.131850848002642 57.33360909944682
24.448737818328205 29.25897527211941
1.1026287805037498 30.08624227086134
0.5477520862693676 
207.86720540731187 32.26165336942971
222.8688687124047 51.06922659710484
233.45087561283245 33.890237303061205
207.86720540731187 32.26165336942971
233.45087561283245 33.890237303061205
219.40854232276993 1.3400070244649243
0.3983511198532462 
316.4250893267335 138.48068945111626
324.0867124056953 118.61623292839485
325.43323237983674 98.78979965810638
316.4250893267335 138.48068945111626
325.43323237983674 98.78979965810638
305.59584027495947 103.7436697445396
0.3559056702615558 
263.02049004986475 100.9639477803811
273.91194257471466 116.6999111196265
283.2423049863397 99.46420551844918
263.02049004986475 100.9639477803811
283.2423049863397 99.46420551844918
272.83152750682245 70.31734833836569
0.3 
123.15745292013948 92.72363575893876
153.18276181150435 104.59544536145302
146.27999756718566 69.1604636876925
123.15745292013948 92.72363575893876
146.27999756718566 69.1604636876925
118.60629946863794 67.52641785350397
0.3043 
24.67929416004922 28.26304315722435
45.77178435312643 28.65063937399325
30.32899539392872 0.5
24.67929416004922 28.26304315722435
30.32899539392872 0.5
1.0812054605669559 0.5
0.6691481292970486 
321.32099042848233 32.29447466090963
349.5 20.170806288038047
349.5 0.5
321.32099042848233 32.29447466090963
349.5 0.5
335.2022792614595 0.5
0.9457318019104024 
110.93667893400936 115.92848623703662
130.72352581003457 116.8082346336369
122.36750967961413 93.59756158524279
110.93667893400936 115.92848623703662
122.36750967961413 93.59756158524279
101.84087866953588 94.24786686212478
0.3393186570609345 
317.1037488099769 139.5
349.5 139.5
349.5 113.01528294829168
317.1037488099769 139.5
349.5 113.01528294829168
324.9535130634245 119.14774576885713
0.5592733681275828 
33.65817403420167 84.17739661889695
48.31959023308027 69.69363587534698
57.8414766167817 53.17871645803097
33.65817403420167 84.17739661889695
57.8414766167817 53.17871645803097
26.807233151809555 58.52807907636998
0.3424 
268.85997577570583 45.965752640951216
293.54533180773626 36.07006499608863
276.784040003207 24.944936093829565
268.85997577570583 45.965752640951216
276.784040003207 24.944936093829565
256.93652135970956 30.233678072492808
0.3 
170.10487195713588 59.876457156475276
202.40007279981074 63.65643576637575
206.72453730288174 32.85297533780369
170.10487195713588 59.876457156475276
206.72453730288174 32.85297533780369
181.01251112308813 32.892816460748094
0.3 
103.67584088268224 25.270207961276927
129.38675256724997 22.028187127575148
118.19638620007211 0.5
103.67584088268224 25.270207961276927
118.19638620007211 0.5
91.67289590750087 0.5
0.7027585977382924 
194.4907146809616 138.32729270335355
196.50730972691684 109.48071642907999
183.7169892944308 82.70499850120018
194.4907146809616 138.32729270335355
183.7169892944308 82.70499850120018
174.48162438182493 103.49662997740214
0.4511516300591205 
203.37733499102617 63.888250714346064
223.78614725803814 71.87864443788015
222.43335842807275 52.12689901496884
203.37733499102617 63.888250714346064
222.43335842807275 52.12689901496884
207.6333763147583 33.5721733353205
0.3081 
131.86281928248366 117.0206316460568
163.3605400399776 138.7779097273014
153.43904409331296 105.7721083166719
131.86281928248366 117.0206316460568
153.43904409331296 105.7721083166719
123.56017055068436 93.95819828766628
0.45743311416623056 
284.6874556047011 99.16257580343327
304.944654200933 102.87557697621952
324.8339615641529 97.90874241119084
284.6874556047011 99.16257580343327
324.8339615641529 97.90874241119084
300.01069045572285 79.40882662885734
0.3432 
0.5 90.28178641175019
32.77284137739822 84.73795058794465
25.8160216690573 58.69223207299495
0.5 90.28178641175019
25.8160216690573 58.69223207299495
0.5000000000000036 62.677447890095415
0.8306739479654168 
277.3925212770022 24.148579945466423
294.3932619444944 35.432640480026194
309.48923719491927 0.5
277.3925212770022 24.148579945466423
309.48923719491927 0.5
279.09038911998533 0.5
0.5868577477205752 
109.53330706151108 138.68023883603263
110.09556076816594 116.50846505240827
100.96963323568826 94.75603475251862
109.53330706151108 138.68023883603263
100.96963323568826 94.75603475251862
87.25696861046853 112.50729562030719
0.42342161211392876 
244.24578967427678 55.932182949181566
272.1433764571556 67.92928992546581
268.22189550313954 46.77941421921171
244.24578967427678 55.932182949181566
268.22189550313954 46.77941421921171
256.1859448751313 30.898909612419338
0.3 
0.5 121.35074847171293
12.073122823638828 139.00870906860519
22.758281417343277 118.26183749576978
0.5 121.35074847171293
22.758281417343277 118.26183749576978
0.5 92.22918451422206
0.7082460487090244 
23.480732736046374 117.5679985479126
42.22742897703247 108.02899933638392
33.08648215698371 85.69872026102475
23.480732736046374 117.5679985479126
33.08648215698371 85.69872026102475
0.951817581389605 91.2188200432806
0.37144395651007783 
130.4689853233463 21.942008851956157
160.95135513009302 22.705674815913245
155.72894997199035 0.5
130.4689853233463 21.942008851956157
155.72894997199035 0.5
119.32341448267297 0.5
0.6219588374935567 
103.80425423133687 46.06049904179802
142.11884382816342 38.93387714228061
129.9384625677082 22.96653782046468
103.80425423133687 46.06049904179802
129.9384625677082 22.96653782046468
103.88066921801081 26.252298743937544
0.4162006459902813 
321.2461395002954 74.43970068303105
349.5 78.17945770167964
349.5 44.80319817296257
321.2461395002954 74.43970068303105
349.5 44.80319817296257
314.74625838442597 55.56206530989196
0.6278449886681504 
274.5363145665778 117.64710054918648
286.71914952456405 138.9392892590735
304.2173893598082 103.75893385721109
274.5363145665778 117.64710054918648
304.2173893598082 103.75893385721109
284.0550988843759 100.06332867144457
0.6603749232334768 
223.7217869346647 51.59127885406839
243.2879651976116 55.61748423309295
255.2168629482863 30.607812836396523
223.7217869346647 51.59127885406839
255.2168629482863 30.607812836396523
234.3216250693131 34.38334206597583
0.3 
110.51284023683556 139.5
135.0243712283862 139.5
131.02711787820445 117.82272063779813
110.51284023683556 139.5
131.02711787820445 117.82272063779813
111.08503861714941 116.93607041178129
0.6946792377656038 
143.36930148028804 38.92433003473996
168.6198306075885 59.0395766499569
161.17859362651217 23.711681525920955
143.36930148028804 38.92433003473996
161.17859362651217 23.711681525920955
131.1915396695216 22.96042456619371
0.4103 
325.96642035190024 97.5055595707868
348.7792231180683 79.09277563890049
320.88635432804506 75.40080045452439
325.96642035190024 97.5055595707868
320.88635432804506 75.40080045452439
301.13646722817265 79.00066391615037
0.4221739197831407 
226.0211634977604 139.00546352856395
253.36907788349143 119.20804231301724
248.2664225872702 86.78985504873744
226.0211634977604 139.00546352856395
248.2664225872702 86.78985504873744
226.58415247460184 112.40816091654814
0.3 
59.08128079315357 51.94956646788144
78.27796341292023 48.603350633854305
66.63951227184656 27.405843975882252
59.08128079315357 51.94956646788144
66.63951227184656 27.405843975882252
47.40559719981755 29.581302566986714
0.3 
181.24205810206672 31.892459574188464
206.95248918648966 31.85262092286533
218.65468502744142 0.5
181.24205810206672 31.892459574188464
218.65468502744142 0.5
185.19104347281396 0.5
0.6534513544800689 
169.54680646239294 58.58871459499866
180.18714701138924 32.26632513142797
184.07142289912645 1.3882735984813586
169.54680646239294 58.58871459499866
184.07142289912645 1.3882735984813586
162.13137953671847 23.3833548683304
0.5678714203933657 
195.4111740814714 139.5
225.01047157332857 139.5
225.57832134376073 112.67305879222829
195.4111740814714 139.5
225.57832134376073 112.67305879222829
197.478226198277 109.93165574073558
0.8747681135694492 
46.90207792043765 28.631877206294906
66.29392268885923 26.43855592246662
59.85888670196104 0.5
46.90207792043765 28.631877206294906
59.85888670196104 0.5
31.469581452019032 0.5
0.778622679667349 
154.63770811744396 104.82045710759343
173.58360040965312 103.05494879031716
182.87503137926356 82.13709546943507
154.63770811744396 104.82045710759343
182.87503137926356 82.13709546943507
163.08288751464295 85.04510711980889
0.3 
289.1969736693767 55.429139810494576
313.72493064067106 54.74739367081869
319.67156414553915 33.8347899399213
289.1969736693767 55.429139810494576
319.67156414553915 33.8347899399213
294.99634536467994 36.639809572486016
0.4391 
12.94492936463282 139.5
44.21941264515149 139.5
42.410793396869224 109.05771039686019
12.94492936463282 139.5
42.410793396869224 109.05771039686019
23.727179017690993 118.56461126837675
0.5355481517780553 
261.47948092269604 139.5
285.88785250172197 139.5
273.68921440111677 118.18019181599132
261.47948092269604 139.5
273.68921440111677 118.18019181599132
254.59531517417327 119.87444793211651
0.6494355700791488 
164.62180212624335 139.5
194.01113518091887 139.5
173.64813283305807 104.05326772668434
164.62180212624335 139.5
173.64813283305807 104.05326772668434
154.50286015457326 105.83735567720468
0.5848569110922627 
67.52476332326258 26.94038068338122
79.17853074693784 48.165783407460964
102.7732462415841 25.700743399976833
67.52476332326258 26.94038068338122
102.7732462415841 25.700743399976833
90.75090343657034 0.8905045729465861
0.6443924353726844 
295.41654059126535 35.58560223000614
320.0137330116228 32.789452446783336
334.1111263622842 0.5
295.41654059126535 35.58560223000614
334.1111263622842 0.5
310.57861753799 0.5
0.6414479213743421 
45.66495476250433 139.5
78.00292160850977 139.5
85.98249343589 112.88572744737978
45.66495476250433 139.5
85.98249343589 112.88572744737978
65.83676384843284 108.06589043740749
0.8042122386685034 
45.15809671819946 138.43826398890494
64.92651457227063 107.63276657134989
34.500010994051124 86.51217081694521
45.15809671819946 138.43826398890494
34.500010994051124 86.51217081694521
43.35881957640553 108.15321870984893
0.3 
