81.12101819742598 97.95424788855682
59.23079227348583 82.93919230154731
61.99876679423052 105.63821459538227
0.3
179.83786836430323 0.5
207.75759237445124 33.038151925563604
213.77407164829128 0.5
0.6407703433888314
327.1396418561536 32.50760852377573
349.5 49.130275246383114
349.5 22.278566291614055
0.7120688704010969
349.5 113.47565521866565
319.7074243001014 139.5
349.5 139.5
0.7854975372761834
113.1416167156433 42.279668778055154
133.67805991534763 25.645485886601392
98.35243544142779 22.900942580853684
0.3
228.71686455339707 39.158185010765806
209.09716065267236 34.89462331802392
222.6848148774085 57.07332390063945
0.347
89.51405812523089 0.5
65.88306249455309 0.5
96.34003928329548 21.07937368533594
0.9582901879618861
325.670395450159 33.67042451468035
306.32479728402126 54.51751397809817
325.8151229135402 58.28211850205713
0.3
139.78672862159618 139.5
167.4809740489676 139.5
158.63896119949945 119.58283787628146
0.7312202705448675
0.5000000000000018 139.5
11.941533877187045 139.5
0.5000000000000018 127.73156515489333
0.9282604723058069
137.2344392467909 139.5
112.67792108342664 119.2183834924694
103.76585060428825 139.5
0.98021702494621
253.5421215953487 96.6880131121887
245.2090692316786 114.76708793799497
264.10723093782696 111.91124852525503
0.34185963982456213
26.344068825267772 0.5
34.37422427587593 22.121489466482657
62.76807662208999 0.5
0.6789465038108381
22.464090924363227 93.96975206075214
57.44352402117643 81.77432103162624
35.86154451087407 68.46130757786963
0.3
82.78524552431712 98.56895090012036
86.89038442170575 118.79655205999816
107.71117352489233 98.52367751439563
0.3
221.62804542563657 113.33038359668586
243.57703485616295 114.84438904012154
231.08846468800368 86.37400541815552
0.3201
204.35539300455125 87.18112836620988
220.8051972861998 112.655227369132
230.31520760285687 85.55754517683249
0.3355
25.738066704106814 44.08104775035433
59.505309110142285 47.49332375856697
34.32097872298294 23.784716289629262
0.3
134.17243250709504 105.58698370280248
158.50292849663361 117.98601075354435
165.46557728145856 97.3612135912882
0.3
0.5 92.44924797711703
0.5 125.79600778689584
19.400666143793913 119.20204452371544
0.9149809561157578
326.01038302805546 31.35574424899444
337.16262802138294 0.5
303.24037889179357 0.5
0.8640875410786111
135.042647640501 24.199864963472976
150.21134177228157 0.5
124.27631325190949 0.5
0.8804009645466216
179.3997495550355 32.84789243548413
157.4403792548474 36.32802669928272
169.41986835929254 56.576856938964795
0.3476
349.5 75.88967258144487
330.62766120209614 93.25809986207705
349.5 111.20933679735242
0.6813832943006867
230.57149578831354 37.592191798415044
256.7465465949035 23.849966174158507
277.5112509328959 0.5
230.57149578831354 37.592191798415044
277.5112509328959 0.5
250.30038297952748 0.5
0.5701884394326417 
0.5 56.434233235886964
24.62417077121774 44.14763335735353
33.337373495625734 23.54319861654001
0.5 56.434233235886964
33.337373495625734 23.54319861654001
0.5 28.06092045980428
0.547934584284767 
0.5 90.71619401540673
19.7654559530501 117.9853293764711
20.925549863498368 94.97968382778248
0.5 90.71619401540673
20.925549863498368 94.97968382778248
0.5 59.137251927687835
0.663455325982776 
170.05982754718264 57.63465000201144
183.42105161214283 77.93686963050138
193.776648723156 53.50500467486333
170.05982754718264 57.63465000201144
193.776648723156 53.50500467486333
180.30879871324757 33.26587564220337
0.3079 
35.44049247496879 22.56646686073787
57.3687771431938 24.95149520676307
95.8120466088744 21.929493232481068
35.44049247496879 22.56646686073787
95.8120466088744 21.929493232481068
64.26741175096836 0.6152034718417418
0.629764328008087 
36.059439364765495 67.40842797454428
58.15835734122968 81.04031897850388
60.388471997351914 48.58766275377203
36.059439364765495 67.40842797454428
60.388471997351914 48.58766275377203
25.83191601841623 45.095624361193565
0.4038 
114.20248057084925 42.70727160555334
139.29201432482546 47.62487662594351
155.66211016271657 36.02618418282711
114.20248057084925 42.70727160555334
155.66211016271657 36.02618418282711
135.03364132937833 25.834372314811688
0.3 
159.47572456586332 118.23083437814005
179.25762099248692 119.30931231929239
186.01530624541306 99.83062469859443
159.47572456586332 118.23083437814005
186.01530624541306 99.83062469859443
166.57793739546852 97.19261982205965
0.4537181672397491 
254.25740682130285 53.8048038645109
270.2506356110861 42.31194151222451
256.9187606947462 24.888993093158092
254.25740682130285 53.8048038645109
256.9187606947462 24.888993093158092
230.37144996048153 38.82665978665171
0.3 
20.702505837499622 119.25888076095887
40.19932638985172 138.74281711565632
38.99589344459521 108.64901426014647
20.702505837499622 119.25888076095887
38.99589344459521 108.64901426014647
21.884309432322677 95.82271376982303
0.4992362102138465 
197.04477299465154 139.5
228.2275138842458 139.5
243.48763438742944 115.84059852621454
197.04477299465154 139.5
243.48763438742944 115.84059852621454
221.13836499942195 114.2989824250562
0.9013334693818074 
61.03117637732679 47.55637550493114
81.68797922605488 39.3137179489208
57.208598578433254 25.93997091104098
61.03117637732679 47.55637550493114
57.208598578433254 25.93997091104098
35.569166382386555 23.586359583920277
0.3 
187.15779452765577 99.1846680687479
200.27251481070306 112.83165128776427
202.9357889711197 87.06349200452136
187.15779452765577 99.1846680687479
202.9357889711197 87.06349200452136
184.143914461685 79.7716316385619
0.3 
280.25434966084765 96.56322766979022
291.8702202406537 112.92527174312377
307.2821302279749 84.44523816928543
280.25434966084765 96.56322766979022
307.2821302279749 84.44523816928543
281.4639939136109 62.69325570949684
0.3 
168.57508655873625 139.5
194.82937747825568 139.5
179.35707320891532 120.31621932498757
168.57508655873625 139.5
179.35707320891532 120.31621932498757
159.57998823308853 119.23800369658004
0.6238690519012552 
77.36833091057999 138.8088445090258
86.06034025634453 119.73443975511859
81.80319441180303 98.75784179454917
77.36833091057999 138.8088445090258
81.80319441180303 98.75784179454917
62.25867913362329 106.61148839358289
0.349846148851481 
307.8260840562276 83.59592288318376
325.4539694801023 59.230843949821285
305.3666869462709 55.35093572569327
307.8260840562276 83.59592288318376
305.3666869462709 55.35093572569327
282.0461260519724 61.87610594927663
0.3 
327.03802959944966 31.454423069873588
349.5 21.178896963954454
349.5 0.5
327.03802959944966 31.454423069873588
349.5 0.5
338.2259402496226 0.5
0.9878569813343159 
257.7074995434886 24.27419966002765
271.0184038670947 41.66974236475811
290.91267337987847 22.611647921792844
257.7074995434886 24.27419966002765
290.91267337987847 22.611647921792844
278.5352144783875 0.8533778992722887
0.4912233865400844 
308.69437941728717 84.10177761206941
329.79041714227174 92.66959122938866
349.1941943771132 74.8120751323186
308.69437941728717 84.10177761206941
349.1941943771132 74.8120751323186
326.4411218310993 59.57241578986505
0.34142917554163243 
21.414382953064734 93.81776073424732
35.11113079642922 67.73946684784205
24.77623427724698 45.19241331516757
21.414382953064734 93.81776073424732
24.77623427724698 45.19241331516757
0.6938649651153455 57.457723433858035
0.5481377875436271 
13.33624390059073 139.5
39.54232874851287 139.5
20.060432840205436 120.0309784266076
13.33624390059073 139.5
20.060432840205436 120.0309784266076
0.9051783222453551 126.71376111941619
0.881289676139413 
208.63890661479178 33.771700548848976
229.1053124042733 38.2192591946714
249.16772914233272 0.5
208.63890661479178 33.771700548848976
249.16772914233272 0.5
214.79102297393547 0.5
0.5119770013739979 
244.37805570260912 114.18109063847771
252.9289643199665 95.62936313514199
248.11785859313338 74.44264713124444
244.37805570260912 114.18109063847771
248.11785859313338 74.44264713124444
231.6647157871722 85.19829600024316
0.3808 
83.01520159076624 38.89930969891807
111.94145438308179 42.355381353076794
97.04468654336705 22.835681118391474
83.01520159076624 38.89930969891807
97.04468654336705 22.835681118391474
59.075518901459105 25.820414237361078
0.4014493585299244 
39.631721629670736 107.87586988326237
61.02260598978666 105.89445628546517
58.179201594459606 82.57686456769429
39.631721629670736 107.87586988326237
58.179201594459606 82.57686456769429
22.48342039264724 95.02204732616305
0.3 
257.786310140706 139.5
293.21391378563055 139.5
291.4593927748219 114.34316549503875
257.786310140706 139.5
291.4593927748219 114.34316549503875
265.3473148707931 112.80838796550712
0.5409261792529244 
110.19435982911664 97.88692370022864
132.78829143354955 104.9168502919022
164.55643998392787 96.56621986699429
110.19435982911664 97.88692370022864
164.55643998392787 96.56621986699429
132.77466888719186 85.0798911236846
0.3 
135.69009733117534 25.043311917893174
156.44831030936768 35.29922587346598
177.85538922943863 0.5
135.69009733117534 25.043311917893174
177.85538922943863 0.5
151.39862529271397 0.5
0.5287792618320046 
292.75196177775615 113.39702844127414
314.1312450064945 114.10981361752543
329.116020194506 93.47502186201841
292.75196177775615 113.39702844127414
329.116020194506 93.47502186201841
308.14228771860127 84.9568805382453
0.40900000000000003 
194.6384829215148 52.99506228675387
221.81713412235007 57.571272194651456
207.76733429178378 34.638225876727326
194.6384829215148 52.99506228675387
207.76733429178378 34.638225876727326
181.188639324054 32.78299281480141
0.3 
294.2163429002628 139.5
317.7901425287679 139.5
313.95019381153827 115.10433299500166
294.2163429002628 139.5
313.95019381153827 115.10433299500166
292.46494984873885 114.38801508850419
0.7172661504473526 
271.8887026448691 42.2208352252004
305.2042304196163 54.25493285978209
325.239184753787 32.66498346596946
271.8887026448691 42.2208352252004
325.239184753787 32.66498346596946
291.67979948064965 23.26157701349249
0.3 
180.1697943149819 119.73100471336312
195.5800951119564 138.83790860297566
200.12096157000548 114.11714419426606
180.1697943149819 119.73100471336312
200.12096157000548 114.11714419426606
186.89284168850537 100.35215903668532
0.6120333029319117 
291.87287754630796 22.27716299228412
324.8964973554145 31.53044689691114
301.99757135670853 0.5
291.87287754630796 22.27716299228412
301.99757135670853 0.5
279.4846711471283 0.5
0.7371878041650254 
157.63090714338514 35.28535155094871
180.18702025845943 31.7106451255457
206.90083080431032 33.57530945894735
157.63090714338514 35.28535155094871
206.90083080431032 33.57530945894735
178.8168046812357 0.8456768758331279
0.42649473386817016 
265.2478197384801 111.80081413471234
290.9166464142065 113.30953889174397
279.4832926540343 97.20458689140276
265.2478197384801 111.80081413471234
279.4832926540343 97.20458689140276
254.4367864459367 96.22322761516925
0.3 
229.4174779394101 139.5
256.74696254886834 139.5
264.283143855371 112.89601880497082
229.4174779394101 139.5
264.283143855371 112.89601880497082
244.66462213523556 115.86071708722912
0.722725370851071 
41.23040493111117 139.5
76.5880396225256 139.5
61.27775063802773 106.87510341462625
41.23040493111117 139.5
61.27775063802773 106.87510341462625
40.00455467223662 108.84561566861305
0.47848956651735347 
97.64693985942151 21.84311718356342
134.1624629424306 24.680106930406748
123.17796504905064 0.5
97.64693985942151 21.84311718356342
123.17796504905064 0.5
90.56763229754074 0.5
0.5710112993894455 
87.88498849721906 119.22385129995662
112.32798889913262 117.91935707568774
131.60150249938664 105.59487684987728
87.88498849721906 119.22385129995662
131.60150249938664 105.59487684987728
109.07931218973238 98.58727200568511
0.5510429851671789 
318.7281066828705 139.02765870657393
349.25798487454114 112.35926708460077
329.96494064812936 94.0078580822607
318.7281066828705 139.02765870657393
329.96494064812936 94.0078580822607
314.90592691974854 114.74488005487362
0.3824622810283363 
138.58310329502888 139.31691074292826
157.96878196917552 118.83616908881508
132.80480524139776 106.0123931869136
138.58310329502888 139.31691074292826
132.80480524139776 106.0123931869136
113.33383256899135 118.46313894378513
0.5435104212273681 
0.5 27.051500880201306
33.454616019235836 22.517648967644387
25.27732813436613 0.5
0.5 27.051500880201306
25.27732813436613 0.5
0.5 0.5
0.6868938401008267 
78.15231118925686 139.5
102.67356557715023 139.5
111.70172108276768 118.95420335668314
78.15231118925686 139.5
111.70172108276768 118.95420335668314
86.91194051533034 120.27720483110865
0.914839686720313 
326.8171310816469 58.62067824214683
349.5 73.8133162705343
349.5 50.37632580554671
326.8171310816469 58.62067824214683
349.5 50.37632580554671
326.66884409854583 33.403668525179896
0.9272605813224613 
201.1543554384093 114.02642711338581
196.66877737483145 138.4461980031524
220.3048231824834 113.72375704528787
201.1543554384093 114.02642711338581
220.3048231824834 113.72375704528787
203.82355537545035 88.2009337568422
0.57177133527858 
