58.69200353822985 209.5
44.48756958115221 174.23454951921636
29.90988199485087 209.5
0.5855896394229738
307.8597562174245 0.5
328.3524741850783 22.277894762314826
331.39818040275617 0.5
0.6892293231263227
59.25196924662697 208.21369674821585
65.34129860220662 175.03988962406785
45.258666964696346 173.47242439781886
0.4206143626435899
0.5 149.1684399695274
22.877820895500033 127.42686524065839
0.5 119.78031646795498
0.933144136460714
21.327966431058126 149.241990835563
23.192199255331648 128.51567934512136
1.2696951490486903 149.8148828509701
0.6561295654611538
0.5000000000000036 90.20128010687381
21.610950405053746 85.99219127656906
0.5000000000000036 61.871031565659706
0.6789932113924733
177.30539001066904 0.5
183.3601614737447 19.531368592020513
208.40738401964364 0.5
0.9357473671998535
0.7998694412849439 32.370519092489616
19.703342779266045 51.59212764618485
20.82987739402752 20.2443944447288
0.8475636456101535
27.961332309055972 209.5
0.5846711368756077 181.92036100429596
2.360728970254314 209.5
0.7261882928878283
29.430532898518848 208.04193503791527
43.77935603328105 173.3301394447662
24.993452085179413 171.10654061262622
0.4818758221093404
22.46893822209257 151.14068329459863
24.86816358963331 170.08473000016448
43.14401775960036 172.24795664610963
0.4571062887762411
21.347115060298744 150.24185171740316
1.3436271851922896 150.81317904281525
23.76656212438964 169.34556694310663
0.6422621116437094
49.00575661188522 118.53253450753914
33.200465794040994 105.81385496633915
24.686531335840662 126.40824381259337
0.3254
243.98516303821881 178.27374617998484
240.61099231653876 209.5
270.2504048979255 209.5
0.7973410441427492
208.9042944138489 1.3783540629455189
183.80445342636077 20.4497031739552
196.92287707740874 37.24558184365261
0.6556454351389048
91.55275190613152 31.26436721845659
66.67043178325493 24.269102202946673
86.32099795377269 49.31408303757489
0.3
91.59623478437922 30.23782501145305
88.42622563887385 1.0883890195717107
66.29166062299738 23.12385004893551
0.7472709708574267
349.5 209.5
349.5 196.96761737437302
335.19439304710244 209.5
0.7928686955312358
278.8913120154971 148.72712864633743
268.59609418121096 173.45064761234406
295.2865640648702 175.49374350299428
0.3241
323.7872808330949 188.67578800193982
348.6498103707716 169.02445935853427
323.36770249366464 167.69830827895393
0.622991383553793
306.50441804361407 1.8471485992465482
294.3159759728929 32.41289230112565
312.475831083386 37.58404076306646
0.3568279881182953
269.0062585418994 174.48497027967645
280.977296967913 188.92421632397648
295.01005940286086 176.475503189434
0.3
0.5 209.5
1.3586576011333922 209.5
0.5 196.166275041773
0.8692524457061901
60.9104201219196 209.5
94.21084351099537 209.5
94.63380971705384 183.73412448482333
0.9089437463201664
302.0644421862761 152.83170615206882
322.41894437820935 166.28202805451022
323.990465537671 144.16451181890696
0.3
324.2206916248872 55.62414188098951
313.14830652301646 39.24666894030086
304.3684952425209 55.588015591968336
0.3
141.13547881391673 25.27985960799594
116.00243941623117 28.103028758278686
137.3919241696749 43.59323225647344
0.47321342412322803
38.547171662229076 74.0764537640639
20.764275455266993 54.194996947563126
22.991190662132272 85.37965592313157
0.3118240158597975
323.1608413322088 190.49417265471027
301.90396621270037 209.5
333.0413999069415 209.5
0.6845298046765018
272.11282749127406 209.5
299.41616441895707 209.5
281.06587895905545 190.50942874195871
0.9499387767282763
240.2379944501106 0.5
263.0974346077619 27.602169378614622
275.6498326823966 0.5
0.6685987901527527
118.20072039953922 187.6457215925736
139.66579415359416 175.1956390234863
133.5563364424691 144.65338778585422
118.20072039953922 187.6457215925736
133.5563364424691 144.65338778585422
114.790430537395 156.1846127912032
0.3 
60.15805176399581 208.81636477962616
94.48086000281245 182.59251198695702
81.27752633287338 162.0468763642815
60.15805176399581 208.81636477962616
81.27752633287338 162.0468763642815
66.39313494208747 174.84851139631326
0.3831299885384531 
323.39189493941836 166.69820249965315
349.5 168.06768054634875
349.5 130.17238234810424
323.39189493941836 166.69820249965315
349.5 130.17238234810424
325.025026440927 143.7135851548475
0.8571049359661351 
215.69924935399476 162.54484387837292
243.1597881452843 176.26964624389473
244.65875471945685 151.09203932284146
215.69924935399476 162.54484387837292
244.65875471945685 151.09203932284146
213.87973088098394 138.9421076027529
0.3101 
321.0071043562731 98.76705380645943
325.0976892123418 79.61500950646128
324.68346919017614 57.21387395557434
321.0071043562731 98.76705380645943
324.68346919017614 57.21387395557434
301.90279417743756 77.24995131651073
0.3 
250.0400987896985 45.8419018891437
262.58673151915286 28.54769493197195
239.96394040160558 1.726096832616637
250.0400987896985 45.8419018891437
239.96394040160558 1.726096832616637
243.58849429811184 22.966350716083696
0.48910333373312875 
271.20476095958975 209.08109144739853
280.33451591519986 189.7157094123576
267.659942563874 174.42787250017858
271.20476095958975 209.08109144739853
267.659942563874 174.42787250017858
244.58496755156324 177.43331793610272
0.5813820962287723 
95.97159501996028 209.5
122.66377672971112 209.5
139.03323959755346 176.71856630291626
95.97159501996028 209.5
139.03323959755346 176.71856630291626
118.08624656873383 188.86815385015842
0.7215431436771864 
301.1763111108023 76.55715874389831
323.8405926685894 56.62345184680506
303.6037061958082 56.586625513057236
301.1763111108023 76.55715874389831
303.6037061958082 56.586625513057236
283.1799387820767 62.51287994681217
0.4424 
329.3212176939987 22.570977848945173
349.5 13.913683713205735
349.5 0.5000000000000018
329.3212176939987 22.570977848945173
349.5 0.5000000000000018
332.40791249156405 0.5
0.788689313059906 
95.22194791680818 208.83175910129583
117.26243541184797 188.26910424497788
113.90369264843011 157.2835353381563
95.22194791680818 208.83175910129583
113.90369264843011 157.2835353381563
95.64806870563254 182.8737155460159
0.568697040520246 
42.20398891912856 33.80442505641571
65.0402166735339 22.958639701410036
87.59986359794215 0.5
42.20398891912856 33.80442505641571
87.59986359794215 0.5
61.82628137379034 0.5
0.6397550102259335 
81.9079756876643 161.1782043130239
95.17229362384062 181.81873722029044
113.58131372896692 156.0135309224168
81.9079756876643 161.1782043130239
113.58131372896692 156.0135309224168
85.78756794571537 133.12235922849473
0.43410000000000004 
0.5 180.41559617193636
28.49223003238491 208.61536801856266
23.9486438469584 170.7933956624363
0.5 180.41559617193636
23.9486438469584 170.7933956624363
0.5000000000000036 151.41326702691305
0.7121096042178037 
44.405137451590896 172.1063674669113
63.13503596235957 141.975753185343
42.97859806357326 140.4835878601358
44.405137451590896 172.1063674669113
42.97859806357326 140.4835878601358
22.63932958045236 149.88556509373848
0.3 
138.29704534824654 44.15853924779448
159.3124277751503 53.455084529591794
166.10647766849326 33.559236405371145
138.29704534824654 44.15853924779448
166.10647766849326 33.559236405371145
142.13911478543517 25.36323477620396
0.3631 
213.1977676108006 209.5
239.60517125558104 209.5
243.04365452154425 177.6785659128179
213.1977676108006 209.5
243.04365452154425 177.6785659128179
208.45886987895375 184.54595989761137
0.5652313882701571 
300.61991215387724 209.30665165917736
322.42687281776176 189.80899139758304
296.3021961076394 176.6660046889473
300.61991215387724 209.30665165917736
296.3021961076394 176.6660046889473
281.64448234810567 189.66912325854847
0.44362913037994345 
33.54439019675397 104.80704187100447
49.845238402922284 117.92450152254902
62.42505728097775 89.33116948050584
33.54439019675397 104.80704187100447
62.42505728097775 89.33116948050584
39.634090219061505 74.96433046063356
0.3963 
1.6742994660925383 90.9868313490307
32.626561464156424 104.30337038328608
38.541594962215505 75.31661618872292
1.6742994660925383 90.9868313490307
38.541594962215505 75.31661618872292
22.76185100062939 86.78240777171762
0.43103407021556855 
22.36166228104435 148.9122465371055
42.48115817533957 139.61186080756423
49.24946143882398 119.50474267147007
22.36166228104435 148.9122465371055
49.24946143882398 119.50474267147007
24.279386182657895 127.59122782100346
0.3 
152.98742148466704 209.5
180.09387037355137 209.5
186.0640199393567 175.59795090741173
152.98742148466704 209.5
186.0640199393567 175.59795090741173
162.00595801949714 187.4086072096463
0.763020847055668 
20.668213684290247 52.58761675841873
38.841205297678236 72.90520416281194
40.435055012578445 35.188310606710836
20.668213684290247 52.58761675841873
40.435055012578445 35.188310606710836
21.826837940060393 20.34693495894441
0.3 
92.61458233286814 30.352322364162298
114.28842925457671 27.298183942005068
123.3833764451728 0.5
92.61458233286814 30.352322364162298
123.3833764451728 0.5
89.36813410192036 0.5
0.5634008590741034 
141.09294063539585 175.34963426813997
161.6262855267978 186.48099295244052
185.66605195737094 174.67931832697457
141.09294063539585 175.34963426813997
185.66605195737094 174.67931832697457
159.17642156971488 159.35831708210506
0.3392 
313.57451062967266 38.091632814735334
324.813048744285 54.714867300489026
328.1813422904245 23.555263439732624
313.57451062967266 38.091632814735334
328.1813422904245 23.555263439732624
307.4673256733246 1.5421915424819659
0.3 
282.93587197026363 61.54245240893689
303.19202941964465 55.66483245452419
312.3647611971082 38.59216597804868
282.93587197026363 61.54245240893689
312.3647611971082 38.59216597804868
293.9467606685756 33.34750876434034
0.317 
66.30513800335018 53.62559563852904
80.42645665402303 68.87931989257426
85.97595266944919 50.49431498075315
66.30513800335018 53.62559563852904
85.97595266944919 50.49431498075315
65.85533920709774 24.850250877317855
0.4269 
197.93654238045562 37.367281995357054
222.5352774336313 26.388132783071608
238.2730633052328 0.5
197.93654238045562 37.367281995357054
238.2730633052328 0.5
210.2520269879446 0.5
0.5828959922584178 
263.95874367414604 28.12195342343579
293.3270646653933 32.19305587759176
305.96503543998983 0.5
263.95874367414604 28.12195342343579
305.96503543998983 0.5
276.75188027241296 0.5
0.7727267358873524 
301.50819923012494 151.97629131287022
324.10795503712245 143.04277553930476
328.05967485722095 123.06105416502965
301.50819923012494 151.97629131287022
328.05967485722095 123.06105416502965
302.2636259690113 124.08656552801138
0.3 
296.79038864043156 175.79219006557207
322.79102076656466 188.8727715495714
322.36240141548205 167.4432722135827
296.79038864043156 175.79219006557207
322.36240141548205 167.4432722135827
301.3297990807692 153.5448595095843
0.3 
21.953815723166862 19.169099850892998
40.80687379025838 34.205753593292364
60.66562088743852 0.5
21.953815723166862 19.169099850892998
60.66562088743852 0.5
28.62260727635058 0.5
0.7424061422632927 
250.59691513880142 46.77731948249852
281.8308086087433 61.62314471123537
292.95019559922787 33.150375786849295
250.59691513880142 46.77731948249852
292.95019559922787 33.150375786849295
263.4498075674351 29.060965903642874
0.3527 
113.50148538139575 48.26976102130975
136.48002441089974 44.16752791305261
114.53305124085023 28.273592902825047
113.50148538139575 48.26976102130975
114.53305124085023 28.273592902825047
93.35013701939725 31.258552261941
0.3 
0.5000000000000036 31.38308268421935
20.951750922013723 19.001635730707854
27.56072259533866 0.5
0.5000000000000036 31.38308268421935
27.56072259533866 0.5
0.5 0.5
0.6897546061570408 
302.86991541241616 123.06167283763091
328.49373356458216 122.04300843705155
348.84417419830163 106.31540314522684
302.86991541241616 123.06167283763091
348.84417419830163 106.31540314522684
321.48224783143985 100.39158660706511
0.5524396661075346 
160.24733108877842 53.81174869492858
189.70653257347945 63.20309851957205
196.47232365621522 38.68959420622402
160.24733108877842 53.81174869492858
196.47232365621522 38.68959420622402
167.07737469095065 33.81049578629562
0.3 
142.45260612632913 24.413583991135063
166.4102155467768 32.606250276491785
175.95142265490705 0.5
142.45260612632913 24.413583991135063
175.95142265490705 0.5
153.66909794175973 0.5
0.6289794592805704 
181.10925758871053 209.5
212.17989535929632 209.5
207.43268664369134 184.5021960027721
181.10925758871053 209.5
207.43268664369134 184.5021960027721
187.10844031972852 175.43308338081056
0.5608675681263354 
326.0887809640664 79.12400420507511
349.5 77.32081431245089
349.5 42.387801228930144
326.0887809640664 79.12400420507511
349.5 42.387801228930144
325.66875124128126 56.40867840715983
0.8019010653857908 
325.7674743950578 55.19036117972934
349.5 41.22756678296706
349.5 15.001831848858805
325.7674743950578 55.19036117972934
349.5 15.001831848858805
329.16887535473666 23.7244853516957
0.8849304450881851 
295.9877456487488 174.7239761494954
300.4892474957746 152.66243293690968
301.241535894728 124.88857204753666
295.9877456487488 174.7239761494954
301.241535894728 124.88857204753666
279.4336861585106 147.69809491540178
0.3124 
0.5000000000000036 60.35264038164722
21.95176451648054 84.86321087017316
19.675691891532008 52.990174845348506
0.5000000000000036 60.35264038164722
19.675691891532008 52.990174845348506
0.5000000000000036 33.49176644731486
0.823138626385647 
115.38945021654848 27.165596095876822
141.42921813543242 24.24057503869879
152.56456136603703 0.5
115.38945021654848 27.165596095876822
152.56456136603703 0.5
124.43939885570315 0.5
0.614852654636202 
123.78152091607423 209.5
151.90730208642753 209.5
160.98261099112943 187.26954022049193
123.78152091607423 209.5
160.98261099112943 187.26954022049193
140.44260347321264 176.13456965094286
0.7959505885969728 
334.0146196790333 209.2040789533465
349.5 195.6381595257614
349.5 169.62711943024482
334.0146196790333 209.2040789533465
349.5 169.62711943024482
323.94175555200746 189.8283407273329
0.6186091530234326 
232.76081703707126 60.75812222299302
253.46192558808303 68.90753597783237
249.3835666419864 47.25428793463901
232.76081703707126 60.75812222299302
249.3835666419864 47.25428793463901
223.7518013777651 28.05763113301263
0.4413 
325.24471492356963 142.4491893135552
349.5 129.0295329628516
349.5 107.07239088761415
325.24471492356963 142.4491893135552
349.5 107.07239088761415
329.12726406597017 122.81722684728807
0.8861070303011055 
105.19285529141915 81.9295365264966
112.80238933249673 48.98827721263612
92.43917448832488 31.79821665175912
105.19285529141915 81.9295365264966
92.43917448832488 31.79821665175912
87.06901403347517 50.32543926118661
0.3 
167.38179144632298 32.84734238252768
195.91828717095757 37.5839510891761
182.64923160450496 20.595214234515467
167.38179144632298 32.84734238252768
182.64923160450496 20.595214234515467
176.63791006384048 1.7004175170480238
0.3681486148753539 
223.5445251655919 26.6530293194192
248.95695568071298 45.685417532450764
242.6116567767782 23.186795681931255
223.5445251655919 26.6530293194192
242.6116567767782 23.186795681931255
238.8943605261457 1.4030621858996994
0.384541224715888 
213.1704801829216 50.36520521584919
231.55463467021352 60.14496274942446
222.5539922448402 27.474864420647954
213.1704801829216 50.36520521584919
222.5539922448402 27.474864420647954
198.05963251490513 38.40742781274946
0.3 
140.54611066549157 174.49828473576986
158.59356753596236 158.5388238186369
155.23949893552845 122.5914216183365
140.54611066549157 174.49828473576986
155.23949893552845 122.5914216183365
134.447728182851 144.0114005089073
0.3423 
187.99039572689236 174.73159030588465
207.93369843099617 183.6307177517147
242.08355097488095 176.8496868918998
187.99039572689236 174.73159030588465
242.08355097488095 176.8496868918998
215.2034166775662 163.41497122250615
0.3736 
39.83352824930512 73.10799369666246
65.30431973569311 53.58106315562473
64.84440698056846 24.1586898654959
39.83352824930512 73.10799369666246
64.84440698056846 24.1586898654959
41.43215523397206 35.278050727184485
0.3195 
321.8826995409395 99.45511636987774
349.5 105.4342210208171
349.5 78.32377615655665
321.8826995409395 99.45511636987774
349.5 78.32377615655665
326.0095952900925 80.13306512530036
0.8703944365948137 
244.14893624728134 176.4816632252089
267.518169849385 173.43789150138184
278.0251942883989 148.205728163454
244.14893624728134 176.4816632252089
278.0251942883989 148.205728163454
245.6530198686764 151.21810708701847
0.3 
0.49999999999999645 118.72354764899427
23.528324536492455 126.59237489290797
32.34318494365164 105.27007510991669
0.49999999999999645 118.72354764899427
32.34318494365164 105.27007510991669
0.5 91.57023581210787
0.6403311992135138 
299.82874776219444 102.35676790452521
302.13808923807886 122.37711648390976
320.63222443652717 99.85099615306744
299.82874776219444 102.35676790452521
320.63222443652717 99.85099615306744
301.60642932259776 78.42232484345324
0.3 
