0.5 94.19929864201957
28.234891012452724 88.5777170240424
0.5 58.810646609715285
0.698179349911052
29.754562644289937 88.5030369103627
49.766419259434606 93.124772325941
31.961493957252898 68.18352816978425
0.3261
328.9335449901266 124.63025374680444
320.830339089136 144.62551601202242
348.75598203019376 136.1782539137186
0.7004847579246891
0.5 209.5
4.310674945815575 209.5
0.5 184.27796447044494
0.9884666075298887
284.4110772209917 186.5768775422726
279.9314904979006 209.5
304.49187632346826 209.5
0.960049125301947
238.95889727679094 0.49999999999999645
216.3636701489097 0.49999999999999645
214.96239662189714 24.605054289324556
0.8910067550762532
327.79870169460236 124.76806075638464
300.40050708639694 134.86627474741294
319.715573439074 144.71377994055655
0.3
60.47621226220796 209.5
95.66613000948703 209.5
78.1687626131749 187.50162522880922
0.8589544659200657
239.3795086804244 1.4949017952211285
215.36268863801328 25.620367391438897
234.09437436663478 30.297667057615172
0.43550759825517715
349.5 40.365607462665
349.5 12.95049972177366
328.14695803541724 20.50474229992184
0.6600639859672672
57.86790200439621 30.803373507178645
51.71552744826025 48.39778151574125
76.37435133014586 41.88911984505723
0.306
186.5026870769793 209.5
212.1568281354255 209.5
206.08786187413094 182.90548852602157
0.7370249180430112
97.24806710115237 209.5
125.8768538884506 209.5
99.85478794684529 179.52210184603908
0.6636578703288502
128.87699808029797 181.29701247158832
100.64367645107424 178.90541718152878
126.5737032674239 208.7772845718568
0.7183408158926698
171.1904814122841 55.16234884012816
165.3496574763896 25.13210202291048
149.5061184350757 36.29531198387354
0.3
117.10093779786315 0.5
132.7504779338522 20.700139918280602
145.44653751482505 0.5
0.87409900058371
131.61376945614265 22.137398845422776
112.85686341000644 23.169660880262555
113.98866420511038 41.7771906904853
0.5327696398844954
246.26077383576316 209.5
233.60064695811872 183.02174589270257
213.78255759735057 209.5
0.9028553278050186
283.47747579327336 184.50587247731
279.3384585486487 154.30299535424842
266.949745671511 174.4228921076686
0.3
21.808382199399194 158.54999923896636
29.595696842584232 182.74191178434097
39.85400508848119 167.34875363841428
0.5319565419252528
237.3076435846733 150.24179295375498
208.4827453476703 160.46890596609987
233.3160599788559 181.09570403416507
0.3
23.486610698523496 47.563849148473196
0.5 28.34022204937398
0.5 56.80076293496165
0.8962956378676893
31.400593417154596 0.5
57.13740392779168 28.808720570213826
58.024625041204494 0.5
0.8523805673556156
307.9178295852462 0.5
326.91949570895355 19.324961789682266
331.3418999794329 0.5
0.8125217015022695
58.11738523411145 29.46312717041932
88.5018527278409 24.266972105729216
91.24967284747822 0.5
58.11738523411145 29.46312717041932
91.24967284747822 0.5
59.02511604703608 0.5
0.6351030395920615 
127.51663437088385 209.5
150.71821267229396 209.5
149.62885155788658 187.20779600379134
127.51663437088385 209.5
149.62885155788658 187.20779600379134
129.8642588790439 181.49083681650137
0.587314104394425 
0.5000000000000036 177.2167656573241
28.696710614291803 183.21270148717304
20.58215102350421 158.00417647446415
0.5000000000000036 177.2167656573241
20.58215102350421 158.00417647446415
0.5 152.99149615790827
0.8587489555118071 
308.6007029242989 91.20755831176135
328.1674181369756 122.15093831491511
327.7925488337093 88.12657587566102
308.6007029242989 91.20755831176135
327.7925488337093 88.12657587566102
313.13619999100354 57.89817849902572
0.4194046601035035 
328.7259524197427 42.33120994556655
348.80677032959704 41.086515836205855
327.0125844269365 20.81533441566404
328.7259524197427 42.33120994556655
327.0125844269365 20.81533441566404
298.99292538149496 21.758297120314886
0.5434405315594883 
0.5 26.745671602195866
26.73761404667632 25.485127999997168
29.70732102901542 0.5
0.5 26.745671602195866
29.70732102901542 0.5
0.5 0.5
0.8010350021311088 
172.98758166381432 55.6739867523003
209.4482411073724 45.08024701185391
213.70778071913904 26.6110670328182
172.98758166381432 55.6739867523003
213.70778071913904 26.6110670328182
184.41190550939575 35.16212867177539
0.331 
268.1537454951359 26.745396465706683
296.234330034349 21.048978101101724
267.27306850633124 0.5
268.1537454951359 26.745396465706683
267.27306850633124 0.5
241.38628208289708 0.5
0.6677015648206692 
173.82002730999568 184.2283792766976
205.8564398627166 181.27192675688525
206.96084174999055 160.7616383666522
173.82002730999568 184.2283792766976
206.96084174999055 160.7616383666522
178.67692969336744 159.09853366416866
0.3 
114.9259315979792 42.23001105209839
148.49679612178193 35.78317715457065
164.27810770249803 24.663812082440774
114.9259315979792 42.23001105209839
164.27810770249803 24.663812082440774
132.99958407275224 22.09039954743785
0.3 
210.45622564800883 45.15944726337213
240.12573059095064 55.92021701344321
234.07647970639584 31.32390242068844
210.45622564800883 45.15944726337213
234.07647970639584 31.32390242068844
214.75953934415057 26.500464743116126
0.3 
314.5559714155824 186.4117319571155
325.30534894062345 168.51712286169774
319.68388746974813 146.29796389648996
314.5559714155824 186.4117319571155
319.68388746974813 146.29796389648996
301.94698337069065 161.0299005076415
0.4248938814105962 
338.06687046107163 209.5
349.5 209.5
349.5 190.33202055131474
338.06687046107163 209.5
349.5 190.33202055131474
315.8470334751511 188.04368269752095
0.8687555531187623 
328.6763036064128 87.65718034467605
349.5 100.17027232800558
349.5 70.13321032883957
328.6763036064128 87.65718034467605
349.5 70.13321032883957
313.85348505541583 57.08544285329587
0.5494667249740821 
27.587271735743542 114.8785682072092
49.90880180555759 94.1839780361633
29.202653848945165 89.40189613483403
27.587271735743542 114.8785682072092
29.202653848945165 89.40189613483403
1.191460304756749 95.07948147868517
0.48911685163391233 
0.49999999999999645 151.960814577266
20.826373004486385 157.03445483359656
35.0291048029481 143.4349478458365
0.49999999999999645 151.960814577266
35.0291048029481 143.4349478458365
0.5 124.91660539439582
0.5734170831744582 
31.93979671327491 66.2905963860718
66.22584624214167 62.982222717911085
50.73551241080894 49.61175124903575
31.93979671327491 66.2905963860718
50.73551241080894 49.61175124903575
25.184379458622622 48.256036979477486
0.3 
299.55926321159666 134.1105733625768
327.93377164325625 123.65251719754303
308.0605475369968 92.22441499828278
299.55926321159666 134.1105733625768
308.0605475369968 92.22441499828278
295.9294584598195 109.64024532428964
0.3 
305.8213074021027 209.5
336.62727469588765 209.5
314.29902723881344 187.93899743500265
305.8213074021027 209.5
314.29902723881344 187.93899743500265
285.28587420991477 186.0578925726642
0.7618976250410723 
5.3220239071767566 209.5
26.703820991732115 209.5
28.90072951801465 184.27844474940312
5.3220239071767566 209.5
28.90072951801465 184.27844474940312
0.6022552406335677 178.26086921831242
0.7540177533984761 
235.04271064426206 30.67020989807876
257.8255655827799 45.11593119693518
267.3747043635992 27.382039794944678
235.04271064426206 30.67020989807876
267.3747043635992 27.382039794944678
240.48409790634926 1.0159020401387124
0.45997098430305006 
258.71820527303646 45.56743249415755
286.10205096953183 56.387892331049926
296.7389086211816 21.96698803601258
258.71820527303646 45.56743249415755
296.7389086211816 21.96698803601258
268.32224510985617 27.7315832730051
0.3719 
50.71987151099789 48.21556040206458
57.02819986996241 30.17515958009048
30.637441427898224 1.1471412845198898
50.71987151099789 48.21556040206458
30.637441427898224 1.1471412845198898
27.709793603786494 25.778411662154898
0.44020568073841154 
59.75160047568478 208.80535131819212
77.6863352175958 186.5058518990543
80.18089457539566 158.48462556207824
59.75160047568478 208.80535131819212
80.18089457539566 158.48462556207824
55.53040943405652 181.82594607604338
0.3869309367251858 
106.78406799542921 159.21130574888528
129.0565798614229 179.82609007824317
132.8901090007928 152.93130150526352
106.78406799542921 159.21130574888528
132.8901090007928 152.93130150526352
117.74240077793354 135.89415410789493
0.3 
327.8980675950691 19.532059175238153
349.5 11.889764563806358
349.5 0.5
327.8980675950691 19.532059175238153
349.5 0.5
332.36912367013224 0.5
0.912711658540833 
313.84196667093096 56.016342032549055
349.5 69.06832560615132
349.5 42.04546570732043
313.84196667093096 56.016342032549055
349.5 42.04546570732043
328.78084835962056 43.32972644378554
0.8798650805208114 
150.6122694831944 186.8440486525217
151.68201941546016 208.73493809185277
172.59598478124747 184.72279942190755
150.6122694831944 186.8440486525217
172.59598478124747 184.72279942190755
154.70605276282603 152.29723469063129
0.44273761173346404 
234.21020254861546 181.97837144897014
247.08210720734192 208.89955207319468
265.631714417396 174.69927658934267
234.21020254861546 181.97837144897014
265.631714417396 174.69927658934267
238.28287775217225 150.49764324706112
0.4385152322780456 
30.43051017732645 183.29246591212345
54.77856460275655 181.1606892300287
79.07599144537727 158.15367641277837
30.43051017732645 183.29246591212345
79.07599144537727 158.15367641277837
40.89571249949208 167.5888517768544
0.3 
78.68668577203844 186.5463382579334
96.31323758421604 208.707128730323
98.94216606203904 178.4738376234359
78.68668577203844 186.5463382579334
98.94216606203904 178.4738376234359
81.19109224394919 158.4144999155129
0.3 
280.5810340785175 152.66686667852647
301.22611119614294 160.32869524615987
319.07058820324977 145.50741061499247
280.5810340785175 152.66686667852647
319.07058820324977 145.50741061499247
299.2386041831823 135.3963624797171
0.3 
287.1051831240111 56.52874575491382
312.6734062228908 55.69677911588584
327.76378524243586 42.88150674816531
287.1051831240111 56.52874575491382
327.76378524243586 42.88150674816531
297.74179058169443 22.108651088326567
0.3 
112.53812005717377 22.185689298482465
131.81451262090727 21.12483799586006
115.83594854559678 0.5
112.53812005717377 22.185689298482465
115.83594854559678 0.5
92.93673627193087 0.5
0.6511221752088793 
28.830470577471967 87.74999601206437
31.09618674753499 66.8892473105309
24.159633629471944 48.37111962588594
28.830470577471967 87.74999601206437
24.159633629471944 48.37111962588594
0.8625309630420119 57.73280115549944
0.6215170254418523 
329.18364945761357 123.61863732468568
349.5 135.45437775258264
349.5 101.33692929366369
329.18364945761357 123.61863732468568
349.5 101.33692929366369
328.80111807038827 88.89883911784499
0.9060612546142968 
51.14507129943873 93.33487532454386
70.52551336590014 88.03480442486725
67.01145266972806 63.91106166104419
51.14507129943873 93.33487532454386
67.01145266972806 63.91106166104419
32.51631972371776 67.23961047569253
0.3 
77.95302270614131 41.669089848259794
93.62801783623432 56.52107990721559
88.54296074440434 25.27445951454638
77.95302270614131 41.669089848259794
88.54296074440434 25.27445951454638
59.014114606287706 30.324291750266653
0.3 
326.226219389561 168.07982030401084
349.5 167.1148953286937
349.5 136.99794422814202
326.226219389561 168.07982030401084
349.5 136.99794422814202
320.5760485581954 145.74718589334688
0.6195550068629813 
247.89405463089113 209.5
278.91257532667163 209.5
283.5583225181198 185.72659446947299
247.89405463089113 209.5
283.5583225181198 185.72659446947299
266.44943898943774 175.28907307389807
0.8711553618394876 
129.97328372068364 180.48137923315096
149.6836480290548 186.18265272502506
153.82281355536333 151.2528648912836
129.97328372068364 180.48137923315096
153.82281355536333 151.2528648912836
133.85746645396011 153.23122158664887
0.3 
28.896850436025634 115.02808947319477
55.48685066603662 115.00920573197742
70.05892166658968 89.19912586439999
28.896850436025634 115.02808947319477
70.05892166658968 89.19912586439999
51.19076899773355 94.35909830196985
0.3 
241.26976321640078 56.38468976988593
260.969470296344 67.93313682427998
257.55232757329634 46.126756541611776
241.26976321640078 56.38468976988593
257.55232757329634 46.126756541611776
235.27256636306277 32.00002738863044
0.30920000000000003 
213.0308803697042 208.83543683390437
233.01026850714243 182.14167708839332
207.93265744521685 161.31196397574138
213.0308803697042 208.83543683390437
207.93265744521685 161.31196397574138
206.83553226005674 181.6871138257344
0.5957153128059294 
0.5 123.78186771349772
35.05160673242738 142.31227819966725
27.188869800026517 115.82978377478608
0.5 123.78186771349772
27.188869800026517 115.82978377478608
0.5000000000000036 95.81087853148338
0.5314117328618541 
284.5556957540975 185.0084508519529
313.68033770029336 186.89678424075362
300.9635167053852 161.29788558871977
284.5556957540975 185.0084508519529
300.9635167053852 161.29788558871977
280.2530834345921 153.61180195831486
0.3 
172.97372499664993 183.33738991541261
177.78398707051642 158.44886349867414
185.18848017052443 135.55201023347547
172.97372499664993 183.33738991541261
185.18848017052443 135.55201023347547
155.07987925060138 150.90473153904114
0.41100000000000003 
94.80167652240644 57.50733850945926
122.02458833047353 65.11424590667079
113.15172882102246 43.31887935532555
94.80167652240644 57.50733850945926
113.15172882102246 43.31887935532555
89.64723793013691 25.83438319716993
0.3 
315.36402521057005 187.0085298474983
349.5 189.32971134658322
349.5 168.1157544148464
315.36402521057005 187.0085298474983
349.5 168.1157544148464
326.1309995240616 169.08462718136704
0.6543233467926696 
152.34179085718642 209.5
185.26077764291733 209.5
205.26951297211008 182.33033994828568
152.34179085718642 209.5
205.26951297211008 182.33033994828568
173.44816868880756 185.26694507956762
0.5342140269349286 
133.65456247382374 21.140908503125438
165.4473674320066 23.756633074105
181.6634435523519 0.5
133.65456247382374 21.140908503125438
181.6634435523519 0.5
146.62765103762783 0.5
0.8363203129791226 
297.6172083350176 20.804028844065485
326.0265292233484 19.847952611349427
306.49696311821697 0.5000000000000034
297.6172083350176 20.804028844065485
306.49696311821697 0.5000000000000034
269.00117270870726 0.5000000000000001
0.8131643850602772 
24.64118575849112 47.22580910237123
49.6323246994754 48.55181072187696
26.990877160111015 26.474113802460202
24.64118575849112 47.22580910237123
26.990877160111015 26.474113802460202
1.3030964035138162 27.708241556218866
0.4818313355986177 
27.70760741180107 209.5
58.848119212565194 209.5
54.57401801460048 182.18242372148987
27.70760741180107 209.5
54.57401801460048 182.18242372148987
29.898907212029957 184.34283559333468
0.7256710320437029 
89.48531860734509 24.467597826532856
112.9978168556192 41.958050489347386
111.83881540945704 22.903324558028846
89.48531860734509 24.467597826532856
111.83881540945704 22.903324558028846
92.18063006182898 1.1547937251400242
0.6711655360765226 
99.70062029017296 177.8219512128005
128.00997854481392 180.2199874323974
105.96272935765673 159.81369963767418
99.70062029017296 177.8219512128005
105.96272935765673 159.81369963767418
81.99624673150672 157.81538644044326
0.3 
21.836890907513066 157.451362876192
40.380527109012235 166.49294052704818
56.46666555258719 137.5581609804794
21.836890907513066 157.451362876192
56.46666555258719 137.5581609804794
36.13212392189985 143.76328342573953
0.3 
36.20824425792607 142.6945325052931
56.97460009522426 136.35764116775664
55.31793972849289 116.00932594167476
36.20824425792607 142.6945325052931
55.31793972849289 116.00932594167476
28.291020215624776 116.02851997512975
0.3826 
172.18817312830058 55.05413464413462
183.56943933671454 34.619584608689664
182.1840101769339 1.5018025281515683
172.18817312830058 55.05413464413462
182.1840101769339 1.5018025281515683
166.22422778232527 24.39086646318627
0.5370943486919886 
184.54777239193118 34.08074284714176
213.90805081893498 25.510882797944245
215.36198191285888 0.5
184.54777239193118 34.08074284714176
215.36198191285888 0.5
183.14297601292287 0.5
0.7834020054727536 
