0.5 26.94795754752623
21.517237224586143 20.47907495370671
0.5 2.101394802755067
0.9715625912529561
0.5000000000000018 0.5
0.5000000000000018 0.4828375893300478
-0.00843641609733281 0.5
1.0
42.58479391821786 23.090080088590227
59.259468725376024 0.5
30.460807205099005 0.5
0.8859279993672127
115.58388407348633 69.5
95.04631819778513 47.920783961674346
84.91220367053592 69.5
1.0
262.4596701676441 69.5
291.48991593586175 69.5
267.4180668820821 37.933670126047474
0.6143119294717676
0.5 69.5
15.631870694174737 69.5
0.5 65.88357807309032
0.7695541290935022
274.4257839954732 0.5
288.41011831195067 29.121821819549567
306.34659709003506 0.5
0.5923441298603602
339.10488681858493 0.5
358.1424386794602 19.043983677788926
362.85697636883083 0.5
0.9013286880157934
308.66460062313865 0.5000000000000036
332.87094286224385 20.05479761027856
337.25062789552123 0.5000000000000036
0.8441085884980103
419.5 0.5
404.6161816854237 0.5
419.5 11.745551615457634
1.0
186.61221225401616 0.5
197.6103522663438 19.71876663996849
208.51637100671107 0.5
1.0
245.38978720115662 1.6161632801760533
243.3960554207351 30.5409412669391
266.06294863214276 35.93735131197092
0.6821110295779566
402.2986749307407 0.49999999999999645
364.9349959935617 0.49999999999999645
391.33217795525627 21.437191947852646
0.9806343432296241
241.90799230916545 31.207728751863367
219.11025789334653 25.593665827594144
228.814007927408 44.85548853990309
0.3
55.6956108235908 69.5
83.32513961021672 69.5
74.18966559063614 50.75309984915525
0.8275792846368233
53.42176891429453 47.629666147404656
54.92085535410302 68.86143396285156
73.74208794923751 49.78288290299756
53.42176891429453 47.629666147404656
73.74208794923751 49.78288290299756
62.46681975494653 22.191469156855575
0.4588363509113001 
22.74379857296274 20.22321261840263
41.595972770577205 23.362298118030193
29.33136045426044 0.5101966569396444
22.74379857296274 20.22321261840263
29.33136045426044 0.5101966569396444
1.2822278060435153 1.4570028222802995
0.8311676238447173 
43.64869130628632 23.332613132569918
62.231529593439504 20.316674961818812
88.38710095543253 0.5
43.64869130628632 23.332613132569918
88.38710095543253 0.5
60.50238980979667 0.5
0.8533073852086318 
359.8020852892697 45.80842413211961
390.68107743206826 22.197128162229006
363.79431008917817 0.8716166158741636
359.8020852892697 45.80842413211961
363.79431008917817 0.8716166158741636
358.915866836558 20.06030021757117
0.5030492725296754 
358.79276778120703 45.55491824277259
357.9209161122953 20.224205778418728
338.16728929582484 0.982712127411002
358.79276778120703 45.55491824277259
338.16728929582484 0.982712127411002
333.7313629500072 20.788620828031746
0.4520796947680319 
174.62853016797933 69.5
203.1084008570739 69.5
202.1779173541391 41.01429611751965
174.62853016797933 69.5
202.1779173541391 41.01429611751965
182.00817836049788 37.52257141652864
0.5981760760752587 
130.44964131265186 29.227895968134384
151.64283218975544 23.176860215195738
150.64648597038777 0.5
130.44964131265186 29.227895968134384
150.64648597038777 0.5
125.10166981626467 0.5
0.7818030918750172 
292.5377729088663 69.22497145529347
312.2975444321249 47.96754712576391
288.26586842066723 30.700851983718202
292.5377729088663 69.22497145529347
288.26586842066723 30.700851983718202
267.9379680555985 36.966313090568335
0.45891973386791396 
117.480499661833 69.5
140.07885447420924 69.5
151.70775022967555 48.280705202474614
117.480499661833 69.5
151.70775022967555 48.280705202474614
124.88082578205174 50.44016718946308
0.8550046735282376 
124.73685841821927 49.44852141905968
151.2859713231667 47.31142216944453
129.9001583905205 30.371839983186003
124.73685841821927 49.44852141905968
129.9001583905205 30.371839983186003
109.11987873953929 31.827171237830175
0.38166582933671644 
182.17646961894297 36.53683136631479
201.98965766272684 39.96683103659661
197.14439394371104 20.917881027890036
182.17646961894297 36.53683136631479
197.14439394371104 20.917881027890036
186.077020948482 1.5781327909715657
0.3 
313.41343549808374 46.570778022300104
332.4941950824709 21.035982157386464
307.9190878035238 1.1832822185104321
313.41343549808374 46.570778022300104
307.9190878035238 1.1832822185104321
310.86905017610684 22.429907701491324
0.7004216958945269 
202.9303912216941 39.60864133724125
217.59917238378227 24.720371201477473
209.26931081892562 1.19933743935092
202.9303912216941 39.60864133724125
209.26931081892562 1.19933743935092
198.14635316205195 20.80039742675626
0.6911245674741469 
108.34877312778555 30.878725641174142
129.46448192728607 29.39990285841976
124.08448970973471 0.5
108.34877312778555 30.878725641174142
124.08448970973471 0.5
90.74267855992767 0.5
0.5887216330378898 
323.9867081570692 69.5
362.17105119716615 69.5
358.9123354426195 47.35170730577032
323.9867081570692 69.5
358.9123354426195 47.35170730577032
334.9193294818239 50.373206557311356
0.9203691814093663 
74.88462787308923 49.896445539848465
84.11666560116163 68.84150401257241
94.3372837106735 47.078090382566096
74.88462787308923 49.896445539848465
94.3372837106735 47.078090382566096
84.13122108015851 30.441588928635866
0.663980154626551 
204.85932990199956 69.5
237.80561862455366 69.5
242.1965230373392 32.35142376161542
204.85932990199956 69.5
242.1965230373392 32.35142376161542
229.03997831735418 46.06438971177478
0.588827572178876 
392.1620534519157 22.008029987104614
419.5 37.5165051637228
419.5 12.998892828986806
392.1620534519157 22.008029987104614
419.5 12.998892828986806
403.2942262442016 0.7545304357169105
0.7881157840863424 
238.81257983302942 69.5
261.4474084897176 69.5
266.54007267365154 37.07889156000241
238.81257983302942 69.5
266.54007267365154 37.07889156000241
243.29871756978824 31.545716767458757
0.48147468746854183 
218.55626405371274 24.427367317741595
242.41018542829886 30.301521878230474
244.46434955362923 0.5
218.55626405371274 24.427367317741595
244.46434955362923 0.5
210.08250140433492 0.5
0.5677523793072924 
267.3322784357521 36.106576408115885
287.65009793539906 29.844222423451946
273.312805948404 0.5
267.3322784357521 36.106576408115885
273.312805948404 0.5
245.88487103808842 0.5
0.45983500625945806 
289.0288389479045 30.017687940371605
312.4358004259503 46.83552735574702
309.87628575468545 22.551111300711415
289.0288389479045 30.017687940371605
309.87628575468545 22.551111300711415
306.9437823065566 1.430230889148195
0.3778148706108309 
204.0878684251357 68.85509462387648
228.07358542272613 45.60840965565019
218.04197101712606 25.69578025766907
204.0878684251357 68.85509462387648
218.04197101712606 25.69578025766907
203.17109689290697 40.7891672725719
0.36276670612375506 
116.5690503338904 69.08461223608758
123.95170350078445 50.070296816293364
108.08235773766634 32.16419047611075
116.5690503338904 69.08461223608758
108.08235773766634 32.16419047611075
95.57524757891308 47.026019321157506
0.40086313669454915 
141.2191795611548 69.5
173.60224661800444 69.5
180.93167008503167 37.74020476850216
141.2191795611548 69.5
180.93167008503167 37.74020476850216
152.94057748945042 48.11191610022869
0.6958649332253438 
74.36423290886468 48.6618027834262
83.59692045655643 29.236203716394055
89.13026239096826 1.1915491640342886
74.36423290886468 48.6618027834262
89.13026239096826 1.1915491640342886
63.042550691376945 20.956810495685275
0.5725373241453224 
22.253024610261825 42.19515122989913
41.433186213103546 24.348960540105654
22.55587356969767 21.205689224569547
22.253024610261825 42.19515122989913
22.55587356969767 21.205689224569547
1.1400467460788697 27.79725346734736
0.6137814403260254 
20.42164490455496 69.5
53.96345234234641 69.5
52.4449948376957 47.993877123933366
20.42164490455496 69.5
52.4449948376957 47.993877123933366
22.751845380305543 43.408742039810626
0.5777997455200571 
389.9126716366466 69.5
419.5 69.5
419.5 39.081842411940315
389.9126716366466 69.5
419.5 39.081842411940315
391.40276790997154 49.00457062845523
0.7624343555735476 
23.39713464272484 42.49653373581644
52.58313191781084 47.00335576435006
61.68005942136067 21.419261443508894
23.39713464272484 42.49653373581644
61.68005942136067 21.419261443508894
42.747524199065005 24.4919543639163
0.3 
363.1818171119385 69.5
388.9100321963062 69.5
390.3923483325153 49.11158200323196
363.1818171119385 69.5
390.3923483325153 49.11158200323196
359.91982716184555 47.32945380262352
0.6164912632456542 
313.9841285564095 47.477650271567946
334.60107917831374 49.40538630822487
358.25248172484055 46.42690602905536
313.9841285564095 47.477650271567946
358.25248172484055 46.42690602905536
333.23980898534404 21.708766867409153
0.37152880076566447 
293.64742584044944 69.5
322.8348785732164 69.5
333.7899631241462 50.33390678881631
293.64742584044944 69.5
333.7899631241462 50.33390678881631
313.24856171795807 48.41323479127691
0.8396454013219281 
360.70887984316334 46.37389138951572
390.8563601878502 48.137010187551645
418.7993677284157 38.268747417445574
360.70887984316334 46.37389138951572
418.7993677284157 38.268747417445574
391.53575893167897 22.80244311746704
0.3 
152.6457377164049 23.22103230678546
181.20687234266157 36.20873146080909
185.19110933236033 0.5
152.6457377164049 23.22103230678546
185.19110933236033 0.5
151.64745072146076 0.5
0.7137691226736006 
152.68181047976685 47.14135733656073
180.31567632949947 36.902011423413796
152.12011306418592 24.080549742704374
152.68181047976685 47.14135733656073
152.12011306418592 24.080549742704374
131.13307505271408 30.072725158483685
0.3197608375294861 
84.60372227076793 29.299440538600233
94.9682463438954 46.19424376039657
107.46383859961784 31.34610129864104
84.60372227076793 29.299440538600233
107.46383859961784 31.34610129864104
90.10842807651649 1.399922568363401
0.3 
0.5 64.85541563760151
19.428453591647894 69.37919699912742
21.777134596735234 43.081012526312136
0.5 64.85541563760151
21.777134596735234 43.081012526312136
0.5000000000000036 28.571168838011467
0.6759986347050904 
