121.34469645723223 41.55491084636617
110.48083295282703 69.5
147.23029979821482 69.5
0.5904779346169013
263.9282566686797 69.5
250.86975235636035 50.371711032403965
242.03180723814765 69.5
0.9717550788028854
215.6734338276824 45.9448494268583
241.0828009822157 69.1697808728476
250.04080751409816 49.78163858145115
0.5575304920082644
398.4371146993736 36.28409874356296
400.5228733893328 1.679325422119888
384.1442342017661 24.221261125886677
0.40862367648878917
400.006981386493 38.03581763580099
419.5 65.43471048546415
419.5 41.787935783443416
1.0
357.17648204115926 69.5
329.83530035398934 50.17266966375742
326.71227832859864 69.5
0.9764333547411242
300.2276087100123 69.5
324.97665287093923 69.5
307.4569014356935 50.674571898601585
0.710918370704297
93.89176788358535 1.1728603168463998
84.2646642090416 22.38421613298745
103.29613304353619 20.412192481242933
0.5382337933494517
49.57914338124104 26.315111529665366
22.449727624268267 26.924658048916534
48.69271279778314 47.601610646105456
0.3
94.67594185533834 0.5
104.11981919267805 19.820165680789582
116.58247010030698 0.5
1.0
142.23391511762318 21.10394800218629
150.38934698252032 0.5
118.82484601094902 0.5
0.6671146571272408
0.5000000000000036 29.044081764680072
20.11725788507797 26.090407912011447
0.5000000000000036 1.4316216881266044
0.8626624436780144
50.01550044426901 24.919064387261614
63.40558968919067 0.5
29.691668290216462 0.5
0.8469638258052742
239.8925465693879 0.5
215.12891171845524 0.5
223.1486454159753 19.490252328217125
0.6881410547984491
182.08043833439032 1.4969141765060208
164.71696803298295 20.881897125877536
178.46401730180654 34.01436293157384
0.71879161261459
399.78149941915154 36.97405889205156
419.5 40.76957898776588
419.5 12.181898009909638
0.7384392815653674
0.5 30.721122536421507
0.5 61.42118883279169
22.50374347411597 49.821380663676464
0.8223161180420288
313.3989479335775 29.96410424416218
341.87756318735535 33.00775618687659
338.4252876332587 0.5
313.3989479335775 29.96410424416218
338.4252876332587 0.5
310.7961166855098 0.5
0.6452936048337208 
252.34806827608026 48.77220468191308
283.4078315362875 47.00942239852219
311.4340967570371 30.713127122569887
252.34806827608026 48.77220468191308
311.4340967570371 30.713127122569887
280.823122088928 26.45061276859486
0.35785018020500003 
49.69724489257036 69.5
83.87734065695244 69.5
100.40190632727845 47.80829069447532
49.69724489257036 69.5
100.40190632727845 47.80829069447532
75.42926128958382 43.46683563527487
0.6493167481950902 
50.9875765877595 25.226167666447278
83.1148504219941 22.4979860241504
93.0989784485725 0.5
50.9875765877595 25.226167666447278
93.0989784485725 0.5
64.54606459892749 0.5
0.7413777480860838 
359.99687148309584 69.5
393.93912792220806 69.5
398.2312876410345 38.327526496775796
359.99687148309584 69.5
398.2312876410345 38.327526496775796
380.4842671359038 49.92049922775894
0.8429001378100074 
215.64480993672228 44.93544134494584
250.63800080376183 48.84209701285694
279.20236361227563 26.45049578652576
215.64480993672228 44.93544134494584
279.20236361227563 26.45049578652576
243.14580346958087 27.04330172669691
0.3 
21.283882606106886 25.950599999380064
49.053700788254446 25.326664852202583
28.39062535673647 0.5
21.283882606106886 25.950599999380064
28.39062535673647 0.5
1.036698540161133 0.5
0.7985432240093787 
0.49999999999999645 69.5
17.493703866872842 69.5
22.595959388765802 50.903214832588574
0.49999999999999645 69.5
22.595959388765802 50.903214832588574
0.49999999999999645 62.551636862401466
0.8993367055088752 
23.559001315277975 49.41319362306953
47.79655489654007 48.16862783044773
20.907566198475752 26.982686481925498
23.559001315277975 49.41319362306953
20.907566198475752 26.982686481925498
1.1463997596461688 29.95802793640074
0.4352918455181787 
281.04168630474356 25.471398935149463
312.38371144285026 29.835710541764453
309.79222237365514 0.5
281.04168630474356 25.471398935149463
309.79222237365514 0.5
271.3552498266902 0.5
0.5899547706593897 
329.80663075853215 48.927780975136415
357.5474450376498 68.5376093835574
342.1012519942082 34.03735784415844
329.80663075853215 48.927780975136415
342.1012519942082 34.03735784415844
314.15586140251906 31.050694286033913
0.45496487047617584 
380.1991300445809 48.9123086270569
398.0403605274247 37.25779465300712
383.42584232503026 24.92350276792706
380.1991300445809 48.9123086270569
383.42584232503026 24.92350276792706
364.843328755803 36.83997547067185
0.39580132956426567 
50.544274507758786 3.1387193166086362
74.47976693787209 43.0049290732575
49.03847460443543 68.74396696086927
50.544274507758786 3.1387193166086362
49.03847460443543 68.74396696086927
50.792079930570075 -2.812011639835177
0.5156949801201772 
364.7085816194344 35.738432520630425
383.11728021893737 23.933422744272452
400.14366078811014 0.5
364.7085816194344 35.738432520630425
400.14366078811014 0.5
371.9081736403591 0.5
0.5461722039380204 
143.1873795675036 21.412227106112226
163.78854208175804 20.419613643448066
181.63089050253566 0.5
143.1873795675036 21.412227106112226
181.63089050253566 0.5
151.46483412568128 0.5
0.8585437102702127 
243.4570080257056 26.03805006816431
279.95612003632095 25.43796813230475
270.2826514079666 0.5
243.4570080257056 26.03805006816431
270.2826514079666 0.5
241.53896095594723 0.5
0.7870784739260587 
203.18515614873633 26.558314798930233
214.07827513149232 44.12869301291131
222.46152159752333 20.433620204013028
203.18515614873633 26.558314798930233
222.46152159752333 20.433620204013028
214.36458687407534 1.260560438833032
0.3172007761356021 
399.4706125051291 35.758446979207704
419.5 10.575406559496681
419.5 0.5
399.4706125051291 35.758446979207704
419.5 0.5
401.595770543248 0.5
0.9479699091877352 
325.7944924501203 68.91093222505413
328.9384229990883 49.4542060860488
313.1609277686719 31.432366804219
325.7944924501203 68.91093222505413
313.1609277686719 31.432366804219
307.8370372093087 49.615180012503586
0.4962822417562081 
200.98481387396356 69.5
239.96186528401626 69.5
214.04476877480806 45.81098854037934
200.98481387396356 69.5
214.04476877480806 45.81098854037934
194.16887869859818 49.15330507283471
0.7758801443565039 
299.3679991743584 68.94900824612982
306.8031637760387 49.587479816970024
312.1050725423918 31.479741562204936
299.3679991743584 68.94900824612982
312.1050725423918 31.479741562204936
284.2799482302677 47.65908041841253
0.7345748752342 
18.530658367027353 69.5
48.01499197614448 69.5
48.635299911649774 49.126876875838576
18.530658367027353 69.5
48.635299911649774 49.126876875838576
23.76996786194687 50.403678248860295
0.6168422595966011 
394.94856277847964 69.5
419.5 69.5
419.5 67.15971486276395
394.94856277847964 69.5
419.5 67.15971486276395
399.19962281767624 38.62601927388109
0.6739521471605986 
215.16530274865244 44.05439559445719
242.472966888131 26.288036031919116
240.59027470129823 1.220722466807107
215.16530274865244 44.05439559445719
240.59027470129823 1.220722466807107
223.4366127775353 20.675708810822698
0.5733632344428244 
193.66953384187985 48.223234356004355
213.38478938693933 44.907930020089026
202.40890904808475 27.204059430741772
193.66953384187985 48.223234356004355
202.40890904808475 27.204059430741772
179.79099205517502 35.26891515823014
0.3 
85.13445111508267 69.5
109.40792456534295 69.5
120.31191410312525 41.45169475020941
85.13445111508267 69.5
120.31191410312525 41.45169475020941
101.60421535075216 47.880228245743595
0.8906067303354624 
121.21701830906729 39.920473144780985
141.67995459681168 21.94854689153806
117.6054582875082 0.7589101795728332
121.21701830906729 39.920473144780985
117.6054582875082 0.7589101795728332
104.68287047003105 20.792090881551708
0.5009070298351236 
122.37793273519307 40.23180203429007
148.73788817409545 42.51920750834941
163.04503897987496 21.45659750660622
122.37793273519307 40.23180203429007
163.04503897987496 21.45659750660622
142.63582114232747 22.439962613986825
0.5209308768041115 
176.54245096315185 69.5
199.930196330408 69.5
193.07506049715036 49.036284619066144
176.54245096315185 69.5
193.07506049715036 49.036284619066144
179.26358130776765 36.14456207627876
0.6848688215822049 
179.43459814750406 34.33432500258734
202.2507443278481 26.198786824626783
213.6073968963596 0.5
179.43459814750406 34.33432500258734
213.6073968963596 0.5
183.19747528722934 0.5
0.6827583294970672 
149.63296773214756 42.98118462185663
175.58939279700877 68.88386780465376
178.33154270761776 35.27077341473019
149.63296773214756 42.98118462185663
178.33154270761776 35.27077341473019
164.10318321011178 21.678515111276763
0.45766254081705726 
101.48494739253853 46.86381845129846
120.3064190299153 40.39618913688186
103.85192297807441 21.359956154538065
101.48494739253853 46.86381845129846
103.85192297807441 21.359956154538065
84.36507322602519 23.379165966624726
0.3 
75.44946973938195 42.455349691949195
100.16615411243485 46.75230639221378
83.2108676010844 23.493431494873526
75.44946973938195 42.455349691949195
83.2108676010844 23.493431494873526
51.54618815624538 26.182330578448173
0.42138168844204626 
265.1390631222101 69.5
298.5328217778954 69.5
283.3077378691962 48.01671241114842
265.1390631222101 69.5
283.3077378691962 48.01671241114842
251.69758922541823 49.81073155861544
0.8544184498380206 
148.59339779499481 69.5
174.79112191927075 69.5
148.76231532294045 43.525085149195945
148.59339779499481 69.5
148.76231532294045 43.525085149195945
122.41495484738114 41.238772612799686
0.5320349522964053 
342.89654394757287 33.13353485282229
363.58671340872684 36.23380595898323
370.8875155686683 0.5
342.89654394757287 33.13353485282229
370.8875155686683 0.5
339.43091088546566 0.5
0.708432102793899 
358.91680698110366 69.14896841694463
379.40998763928854 49.56393900069415
363.7766762724738 37.27343461030364
358.91680698110366 69.14896841694463
363.7766762724738 37.27343461030364
343.27001357710253 34.200660655618876
0.5761589429476497 
