34.54865617172458 88.6768124005039
41.359464445606115 64.87346940595859
21.68454344043391 64.13082864999834
0.3
0.49999999999999645 65.01845414063867
0.49999999999999645 91.24907294577156
19.837475459429736 64.14450723030929
0.834760889575502
0.5000000000000036 64.01743339164693
19.902224722651983 63.140560172831314
0.5000000000000036 35.83706645599211
0.8929983948382001
162.90368032618724 30.911759462674247
182.27502051100785 42.69953063481243
189.5556248077777 25.290168815082986
0.3
224.3819479325778 139.5
213.51957084512915 120.47772166455167
189.41373465519115 139.5
0.9560122976039405
356.5140029395744 45.62974218710771
374.7114615312501 49.72681622985026
363.7237335810542 28.692580122853926
0.3498
121.03957322093333 0.5
139.41367721522965 26.836537308879127
145.71754817711914 0.5
0.6231675906508634
219.269787872927 24.172159430548003
205.09376816076997 39.727753281085455
232.4185263487787 49.203325015373856
0.3006
308.03953225314103 97.65023559860809
278.57330453126855 104.69621772068261
304.7480394533422 117.89785797737456
0.3
355.08017355203083 45.87029800383061
341.1856705396015 28.807566898357916
338.1575894096878 56.89167706564003
0.3
160.89490977475884 31.91233685543475
135.60473465611565 53.482562653070694
156.50098589857694 64.38431670008764
0.3
419.5 96.44697297547259
397.3602555808047 108.82488036445751
419.5 123.91884214376807
0.7419446827200342
262.15623354263624 78.93704370819287
246.6634925069561 89.48163483007768
256.5994155385688 109.79816206438352
0.3
61.42903332127112 0.5
73.71957200743597 20.744109392182622
84.9612394279011 0.5
0.7894849329129813
60.555954611270664 0.9888501672605337
45.72608976771255 27.225543745017777
72.94647043561804 21.39763485755378
0.5798283659297708
35.574711146929246 88.72600194558825
63.443934794205404 67.8784634083827
42.376881291354366 64.95284866568677
0.3
133.61752999758139 52.7807439049281
116.13229370318128 25.12723105642916
109.0098337992138 46.382897000636156
0.3751
0.49999999999999645 33.77732727549302
21.917428736842233 34.08178860437786
0.49999999999999645 1.6638747467452646
0.947804080451127
27.685929820168532 0.5
0.9295994920400368 0.5
22.56148870599635 33.242526179605285
0.6055105272885336
42.06239834163232 63.546060867455196
54.87364885340659 47.73929165962449
24.11429530713737 35.628035102028115
0.3
44.503955821197806 28.542590949492865
24.37553203706778 34.65617044460022
54.57172469131393 46.545686774911374
0.3
330.1352753650098 0.5
298.16534941363517 0.5
296.63523837291086 20.186705577740682
0.6496663887304237
296.3278622400082 0.5
269.0392701373065 0.5
272.87078456357256 20.16223621581971
0.760541169887002
119.48857757698775 0.5
87.24432147449808 0.5
115.64174074060345 23.053503716727374
0.8265892591662329
0.5000000000000018 139.5
10.468255826525853 139.5
0.5000000000000018 122.88623970368631
0.9725838869533867
46.29300012580677 139.5
68.21202688882371 139.5
57.01696364792148 103.63506760283232
0.9240076257345168
76.3631430291471 41.222706647992496
93.13485543722273 31.69939902604144
74.33370596782159 22.583417077406992
0.4209176946325648
91.12705312565731 87.00217486599222
111.35335633717119 110.86408275525815
128.2790973122907 93.07604820969557
0.3
163.749904482756 105.16517017247166
145.8149566672957 117.43795691965681
161.30325988251423 138.60726695391128
0.4943742431859982
344.05648933429757 110.65862950103825
332.85108150489805 86.37366283289603
326.14118122219935 116.72777441261832
0.3
419.5 58.28889381248196
419.5 32.82364336610599
398.9423773023593 41.96645698604611
0.7942455521597089
101.23265112347082 139.5
86.24119186458809 116.80465678796209
69.86910644282679 139.5
0.6410761199140151
226.0491900872525 139.5
256.31333292592836 139.5
236.13470746902337 119.15616577396781
0.9676726126711986
44.49948717597461 139.5
24.058624428245196 116.77139385649205
12.176931888393021 139.5
0.7715385275463719
102.84910617989294 139.5
135.32291276114103 139.5
111.5381335733602 112.60011826591168
0.9068437018993688
332.6585138633591 0.5
341.0420457672401 26.62788569806882
367.04036669947106 0.5
0.9980579592995085
161.59108256655625 29.608387036749228
177.77162944744987 0.5000000000000036
147.15737587648246 0.5000000000000036
0.6913686640232198
257.35873463178376 111.22415238028118
283.92920077717116 138.41026993885117
276.65467811396064 104.70159116145624
257.35873463178376 111.22415238028118
276.65467811396064 104.70159116145624
263.09664944085597 79.35726958676516
0.3 
219.83453830199196 22.849141869483816
252.02029175132148 25.918212318747024
243.79838772249562 0.5
219.83453830199196 22.849141869483816
243.79838772249562 0.5
217.44812374915784 0.5
0.8890891739916205 
77.46394006061526 41.747617321251866
108.02408280389731 46.1772870219248
115.19288572008665 24.783318918082337
77.46394006061526 41.747617321251866
115.19288572008665 24.783318918082337
94.41725337431049 32.12119313931211
0.3639 
134.46436752042604 52.24888355652959
139.10978588236196 28.148665664146687
120.36888956839114 1.2863862774652226
134.46436752042604 52.24888355652959
120.36888956839114 1.2863862774652226
116.51767426424905 23.865560380811203
0.4232562720770391 
236.1742136209681 117.72197875133561
256.12051243584517 111.09510857230411
245.7932738096732 89.97843686135765
236.1742136209681 117.72197875133561
245.7932738096732 89.97843686135765
223.0611267322097 100.94094376092502
0.3176 
21.106059642632932 63.108281349864924
41.07674242350039 63.86208579734033
22.580421354809296 35.091314470204345
21.106059642632932 63.108281349864924
22.580421354809296 35.091314470204345
0.9786146239209863 34.7842320998409
0.5281687247596594 
377.3492750155689 116.782429365322
396.18618703528205 108.335604529464
418.506685255181 95.85664114981569
377.3492750155689 116.782429365322
418.506685255181 95.85664114981569
388.1094355870795 90.87731111625017
0.40309776549881154 
55.93760985929765 46.939339312751315
75.40510703510907 41.66240287858447
73.30175361011635 22.344231201895067
55.93760985929765 46.939339312751315
73.30175361011635 22.344231201895067
45.51084531953678 28.294290585463123
0.3 
181.6751437310102 116.27813874560464
213.35764283585584 119.19494975402365
221.43059055058455 101.43199096673277
181.6751437310102 116.27813874560464
221.43059055058455 101.43199096673277
198.4895226768896 105.80635217406214
0.5337683837879811 
233.78561638327642 49.6554851516904
254.78486905749983 54.60167934342483
252.26978259316547 26.946538496173527
233.78561638327642 49.6554851516904
252.26978259316547 26.946538496173527
220.2530257101746 23.893582703619956
0.4104 
112.34217776169467 111.27557009730728
144.99095769966954 116.79009752896243
163.2043968569742 104.32674067895006
112.34217776169467 111.27557009730728
163.2043968569742 104.32674067895006
129.4383240099546 93.30844886420624
0.3 
191.08563436824807 24.635659189322148
204.21536520794754 39.207017124717986
218.85965314839083 23.137584374388016
191.08563436824807 24.635659189322148
218.85965314839083 23.137584374388016
216.50066875893492 1.0453302330296204
0.4045343343493334 
23.473084832118964 33.88516135864522
44.407054676105766 27.5269144257533
59.68357901727215 0.5
23.473084832118964 33.88516135864522
59.68357901727215 0.5
28.698102979193905 0.5
0.6914495940121508 
387.3267811706158 20.789408104389636
419.5 7.449819415129217
419.5 0.5
387.3267811706158 20.789408104389636
419.5 0.5
391.9131063350576 0.5
0.9570612811454348 
368.2258371685259 98.991065600978
376.378288200598 116.51315558927207
387.27839182011536 90.2711240401934
368.2258371685259 98.991065600978
387.27839182011536 90.2711240401934
383.4207418004523 71.91116074635562
0.44020000000000004 
364.29647576235766 26.848891277427178
386.2057937016445 21.21302899497678
390.88787637368273 0.5
364.29647576235766 26.848891277427178
390.88787637368273 0.5
368.6671368385528 0.5
0.7767682842549788 
255.7747208765653 54.44471429598997
272.9732341147511 45.08527665753618
272.06695408694685 21.73780587021176
255.7747208765653 54.44471429598997
272.06695408694685 21.73780587021176
253.26607381579885 26.86037921035655
0.3 
214.22675245241436 119.69953043809001
225.21208970043656 138.93713755284432
235.40954441277458 118.36751079574393
214.22675245241436 119.69953043809001
235.40954441277458 118.36751079574393
222.3991093313388 101.71784102735336
0.6402822490037409 
375.890733260103 49.82455186830889
397.26638601928744 41.58612182161748
386.37844482679435 22.201172157036137
375.890733260103 49.82455186830889
386.37844482679435 22.201172157036137
364.41262828824745 27.851567905359985
0.3 
341.48902757019636 27.59641819118331
355.68351639311624 45.0275379475693
363.1941236729105 27.383553862093077
341.48902757019636 27.59641819118331
363.1941236729105 27.383553862093077
367.4939097148504 1.4619385823508466
0.5833136683043043 
35.6151305749042 89.94459648113224
57.019570237285464 101.36426409439612
88.90335246198681 86.19470581604668
35.6151305749042 89.94459648113224
88.90335246198681 86.19470581604668
64.71771403396572 68.17444465078785
0.3 
24.53171765074694 115.80198718888734
45.39775554421852 139.00335412282016
56.41047325746339 102.17272004987502
24.53171765074694 115.80198718888734
56.41047325746339 102.17272004987502
34.93646371964658 90.71593561104123
0.3 
257.72181590160545 139.5
283.595960773172 139.5
256.6819110875717 111.96233789327233
257.72181590160545 139.5
256.6819110875717 111.96233789327233
236.92005583011343 118.527929359811
0.7614121459986605 
135.4773835733431 52.276855023261945
160.9445955730988 30.555632821599847
146.51640265384682 1.458365380014854
135.4773835733431 52.276855023261945
146.51640265384682 1.458365380014854
140.12959149397858 28.141413211028627
0.3 
377.09033452695815 139.5
407.1488155324525 139.5
396.12621709516674 109.45843385183774
377.09033452695815 139.5
396.12621709516674 109.45843385183774
376.90700323754703 118.07669000594174
0.8089810206666758 
162.53563750189377 29.9673864526872
190.14572131765388 24.143699214215754
215.61825414098536 0.5
162.53563750189377 29.9673864526872
215.61825414098536 0.5
178.9157422240537 0.5
0.9008620410701627 
0.5 120.9425890217105
11.3213372726057 138.9781517782589
23.3324857589873 116.00190808549326
0.5 120.9425890217105
23.3324857589873 116.00190808549326
0.49999999999999645 93.98745263447265
0.7699973766164661 
297.0454437700749 54.686361679934706
313.17683834615855 37.93078686629802
330.8108162173386 1.2629010591934957
297.0454437700749 54.686361679934706
330.8108162173386 1.2629010591934957
296.56662616813435 21.38691726269442
0.4915983917779251 
314.8679138073255 139.5
348.7392873140706 139.5
344.34189511292993 111.61776691385708
314.8679138073255 139.5
344.34189511292993 111.61776691385708
325.8152734869361 117.89400568500267
0.8999702103510341 
86.77786980371731 115.80278050739551
102.00607904816113 138.85653593834869
110.77055667245853 111.72307198679994
86.77786980371731 115.80278050739551
110.77055667245853 111.72307198679994
90.22572251059273 87.48537836359668
0.4938344649793258 
183.10307212844583 43.31137249123892
204.10053639099107 64.16281623602082
203.71633257925453 40.14706322373703
183.10307212844583 43.31137249123892
203.71633257925453 40.14706322373703
190.54120634578564 25.525325540324353
0.3 
345.09267609014245 110.51747261411238
375.52716977246644 117.05439338944271
367.2942505669531 99.35935288961723
345.09267609014245 110.51747261411238
367.2942505669531 99.35935288961723
333.6662906305339 85.75359125890701
0.3227 
0.6574697987807419 92.75016994426989
23.76813088202335 115.03283440012831
34.13414999943291 90.0401542795095
0.6574697987807419 92.75016994426989
34.13414999943291 90.0401542795095
20.7757981376979 64.55111398727745
0.7665881313324916 
136.65775481662564 139.5
160.71734787532054 139.5
144.82315189480914 117.77591842816985
136.65775481662564 139.5
144.82315189480914 117.77591842816985
112.64354234582333 112.34063600919556
0.6751101130573148 
273.9378747077784 44.15495089187061
295.57752268194275 20.890483839573903
297.11200324789127 1.1475591023645073
273.9378747077784 44.15495089187061
297.11200324789127 1.1475591023645073
273.05132411416974 21.315747278487155
0.3681031726126991 
74.43255427018033 21.51999796953816
94.23923805364595 31.123526313708826
114.97390773516278 23.800119949490515
74.43255427018033 21.51999796953816
114.97390773516278 23.800119949490515
85.9616419625195 0.7582992191473608
0.4595181600791882 
305.6485426730988 118.59066351505017
314.0976641388914 138.80767497136787
324.86811526034427 117.5508319963916
305.6485426730988 118.59066351505017
324.86811526034427 117.5508319963916
308.96931588508 98.162922641417
0.5708290703083567 
285.18739171025516 139.5
313.30318503814124 139.5
304.7419797011968 119.0147948721485
285.18739171025516 139.5
304.7419797011968 119.0147948721485
277.8382313721614 105.44546520925367
0.7215085361503688 
398.1981442910249 41.203009843372804
419.5 31.729205436583676
419.5 8.53236636868659
398.1981442910249 41.203009843372804
419.5 8.53236636868659
387.3378877454042 21.867350074522452
0.7675716001951559 
263.7758702345313 76.66025246595248
296.05905127930475 55.63988722242127
295.58045165471435 22.35560207381323
263.7758702345313 76.66025246595248
295.58045165471435 22.35560207381323
273.92591284120806 45.63607804832827
0.3103 
69.07128870893766 138.89668030211504
85.77852514772445 115.73674341350454
89.261391519602 87.13177213126315
69.07128870893766 138.89668030211504
89.261391519602 87.13177213126315
57.61323598254083 102.18922473956059
0.4031272531416608 
349.7516476294624 139.5
376.0902979117005 139.5
375.9076703650827 118.15892637741486
349.7516476294624 139.5
375.9076703650827 118.15892637741486
345.3507777024446 111.59571594385508
0.7525712981496602 
314.2134903540862 38.08253301805661
337.14959010673715 56.91211190400612
340.3084846793712 27.61476504355095
314.2134903540862 38.08253301805661
340.3084846793712 27.61476504355095
331.88004239141344 1.3469128736816671
0.3 
162.3202863832867 138.41107078091045
179.81037937765436 116.261414285132
196.64656268438796 105.77604822820213
162.3202863832867 138.41107078091045
196.64656268438796 105.77604822820213
164.7878934613846 104.68244721369493
0.6641731098639617 
157.4767176035218 64.63101453743866
179.4147187866529 63.66102736318953
181.97471496230776 43.68738451380294
157.4767176035218 64.63101453743866
181.97471496230776 43.68738451380294
161.9588182868616 31.50739037998426
0.3 
309.19446419318 96.86043466615874
325.1954690747456 116.37297928729265
332.14964230196387 84.91383068742648
309.19446419318 96.86043466615874
332.14964230196387 84.91383068742648
317.01353101404544 61.734997361412795
0.3238 
383.9302289684586 69.8917917286896
418.9454547987533 59.12546916271796
397.8982355390649 42.41430018218039
383.9302289684586 69.8917917286896
397.8982355390649 42.41430018218039
376.3056622732998 50.7363339643596
0.45534061560487454 
162.73460642963485 139.5
187.79945366798609 139.5
212.37313143606022 120.10854083024753
162.73460642963485 139.5
212.37313143606022 120.10854083024753
180.3730342670021 117.16249053969733
0.7637376680532764 
253.05905218116118 25.880331249208172
271.9625726760313 20.72979208692725
268.0204605291402 0.5
253.05905218116118 25.880331249208172
268.0204605291402 0.5
244.8494013554462 0.5
0.8903457678421316 
408.2140028896716 139.5
419.5 139.5
419.5 125.12912922824052
408.2140028896716 139.5
419.5 125.12912922824052
397.41727875640703 110.07404349089234
0.9195247231039925 
388.218433290913 89.8818380656282
419.5 95.00602681007877
419.5 60.001163333544355
388.218433290913 89.8818380656282
419.5 60.001163333544355
384.2194200758122 70.84907577081654
0.7977027858931709 
165.642787337777 103.71120386096203
198.26558759992201 104.83103492524855
220.91185786315438 100.51288519152277
165.642787337777 103.71120386096203
220.91185786315438 100.51288519152277
190.99948842457297 82.39836601975134
0.4134 
