72.03956126274231 139.5
61.201239504926164 120.1118335991593
41.82806866283339 139.5
1.0
419.5 0.5
397.317886122766 0.5
419.5 5.16762303953018
0.9873455497176415
387.46078354765046 94.70102549957426
367.9617577109479 89.41298076286246
364.1011484576144 108.8685974969791
0.3
351.5039367649637 40.902156159031875
355.13272351785145 22.136907933177703
322.9784044790813 36.04143370335077
0.3
58.373506396236834 92.42420861756995
31.38984066993838 103.41501832674747
60.7349820023112 118.43213760348337
0.3
59.36371663773024 92.27108390944922
61.724712690640914 118.27373137367576
88.0376444236444 95.46409475069238
0.3
363.04064808655676 109.07523240236935
366.9085767305837 89.58272945400151
345.26586830940494 97.91414707811282
0.3
217.72615895787135 0.5
250.4000620432049 19.742890372347553
246.74812792264703 0.5
0.7209364973403746
388.3984331203458 95.3018897539926
364.59098921955825 109.74105690016327
394.4460979765933 119.20366937264565
0.3316472573342966
156.26756124470344 40.15256364846077
181.72439880094066 35.63503451314193
157.2218287495077 20.8887063700323
0.3
183.10763778214422 1.0070382271199847
157.65967400150726 19.98508198710288
182.63697437332803 35.017116040622206
0.6864340267511067
182.1147944469054 0.5
147.17480539589627 0.5
156.9362081830243 19.27715309757015
0.7814631921602132
60.80113466697775 0.5
28.826826156052807 0.5
30.84258553460925 19.274795315544935
0.7880800334603932
63.8171726597006 0.5000000000000036
86.70238816032247 21.674254517987105
87.2965830968028 0.5000000000000036
0.9006410391572349
121.3610012040437 0.5
88.994324337037 0.5
112.3886253174926 24.5613325211912
0.7036190534200628
122.87090681509504 0.5
133.30246273560144 22.540035216237218
145.5030711843868 0.5
0.6544568913125913
122.13578588621536 1.2843442090440789
113.3265706981523 24.9081266464726
132.50887132654668 23.200841627853084
0.6667906251187874
309.91312596158457 105.73466503768215
287.45810011836795 89.45248894583139
291.9650204954872 117.31804843457238
0.3
419.5 127.18089690616233
419.5 94.85382221206319
396.0600901428777 119.71636460534367
0.9579577867348407
258.841818421046 118.5403065783275
270.92499778942835 102.96316407660352
249.94779194963178 84.80095158109843
0.3
308.4230194303853 0.5
321.1023396476502 34.470344107885815
328.3549553570883 0.5
0.9086403992293871
400.0128015221174 65.72362649570272
419.5 92.07744643460038
419.5 59.99254587270662
0.7649914394436954
393.81672232841004 0.785174325020126
419.5 31.67076832396665
419.5 6.18952213668652
0.8136337309172141
288.39129447595064 139.13203882858352
291.02172614996425 118.6792939476058
260.14931321749 120.07776350192307
0.5960078305579456
44.170708439352104 50.7005877024614
30.573964581091587 21.610145108425698
26.1111420350551 39.440646590301256
0.3
0.5 88.63081897573659
0.5 118.25707809019903
29.10398652425839 103.36567328603357
0.9499715248267259
398.4609443752573 65.0854719965199
389.1339299226665 45.44000905441477
377.1027873004756 69.51795259284509
0.3
137.09631143822128 139.5
158.3183499597249 139.5
167.5340445083341 104.86633121330262
137.09631143822128 139.5
167.5340445083341 104.86633121330262
142.6976240789546 120.00395272388461
0.7735050925206457 
251.74047022775102 139.5
287.14870054616813 139.5
258.45942919354025 120.14394738203862
251.74047022775102 139.5
258.45942919354025 120.14394738203862
234.43417608242925 119.71182927951777
0.6887845178297667 
296.85847064184406 66.40015985314318
315.4661862433603 57.02084494772703
299.83062690726564 30.88858319326122
296.85847064184406 66.40015985314318
299.83062690726564 30.88858319326122
277.71229585264354 36.60269763260945
0.3 
98.37860019379103 43.18642355453247
111.92134176620766 25.5152421943403
88.27741284060788 1.1971641948501883
98.37860019379103 43.18642355453247
88.27741284060788 1.1971641948501883
87.67474648496129 22.673299416528614
0.4851778784272236 
29.83623151069183 19.26914267182843
27.821079029275605 0.5
0.5 0.5000000000000009
29.83623151069183 19.26914267182843
0.5 0.5000000000000009
0.5 4.690141751742996
0.9693895477308674 
205.2461878680962 30.194872787994363
217.09339318347782 51.012821587897456
235.17545115350288 37.51720842962838
205.2461878680962 30.194872787994363
235.17545115350288 37.51720842962838
215.97268747573548 1.221884115568308
0.3394279272084544 
352.60104320795426 40.49579915906068
380.59668480077397 24.319212514197726
365.32853172994345 1.0416694333841718
352.60104320795426 40.49579915906068
365.32853172994345 1.0416694333841718
356.2835404371701 21.452802338631678
0.39637062440031645 
22.113763302434833 60.04501177127305
44.20720106818375 51.90178796840009
25.34799667179021 40.14328135912424
22.113763302434833 60.04501177127305
25.34799667179021 40.14328135912424
1.3063386589749406 35.05766839593607
0.5740180373140158 
259.67461560769834 119.09824107852198
291.01036982105114 117.6787829258731
286.4297863583235 89.35777649722887
259.67461560769834 119.09824107852198
286.4297863583235 89.35777649722887
271.98313134521135 103.23060411124737
0.3346718104260963 
381.61155277173305 24.043181771631474
418.68104733795997 32.2499462233194
392.27900744391184 0.5000000000000001
381.61155277173305 24.043181771631474
392.27900744391184 0.5000000000000001
366.16916257549536 0.5000000000000034
0.5214725285984775 
277.32955691703984 35.66874395211824
299.65529457738904 29.901047482657752
307.06113946735695 0.5000000000000036
277.32955691703984 35.66874395211824
307.06113946735695 0.5000000000000036
272.0136881740725 0.5
0.7652761173137 
289.3522072881996 139.5
312.52002638993764 139.5
310.3549584503328 106.63968988409817
289.3522072881996 139.5
310.3549584503328 106.63968988409817
292.0598336092423 118.44703332369527
0.8073645886131793 
376.9213098560771 139.5
405.9936382525933 139.5
394.8165156238793 120.37010088727742
376.9213098560771 139.5
394.8165156238793 120.37010088727742
364.2909313475924 110.69498039606366
0.7036915068750416 
0.5 139.5
14.022795651203626 139.5
29.173806850458423 104.45672430733639
0.5 139.5
29.173806850458423 104.45672430733639
0.5 119.38447798686303
0.5844324865982391 
74.73621719803604 50.183619223407746
97.56967877931731 43.79782564305001
86.93663129005196 23.42039625678488
74.73621719803604 50.183619223407746
86.93663129005196 23.42039625678488
63.42700409368136 32.752719759387944
0.3 
389.2395166522633 94.54926657582615
395.4123330407446 118.9456741894976
419.3494370231946 93.55576159325994
389.2395166522633 94.54926657582615
419.3494370231946 93.55576159325994
399.3392765090578 66.49470570385033
0.6015244458496095 
0.5000000000000036 33.86497250971253
25.16970126715888 39.08343757960773
29.848081277369243 20.391710349960704
0.5000000000000036 33.86497250971253
29.848081277369243 20.391710349960704
0.5 5.806820542639365
0.8176047363685993 
218.637164131276 139.5
250.41198000607835 139.5
233.07239955288455 119.67376941890893
218.637164131276 139.5
233.07239955288455 119.67376941890893
213.48638127209685 118.1029236147513
0.6704465698231796 
231.0589355881699 97.73670511714376
257.758082937108 118.35224868995903
248.62564594137643 83.70848697200887
231.0589355881699 97.73670511714376
248.62564594137643 83.70848697200887
226.8930929220378 72.70025948198612
0.3529 
321.92478261202854 35.407558768465265
355.42549972359706 20.92080867323144
364.4747787370752 0.5
321.92478261202854 35.407558768465265
364.4747787370752 0.5
329.37749219596043 0.5
0.7893837458480534 
31.544301039421406 20.01518102458396
62.67254894378651 31.976299686650567
86.2492364655375 22.617356083038995
31.544301039421406 20.01518102458396
86.2492364655375 22.617356083038995
62.48183057046111 0.6268661249706646
0.686351591504049 
287.3984451915895 88.174011464993
310.42001210352606 104.86698741557345
313.5254621236088 83.0748622384466
287.3984451915895 88.174011464993
313.5254621236088 83.0748622384466
296.84744109737306 67.87722620573813
0.3134 
313.52219458915573 139.5
346.31622000768436 139.5
330.20313385001464 118.3017423195377
313.52219458915573 139.5
330.20313385001464 118.3017423195377
311.3606122184104 106.69259209171871
0.6604696486317309 
190.39875955963876 118.47035600835312
212.6050959120835 117.06319385354305
229.69373231336908 98.26384660479852
190.39875955963876 118.47035600835312
229.69373231336908 98.26384660479852
206.12436479185845 91.21273648835395
0.3 
132.16272318810894 48.12760888272612
154.68343963119554 40.5802950284566
133.11887358319726 24.150502477274326
132.16272318810894 48.12760888272612
133.11887358319726 24.150502477274326
113.57798570778428 25.889702887408276
0.3 
353.5527680207088 41.100806664799336
389.0755963892847 43.79167567387296
418.21741114637393 33.17151576345462
353.5527680207088 41.100806664799336
418.21741114637393 33.17151576345462
381.3867558819217 25.01762761651287
0.3 
192.24159688476334 70.19451531955048
216.28941297937664 51.62188673451518
204.45177271186736 30.820745668721035
192.24159688476334 70.19451531955048
204.45177271186736 30.820745668721035
183.7301924965845 36.252540483565596
0.3 
195.35922686690736 139.5
217.60859819384245 139.5
212.4510835800804 118.07495895948318
195.35922686690736 139.5
212.4510835800804 118.07495895948318
190.13657280688486 119.48897586730533
0.7340067937149382 
251.54655289944324 20.42073365631105
276.2645813513369 35.31402815560043
271.00232904169786 0.5
251.54655289944324 20.42073365631105
271.00232904169786 0.5
247.7659770328068 0.5
0.4981637760076171 
107.91251391176844 139.5
136.05585760168785 139.5
141.66810903449147 119.96587893278866
107.91251391176844 139.5
141.66810903449147 119.96587893278866
119.91223086870056 110.73576547795395
0.587744523628978 
22.875570482135906 82.82325045832528
38.20712588325997 71.69739156837714
44.53238647436691 52.84769436271063
22.875570482135906 82.82325045832528
44.53238647436691 52.84769436271063
22.462082523053972 60.982391478593364
0.4425723284134817 
61.949997758682684 119.40186307777238
72.95187234403926 139.08260147513965
90.9586454336599 114.9135715523611
61.949997758682684 119.40186307777238
90.9586454336599 114.9135715523611
88.83792674035895 96.093784151418
0.34853475137513124 
262.15816572030593 51.76119426346183
273.14493414678265 67.18773612720787
276.38727301761526 36.55544610470937
262.15816572030593 51.76119426346183
276.38727301761526 36.55544610470937
252.0099351898829 21.867427111460305
0.4121 
120.65701528780804 109.9654706789543
142.2298776298558 119.11793813833407
167.00813963301047 104.01576377466867
120.65701528780804 109.9654706789543
167.00813963301047 104.01576377466867
137.68547007013905 97.69048974962273
0.3222017625441775 
407.1518167042999 139.5
419.5 139.5
419.5 128.23037912595473
407.1518167042999 139.5
419.5 128.23037912595473
396.239254762782 120.82290250924883
0.7877568659028763 
0.5 87.50593591658946
29.232152368047327 102.30681266869485
21.97474355300172 84.08976868340493
0.5 87.50593591658946
21.97474355300172 84.08976868340493
0.5 65.62969487199695
0.5956202004229515 
399.4540430737466 64.84560525517279
419.5 58.950196767397784
419.5 33.76843674716734
399.4540430737466 64.84560525517279
419.5 33.76843674716734
389.83265976331006 44.58011405884844
0.8222644794842313 
119.98866444845204 109.214520880169
137.02770917352387 96.93190617861045
133.01684256883988 73.66002186280022
119.98866444845204 109.214520880169
133.01684256883988 73.66002186280022
113.83680013435833 76.94016482284508
0.3 
0.5 64.3110050212667
21.87274362175487 82.68339786666323
21.45885300001369 60.82126983141508
0.5 64.3110050212667
21.45885300001369 60.82126983141508
0.5 35.65207827415222
0.6386093038119541 
113.33212389462078 75.51690848770714
131.37329728714923 48.742422054245296
112.59790993741296 26.276390486613952
113.33212389462078 75.51690848770714
112.59790993741296 26.276390486613952
98.87866672782458 44.17787916118223
0.3 
330.629013891772 117.38957068693212
362.1233865379472 109.68006454509741
344.0658399529327 98.3414251521553
330.629013891772 117.38957068693212
344.0658399529327 98.3414251521553
312.0867809673534 105.96543267677662
0.3 
357.25840589581344 60.631093367808226
375.96665340782346 69.55446690142689
388.36544527220155 44.74074639040859
357.25840589581344 60.631093367808226
388.36544527220155 44.74074639040859
352.5569847382498 42.02824062612422
0.3673 
169.0901846133935 103.71681840426243
189.34290840343454 118.29938604934412
205.05687859992003 91.06193385342952
169.0901846133935 103.71681840426243
205.05687859992003 91.06193385342952
182.39930834448924 89.43500656035661
0.3 
347.5723142886068 139.5
375.82940175778924 139.5
363.1005456533306 110.47039099989689
347.5723142886068 139.5
363.1005456533306 110.47039099989689
331.4041938415809 118.22933961309037
0.8661199854267174 
91.91486840090819 114.4689181722062
119.0583923563794 109.67478794177683
112.91154664641101 77.42676084884184
91.91486840090819 114.4689181722062
112.91154664641101 77.42676084884184
89.75674828058845 95.3172211657086
0.3 
73.88792315895736 139.5
106.8289849985437 139.5
118.83092288464057 110.7304417417708
73.88792315895736 139.5
118.83092288464057 110.7304417417708
91.76001103054385 115.51174711309693
0.8538545831510771 
315.9721995974571 55.91890750711384
320.71142885994936 36.28275198376443
307.79551561541524 1.6785295281326746
315.9721995974571 55.91890750711384
307.79551561541524 1.6785295281326746
300.60314927863936 30.232071672482522
0.3 
368.27872237941295 88.46281901365525
388.4030664501432 93.92044713488649
398.4124830645154 66.11683678350174
368.27872237941295 88.46281901365525
398.4124830645154 66.11683678350174
376.5422252838974 70.65559417299951
0.44589999999999996 
311.39663282508894 105.1019422666777
343.4343715192103 97.46394513280401
333.37567298415195 76.55886828253833
311.39663282508894 105.1019422666777
333.37567298415195 76.55886828253833
314.51010531960844 83.25352033190707
0.3 
159.35314666455656 139.5
194.32573028887404 139.5
189.0612884180228 119.32886246876579
159.35314666455656 139.5
189.0612884180228 119.32886246876579
168.6341906438135 104.62074033303695
0.7857728721525149 
236.18997947756483 37.29643430776705
260.81923098933737 50.92790096648033
250.68324599749846 21.070205647689964
236.18997947756483 37.29643430776705
250.68324599749846 21.070205647689964
217.15954983254056 1.3268401705566575
0.5938854584330678 
45.650021413042616 51.503921907883296
73.62110421606948 50.30217750464072
62.34449325242029 32.92152774691836
45.650021413042616 51.503921907883296
62.34449325242029 32.92152774691836
31.40867984086222 21.034352591412464
0.3 
183.6339304602319 35.24398795069527
204.3178802375848 29.822057287884714
215.1736134706912 0.5
183.6339304602319 35.24398795069527
215.1736134706912 0.5
184.11475040702578 0.5
0.5876747576504644 
30.46929064529594 102.710200267595
57.915077297188105 91.5311624945455
38.58270173582765 72.66040564721457
30.46929064529594 102.710200267595
38.58270173582765 72.66040564721457
23.002228838528374 83.96689989119088
0.3459 
133.91437561030006 23.499417226683516
155.28472912109672 39.781241500184684
156.25769266260323 20.139966169803756
133.91437561030006 23.499417226683516
156.25769266260323 20.139966169803756
146.3375135825296 1.057389064442841
0.5378392109225992 
15.112257802813748 139.5
40.41440189843921 139.5
60.475956176708564 119.42291732845905
15.112257802813748 139.5
60.475956176708564 119.42291732845905
30.438469815617292 104.0514965420061
0.7409272171632061 
213.89361224825603 117.13237346155334
233.33947179332083 118.69197819778331
257.11566038613915 119.11961662691417
213.89361224825603 117.13237346155334
257.11566038613915 119.11961662691417
230.657572386978 98.69020519772178
0.30958307223556775 
