0.49999999999999645 152.35843877565867
21.567022245110152 147.05193393136253
0.49999999999999645 121.39677189760664
0.930506983963499
54.94907959821957 132.58622498922458
60.52112112046416 114.6480267369776
34.28260046227952 121.78600085387569
0.3
366.0771846261174 184.25741070421847
373.84462132109593 148.16089752393046
348.3226283909954 158.33147982205247
0.3
0.7126413571361958 179.67000198294025
4.441391109268661 209.5
24.94951474599723 209.5
0.8547746627685565
0.5000000000000036 32.07772110438894
20.12884692690499 19.29519582444995
0.5000000000000036 1.1433977000573172
0.7189796648078214
291.8936944353869 57.61303016624552
308.60702678861816 46.46733119159936
294.74175864169797 34.16586927010811
0.3
330.80235775814333 0.5
340.6995584856528 20.666429691891622
363.6725071946156 0.5
0.9320397879150598
215.70724303106286 209.5
236.04830169872065 209.5
222.60792355593836 189.9932033847147
1.0
243.49258777160057 140.1381710778333
243.00000078834427 177.2051396080013
265.8680402643321 154.26885591289115
0.3
204.4497930236559 168.91737073508753
172.19112174617663 171.91526583267392
186.61329654346565 188.4568095905668
0.3
20.75321982606132 18.510541077529027
28.250281733502085 0.5
1.2771243197721454 0.5
1.0
242.48619993943262 140.61220856832813
226.70509169155758 159.0351239865338
242.00146120144782 177.08859985958208
0.4014
122.1327224062735 209.5
152.14988995144793 209.5
140.7807205536801 189.05297434996234
0.6689355310711598
390.7251719739825 1.1165448857179463
375.0715676878862 20.036785489102247
394.7003185990119 19.904246747574298
0.8834315919828964
359.0208141182806 34.800498959432126
372.76003536770764 21.07871435715962
341.9779015187544 21.93336004174795
0.46179590458328795
256.2298082503371 43.82853075746441
275.82586763988144 42.074074647598906
269.63265280905347 24.19813360186036
0.3
77.59865658547915 155.83652281356362
79.4527430078979 187.50446704918824
92.72669618191831 173.26648845805641
0.3
0.5 209.5
3.433608890731341 209.5
0.5 186.03112887414926
1.0
392.4583694583244 208.8237160239668
391.3337218747028 176.8092652526921
367.262924336595 185.68478146045933
0.6256411624079867
165.2876063506204 31.092313791878354
180.2000312180419 0.5
150.79024611448648 0.5
0.7250691872008689
213.4708406409797 209.5
186.82319102365207 189.98750192931044
178.74804787136193 209.5
0.9982107280665026
0.5 34.33188700631506
0.5 58.49684931212925
21.504516800909588 58.364906364879545
0.6919534514220744
205.0044566097654 1.4904802627281697
194.36718887490713 31.647495701675158
212.87887097824964 23.396233611429253
0.44618421731548163
356.6300773089037 209.5
330.13876236574487 187.19022120332227
331.4710323024448 209.5
0.7244301514523016
259.85770035701034 189.6707247098664
238.28289889692218 209.5
266.3114515383034 209.5
0.8602480336419027
64.96446010134432 209.5
85.31004705502527 209.5
78.85668063416207 189.80164416359298
0.9999831725970925
229.33359158008474 45.29815557145342
243.55424320493006 26.581842825795484
214.52829896297388 24.24772168662974
0.3
329.8385838793863 40.868137886273445
340.1574154485813 57.095498883372485
358.3439702803386 35.542489380305085
329.8385838793863 40.868137886273445
358.3439702803386 35.542489380305085
340.6872653420177 22.21194661402637
0.4184 
390.8182153103859 97.18133484652361
419.5 116.07198045525556
419.5 88.3322753352927
390.8182153103859 97.18133484652361
419.5 88.3322753352927
392.09089661626484 76.81736181082752
0.6527988138927714 
375.0266695526168 146.8642468184519
394.57944947141556 147.464968818326
395.38574177625327 124.0511720805107
375.0266695526168 146.8642468184519
395.38574177625327 124.0511720805107
374.7759932325319 116.99288806111221
0.3 
383.60126807562636 38.74046437115001
397.1623436750983 52.98113781609428
394.85125555979846 20.903250375928074
383.60126807562636 38.74046437115001
394.85125555979846 20.903250375928074
374.8069846945122 21.038594822824315
0.36673135002697516 
309.5506218971039 45.967659216999756
328.468634870485 40.5832612776275
317.23876693258336 23.105036026983157
309.5506218971039 45.967659216999756
317.23876693258336 23.105036026983157
295.26322238485926 33.29167638027036
0.3 
25.254907016864497 170.76590393486237
49.98634804737364 153.17789788466996
22.468219636528715 147.856169850656
25.254907016864497 170.76590393486237
22.468219636528715 147.856169850656
1.157401168393335 153.22408374571648
0.441156022129499 
22.548169185556908 58.03944547737109
41.36077542743069 30.115902745696502
20.972486906240782 19.939154582487703
22.548169185556908 58.03944547737109
20.972486906240782 19.939154582487703
0.7555267165031481 33.10466581558126
0.5173305808800097 
25.471941141365974 208.5571764767547
24.75640709345383 171.63991686097555
0.5 153.98242424146096
25.471941141365974 208.5571764767547
0.5 153.98242424146096
0.5 177.8224796873812
0.6727624201706082 
222.5934829589692 188.27004305210352
241.6982801324065 178.2776977082994
225.9112192264539 159.6450853758321
222.5934829589692 188.27004305210352
225.9112192264539 159.6450853758321
206.48716940428312 168.48661625612155
0.3 
230.38043685339102 45.57330580605692
254.9440774020246 43.93820266334933
268.7450156181554 23.724739982666705
230.38043685339102 45.57330580605692
268.7450156181554 23.724739982666705
244.77535113120916 26.627639694676354
0.3767291706424144 
395.58178499293683 147.41436118676717
419.5 144.55619154158342
419.5 117.6579052385624
395.58178499293683 147.41436118676717
419.5 117.6579052385624
396.38528165232015 124.08174676215098
0.660823571313876 
375.1264586264931 116.05589466531035
395.9136037063253 123.17493222244713
418.80661281687696 116.81270620211518
375.1264586264931 116.05589466531035
418.80661281687696 116.81270620211518
390.3954729020607 98.100315000558
0.3334829359915499 
125.78063139503556 66.41655863521149
142.9949608817846 56.891753429420284
164.05617384174596 32.88471921217293
125.78063139503556 66.41655863521149
164.05617384174596 32.88471921217293
137.83853370011107 35.77841495658355
0.3 
22.30750601553798 146.3779299851097
32.405262470744034 121.57803421216478
29.029232432603127 99.76936152541147
22.30750601553798 146.3779299851097
29.029232432603127 99.76936152541147
0.7249571188771782 120.09496590014932
0.7062984390834162 
213.8678811813311 23.191386119105534
243.9272998944396 25.608614101921113
240.56253461570284 0.5
213.8678811813311 23.191386119105534
240.56253461570284 0.5
205.7110570788766 0.5
0.9255142845302143 
295.14733389649814 32.24318288294559
317.066655285162 22.08260445952905
329.1471372474814 0.5
295.14733389649814 32.24318288294559
329.1471372474814 0.5
304.37534516371346 0.5
0.5899118535224573 
115.10096729483362 30.783298619821892
136.64931675356485 34.656532213531825
121.79979454914479 0.7885529640859019
115.10096729483362 30.783298619821892
121.79979454914479 0.7885529640859019
96.12159976745626 20.73044122927607
0.7313491516425945 
341.9095757100407 20.934871707765087
373.7623363173113 20.050500775950862
389.93738446585394 0.5
341.9095757100407 20.934871707765087
389.93738446585394 0.5
365.188324937797 0.5
0.7762783616943788 
276.97864823229395 174.03593606163773
305.3359646240269 182.86601270729346
324.1773198900707 153.86411353972576
276.97864823229395 174.03593606163773
324.1773198900707 153.86411353972576
295.2408477037559 157.62360162677356
0.3438 
318.00677973129893 22.450402936409475
329.23217673122303 39.92166959577855
339.97172412616396 21.453153300270788
318.00677973129893 22.450402936409475
339.97172412616396 21.453153300270788
329.97092742762936 1.0756375726847551
0.4282739460438738 
392.36011369965985 175.68930704968764
419.5 180.40561755535754
419.5 145.56330607328204
392.36011369965985 175.68930704968764
419.5 145.56330607328204
395.51333312989306 148.4296555528326
0.5366934651583192 
358.18249204982504 209.5
391.7163640925804 209.5
366.1299283187943 186.00198834659903
358.18249204982504 209.5
366.1299283187943 186.00198834659903
330.9159420544272 186.5373535533776
0.5694893316070184 
0.49999999999999645 119.02537922445303
28.939122901926027 98.60293934701241
32.126874800071846 79.26622687975441
0.49999999999999645 119.02537922445303
32.126874800071846 79.26622687975441
0.5000000000000036 91.34427396577554
0.805203583739297 
42.98775432402221 29.35692129289924
74.28454029883085 27.092817521268753
87.20127743033409 0.5
42.98775432402221 29.35692129289924
87.20127743033409 0.5
59.29178871266275 0.5
0.5376335420669572 
86.36234355084775 209.5
120.27319361819393 209.5
110.79786020166428 184.74961631218451
86.36234355084775 209.5
110.79786020166428 184.74961631218451
79.68305972062413 189.1120503564238
0.562073214296116 
393.4827437365706 209.5
419.5 209.5
419.5 181.42060461619184
393.4827437365706 209.5
419.5 181.42060461619184
392.33047018552367 176.69914272500768
0.7595565031540766 
208.71271828024456 55.77138866756175
228.5733210651667 45.95545462707326
213.3341595065897 24.288138002866503
208.71271828024456 55.77138866756175
213.3341595065897 24.288138002866503
194.23963530413994 32.79919187703111
0.39690000000000003 
187.34956453888998 189.13350817773193
214.7528776663497 209.19933395256373
221.89846241621842 189.00024374537168
187.34956453888998 189.13350817773193
221.89846241621842 189.00024374537168
205.66877139878682 169.06527209126853
0.7169340605371568 
137.79414038273364 34.777242178660664
164.52891144697887 31.82646961337766
149.68364286085423 0.5
137.79414038273364 34.777242178660664
149.68364286085423 0.5
122.76517555759926 0.5
0.6136372582569376 
177.86838167625874 209.01048085070136
186.024262183634 189.30289181312486
171.2906144287447 172.40410349052786
177.86838167625874 209.01048085070136
171.2906144287447 172.40410349052786
162.8871363043306 189.58157651088877
0.41743063927808655 
395.74457849848613 20.008798955658193
419.5 27.322891466290734
419.5 0.5
395.74457849848613 20.008798955658193
419.5 0.5
391.616860436044 0.5
0.9261802298824164 
49.39677485716203 49.195461775155216
74.54113749730459 50.34651254199534
74.11839394986339 28.10745038956625
49.39677485716203 49.195461775155216
74.11839394986339 28.10745038956625
42.78233654480228 30.37439517475716
0.3 
104.04467320081203 63.00052497902152
124.49316552703323 66.95728781314693
136.79521623136313 35.69878301813188
104.04467320081203 63.00052497902152
136.79521623136313 35.69878301813188
115.26319223007062 31.82848386310391
0.3 
369.4670467318319 62.304086405856225
382.62132523735625 39.015552300556365
373.8644622216304 21.38900559524685
369.4670467318319 62.304086405856225
373.8644622216304 21.38900559524685
359.6461918218945 35.589231379527035
0.44189999999999996 
23.179903112623194 58.89149635451021
32.781028926271844 77.43800738210493
48.489944960777876 49.631177377417096
23.179903112623194 58.89149635451021
48.489944960777876 49.631177377417096
41.952072221956875 31.02797443993627
0.43720000000000003 
276.946389114021 42.25362498191131
290.9009028368671 57.493174520227704
293.81804384178565 33.4773274239864
276.946389114021 42.25362498191131
293.81804384178565 33.4773274239864
270.6146259309804 23.97778142289194
0.3 
153.29407957290448 209.5
176.9830794524009 209.5
162.04314257654391 190.1246678965845
153.29407957290448 209.5
162.04314257654391 190.1246678965845
141.7635570202309 188.76278673979974
0.9164970784092009 
55.18328765888363 184.735506113016
64.13909172467558 208.93522808312002
78.51251114231171 188.55456038455657
55.18328765888363 184.735506113016
78.51251114231171 188.55456038455657
76.59513877879012 155.8056872183757
0.40213740249500873 
23.146622528075238 146.96883793682844
50.83718727983194 152.3239134171445
54.683239232065226 133.57561816985557
23.146622528075238 146.96883793682844
54.683239232065226 133.57561816985557
33.176289956149986 122.33616750583235
0.3 
398.2390372369486 54.00966748944364
419.5 64.20569415935769
419.5 28.369217027336024
398.2390372369486 54.00966748944364
419.5 28.369217027336024
395.86751653053744 21.092976092582333
0.8139851094686753 
121.1770178597785 209.06390521903947
140.20870610433803 188.1961737540325
119.03810372091687 164.11263678693564
121.1770178597785 209.06390521903947
119.03810372091687 164.11263678693564
111.65655067473885 184.19562825625485
0.5396161286585489 
367.00153332617003 184.71534945736778
391.34778235026874 175.73826727013952
394.502798198884 148.46308569676393
367.00153332617003 184.71534945736778
394.502798198884 148.46308569676393
374.931871721338 147.86180617836274
0.3 
364.72662363099766 85.08404649067919
389.84763063805815 96.67944692208276
391.1172182923809 76.36497491746098
364.72662363099766 85.08404649067919
391.1172182923809 76.36497491746098
369.70273907432863 64.25342986026527
0.3 
80.34973382238714 188.00879885450388
110.75654085206965 183.74562865536566
118.00317441669748 164.02971262126536
80.34973382238714 188.00879885450388
118.00317441669748 164.02971262126536
93.68828063247814 173.70153549225378
0.3161161194110109 
174.937389671651 63.72250830403112
196.65874657010178 72.35619084839733
207.9290632814167 56.403527808615436
174.937389671651 63.72250830403112
207.9290632814167 56.403527808615436
193.5140474355773 33.5234972514794
0.3 
26.250745030896454 171.2847933273978
54.45869225368277 184.03359217593845
76.06168653777935 154.84551737002727
26.250745030896454 171.2847933273978
76.06168653777935 154.84551737002727
51.37420780843011 153.41799717961388
0.3986 
244.93521499221413 25.600972238784376
269.2647007330904 22.654495570786153
268.51659877091873 0.5
244.93521499221413 25.600972238784376
268.51659877091873 0.5
241.5714737873527 0.5
0.5568314224487293 
392.2368410616808 75.79401152106304
419.5 87.2476119246715
419.5 65.31474022625571
392.2368410616808 75.79401152106304
419.5 65.31474022625571
398.08122889243464 55.043034100649514
0.8247896604684763 
267.3630826498167 209.5
295.14713173744053 209.5
275.8620455620196 175.0463347657181
267.3630826498167 209.5
275.8620455620196 175.0463347657181
260.6675147966388 188.92773830988764
0.8565039629050306 
243.29352739669855 178.32706236557064
260.02746230472866 188.15799294395498
275.38239612428345 174.13004854511286
243.29352739669855 178.32706236557064
275.38239612428345 174.13004854511286
266.51148064803965 155.0398206607563
0.4273 
21.58060475031606 19.125041965328517
41.89201189496863 29.26341503851208
58.143215658622964 0.5
21.58060475031606 19.125041965328517
58.143215658622964 0.5
29.333458595277133 0.5
0.7238189803365682 
33.24075778305186 78.65729441248432
30.100025699128725 97.70878749726258
57.47564080069503 76.39518297998134
33.24075778305186 78.65729441248432
57.47564080069503 76.39518297998134
48.92007410487466 50.90285975938933
0.3 
141.4068668513052 187.736580734293
161.99993178629896 189.11951368514335
170.44257454561352 171.86198459164297
141.4068668513052 187.736580734293
170.44257454561352 171.86198459164297
142.63931118826508 165.87152236180674
0.4189585787833173 
166.07668531283565 31.755761621766354
193.15661455697764 32.073285217682646
204.29344236440676 0.5
166.07668531283565 31.755761621766354
204.29344236440676 0.5
181.3125121950235 0.5
0.705901534788666 
95.65154161025318 44.44568961222789
103.33165407505074 62.02864531189214
114.31846199451687 31.500442141306515
95.65154161025318 44.44568961222789
114.31846199451687 31.500442141306515
95.70198500608242 21.639798049286533
0.335 
330.00701866521206 185.55105653372453
365.38277163827064 185.01323195563828
347.25662228192175 158.54468556398632
330.00701866521206 185.55105653372453
347.25662228192175 158.54468556398632
325.7762118101908 153.86894249167744
0.3 
140.44931947256774 186.95525909271115
141.66563100020258 165.3764163382661
130.78078610496797 145.8695566548994
140.44931947256774 186.95525909271115
130.78078610496797 145.8695566548994
119.48554448005963 163.1070075948064
0.3 
270.2686844536376 22.755591617139835
294.0354159613236 32.48575982428952
303.3339463934299 0.5
270.2686844536376 22.755591617139835
303.3339463934299 0.5
269.5171687305702 0.5
0.6102070458494856 
370.0518658626002 63.30202873891607
391.32724210222875 75.33490029797925
397.20270153377464 54.473600615401736
370.0518658626002 63.30202873891607
397.20270153377464 54.473600615401736
383.2904805652696 39.86418455152399
0.3 
347.2677343752542 109.1239780896003
374.08948123643574 115.73167691101573
389.49347752408494 97.6173653053864
347.2677343752542 109.1239780896003
389.49347752408494 97.6173653053864
364.30585482287665 85.99121627985038
0.32030000000000003 
306.1841282620322 183.39603939013801
330.41983342848135 208.6724714075545
329.07222342456527 186.10581260713906
306.1841282620322 183.39603939013801
329.07222342456527 186.10581260713906
324.8695267236862 154.6341995734791
0.4654599445266641 
26.49040285722885 209.5
63.2818193621318 209.5
54.22412973098249 185.02497027011225
26.49040285722885 209.5
54.22412973098249 185.02497027011225
25.766741785572222 172.16343476717236
0.5337521698425961 
144.2495952295729 56.97797910922645
173.95938004867847 63.40381294748738
192.62076185579477 33.067070859071976
144.2495952295729 56.97797910922645
192.62076185579477 33.067070859071976
165.50540331894555 32.749131839750405
0.4339 
296.2931285064469 209.5
329.8278842826558 209.5
305.27721418357703 183.89507786220918
296.2931285064469 209.5
305.27721418357703 183.89507786220918
277.0393023263175 175.10218213934158
0.48074246429402206 
33.32909364403358 121.00905159292876
60.734976389854936 113.55350620457256
57.64298380542196 77.53223912700076
33.32909364403358 121.00905159292876
57.64298380542196 77.53223912700076
29.937890491471286 99.10236275041962
0.4171 
0.49999999999999645 90.27383414125772
32.06040492892081 78.22117136015572
22.2963614520954 59.35995200612679
0.49999999999999645 90.27383414125772
22.2963614520954 59.35995200612679
0.5 59.49686904147534
0.8343458943874132 
237.08527897848407 209.2425156246518
259.2566388663702 188.8649469324519
242.469579831967 179.00280674310142
237.08527897848407 209.2425156246518
242.469579831967 179.00280674310142
223.19560840565674 189.0836349712115
0.7670102014540175 
75.5736767646558 26.727559578130503
94.96556245874966 20.362085237249513
120.54099878204258 0.5
75.5736767646558 26.727559578130503
120.54099878204258 0.5
88.31299979428972 0.5
0.91207690277475 
75.53840066368727 50.193033611327074
94.65212144983954 44.18243323821183
94.70228955425105 21.50100328452699
75.53840066368727 50.193033611327074
94.70228955425105 21.50100328452699
75.11521190159044 27.930550270193706
0.4051 
