418.5963720730258 94.3538809557048
387.55126779795654 64.79278167515672
382.1159115469956 90.62397660358785
0.4712967958427001
419.5 25.429267036264722
400.0318932906121 22.448290446741318
419.5 58.99773977927593
0.7801278092186572
383.30202796203304 34.475861082099414
418.5694340538544 59.3778131553226
398.95682105359026 22.557067520817903
0.5680448790676984
419.5 96.43664522865325
399.73134827903294 121.39711246646299
419.5 117.58716218455864
0.6885810591359496
44.42870527336133 140.47142954895733
29.38642452467278 154.17215879782475
57.594807483893575 161.3509908037748
0.3
0.5 96.64178593612371
0.5 122.55623171068521
19.416703773777257 124.81845711200323
0.7264664016158767
135.80750119504106 28.822004101613174
162.4339430535784 36.41777038144209
148.9501215090755 1.2660541220690007
0.5430583671062552
419.5 184.45445560581626
400.29795836921636 182.61772017074574
419.5 204.66463126208959
0.8409282740658311
0.5000000000000036 61.478094898384455
23.298676647945484 60.50024107903029
0.5000000000000036 32.40949095731678
0.6929380239432466
22.876685096695887 79.8887756172126
43.484677760507346 58.14354282574035
24.772255869733858 61.38514721184633
0.4460455805218779
135.11499189474546 27.95102959790153
148.20757115629738 0.5
122.7730107179471 0.5
0.8231069314435605
138.58726929972636 189.90204781122512
125.91858626453397 209.5
149.16206196784097 209.5
0.7146003415087507
207.10647561452623 0.5000000000000036
176.23581425078387 0.5000000000000036
195.60467816372648 19.240704053413566
0.9696235424756173
381.5995388425981 34.4011268692305
366.4318120887864 21.005392413758518
361.3821342987086 45.82672029622879
0.37750543157701566
392.4485975825107 0.5
362.6129715703624 0.5
366.44901803255334 19.20126371683033
0.7742052591654977
266.10563112831204 0.5
285.30040037881463 22.324242812996783
298.12620542266984 0.5
0.9370982656214516
264.5008949140902 0.49999999999999645
240.3790747860647 0.49999999999999645
264.53702579465016 20.66870555380557
0.7950235317585317
330.0630538388068 175.77591511914417
314.47807615607127 188.34167578508314
342.671005984074 189.334150743046
0.3
358.55557976943186 158.48943502465468
330.89686196837755 175.20409192884884
343.72712523006794 189.00139464814816
0.3
138.85837725864207 187.57638563076287
148.6748366439437 171.42943598243028
133.30313832056973 160.7339778249878
0.3
63.39068616008771 38.46043931395391
81.82367346502417 47.8396843830203
73.67452990030105 21.467462906202396
0.3
93.11155244614667 27.013261689956874
74.58516987994767 21.027295903117533
82.76252214649296 47.490806252946314
0.3
85.80895171673967 209.5
123.58270036080381 209.5
96.65642136409889 187.80114564672613
1.0
196.02696800457832 188.46352202410645
193.5845187584581 169.59644298268432
165.29638074383945 188.0322906338682
0.3
44.82313794125875 138.85892045417572
60.320706285680714 127.27369386522861
35.10030646951998 103.03426629167288
0.3
0.5 30.415346239980718
24.70148786288603 26.614496523631352
0.5 6.079969919766775
0.9294179438365283
0.5 150.53060133084895
19.506412051200037 125.83631056690751
0.5 123.56335706272753
1.0
235.3506681838409 209.5
228.40658590414728 183.22856684009764
210.9330529612393 209.5
0.641932620286412
52.00683566627646 187.85912552974526
33.10074714079157 209.5
56.38861520767893 209.5
0.9003080394981802
419.5 147.85693432867188
399.9214523662986 181.57714184783623
419.5 183.44989126154366
0.8644389454735617
0.5 152.54462507258665
0.5 174.99152975353547
27.027850754454835 154.81524170939187
0.8199010660396083
298.0081574116046 209.5
328.96293772514804 209.5
313.1293251242866 189.60844474231214
0.8724031767308013
52.9254125990678 186.33352401824519
72.6574019159057 188.4776594308475
58.85523909456661 163.48470563267705
0.3187706362983549
400.1582023985128 147.04130702199345
419.5 145.53736871897843
419.5 118.60556468096975
400.1582023985128 147.04130702199345
419.5 118.60556468096975
399.02221457444705 122.55218407899946
0.6844665194979992 
355.7254336796233 209.5
390.62411051283186 209.5
398.43516889551216 182.49077146770358
355.7254336796233 209.5
398.43516889551216 182.49077146770358
366.19417014793834 182.0094537262253
0.8013226349674759 
164.27274024675447 187.50579167439878
193.5176845320704 168.4463775435422
197.53516480632976 142.10780959592887
164.27274024675447 187.50579167439878
197.53516480632976 142.10780959592887
167.59965062771784 159.7639171561391
0.3169 
0.954321303280846 151.57985565436914
28.188194475911338 153.9109033552476
43.69648387026676 139.78572661809156
0.954321303280846 151.57985565436914
43.69648387026676 139.78572661809156
20.5653821088094 126.09996831863812
0.5483193834378481 
150.90986681471594 209.5
180.7483323251803 209.5
195.61373280558217 189.45782169438212
150.90986681471594 209.5
195.61373280558217 189.45782169438212
163.92113008738755 189.0130906837289
0.5818656020255949 
315.62674776858535 63.44953507234699
330.69158159092746 50.79391681270604
342.87208887622006 33.85238485392268
315.62674776858535 63.44953507234699
342.87208887622006 33.85238485392268
313.73732129158856 40.8921554189485
0.3 
273.36931779168725 175.45800254902483
289.9251492798491 188.16539560797952
304.7888241109975 169.24965840062174
273.36931779168725 175.45800254902483
304.7888241109975 169.24965840062174
276.2788190615533 154.96508397536968
0.41159999999999997 
297.17666988246845 208.94138640357082
312.5537117794694 188.71323442444543
305.4090363513096 170.07886908516747
297.17666988246845 208.94138640357082
305.4090363513096 170.07886908516747
290.57183281212446 188.9609185263434
0.4705200452117532 
330.241065561888 209.5
354.1516354324707 209.5
343.5575112439881 190.36597779692187
330.241065561888 209.5
343.5575112439881 190.36597779692187
314.1874551933464 189.33206449589008
0.8118395122829216 
366.9149626898122 20.097933525401366
382.48018690218163 33.84472720602891
398.56081035906493 21.601727238009037
366.9149626898122 20.097933525401366
398.56081035906493 21.601727238009037
393.6843983373978 0.8429192420247098
0.6277822827957286 
197.22917008289897 41.26005956826566
217.55872142549092 36.64169264086206
207.82344250184258 1.2435612111789744
197.22917008289897 41.26005956826566
207.82344250184258 1.2435612111789744
196.21170556970782 20.16339755172406
0.6532890483641209 
313.34117645619864 187.9737748736851
329.4679179215263 174.97120421237045
316.58817558949073 152.19812110751982
313.34117645619864 187.9737748736851
316.58817558949073 152.19812110751982
306.11594778007657 169.12931480485798
0.3268 
399.5312412277211 21.35997498173876
419.5 24.417611931781718
419.5 0.5
399.5312412277211 21.35997498173876
419.5 0.5
394.6310642622468 0.5
0.9291057843918545 
1.313116222431443 175.62946840044643
30.677939600618565 178.581073434764
57.40945444404829 162.33569506926102
1.313116222431443 175.62946840044643
57.40945444404829 162.33569506926102
28.47388754658353 154.97179994439256
0.39313001171241885 
0.49999999999999645 209.5
31.480116705374027 209.5
30.311856143738925 179.54931549496365
0.49999999999999645 209.5
30.311856143738925 179.54931549496365
0.5 176.55277696507164
0.7843144311654664 
114.24380144560827 22.803652586819283
134.20793938322825 28.37222402397845
121.67658921901635 0.5
114.24380144560827 22.803652586819283
121.67658921901635 0.5
88.34674547666074 0.5
0.7682863752992978 
74.1065511287178 189.03515311812848
84.98015455900122 208.92150264502243
95.90665614157606 187.06455589718553
74.1065511287178 189.03515311812848
95.90665614157606 187.06455589718553
81.92248653921662 167.01467805101026
0.4845636948822146 
26.360130590854812 26.34209078399112
48.8386714414723 22.35447989422324
64.04304500008303 0.5
26.360130590854812 26.34209078399112
64.04304500008303 0.5
26.497352049805038 0.5
0.6225683713667088 
239.2537375018176 28.84544278590632
264.00173112314053 21.524496467674926
238.81871904081913 0.5
239.2537375018176 28.84544278590632
238.81871904081913 0.5
209.25711925461755 0.5
0.6706038968558148 
25.362655010317233 25.86402709251443
25.49733795186328 0.5
0.5000000000000003 0.4999999999999991
25.362655010317233 25.86402709251443
0.5000000000000003 0.4999999999999991
0.5000000000000031 4.768512071101031
1.0 
94.2953685390908 26.552322156799672
103.49176541348619 47.17425707782209
113.40104314309309 23.39758272791955
94.2953685390908 26.552322156799672
113.40104314309309 23.39758272791955
87.87746683792865 1.4155868066011266
0.37280848873673694 
20.791118139113514 125.07160567516841
43.72825420324311 138.6426021409925
33.744305193947895 101.85583673487565
20.791118139113514 125.07160567516841
33.744305193947895 101.85583673487565
1.080202984016772 95.7119465325057
0.49450064006970734 
124.88147454741213 209.262337529712
137.8145202569115 189.2554267272302
117.14691854977045 184.73763396579784
124.88147454741213 209.262337529712
117.14691854977045 184.73763396579784
97.70553520474508 187.3622914898526
0.6285090520317465 
275.4694311203783 209.5
296.30810750496346 209.5
289.58640528809167 189.16600026705902
275.4694311203783 209.5
289.58640528809167 189.16600026705902
273.4015573832274 176.74335486422495
0.8500715453461641 
380.3764703686315 162.3927182903293
398.9929629729309 181.18471785326844
419.0895421292721 146.5723026600879
380.3764703686315 162.3927182903293
419.0895421292721 146.5723026600879
399.86375398069083 148.0672205471451
0.6905431934903149 
149.81697070857595 171.0716549920988
163.29079242094357 187.2955134377302
166.60427705793785 159.66559123012922
149.81697070857595 171.0716549920988
166.60427705793785 159.66559123012922
144.76301142675325 141.06008803111627
0.3179 
360.45293492426117 156.853622298836
379.50883647478196 161.7894043119937
398.67384694981115 147.70081609345752
360.45293492426117 156.853622298836
398.67384694981115 147.70081609345752
370.2912923828214 135.86389521111033
0.3 
96.72230851478753 186.48595882995147
116.34238474087992 183.8371771164569
104.63119982029694 164.61890257876226
96.72230851478753 186.48595882995147
104.63119982029694 164.61890257876226
82.68556959994481 166.3607094512707
0.4041790070166499 
313.67754128992294 39.877822011871615
343.43220766917256 32.68826664849546
333.7549796310226 0.9117090515845412
313.67754128992294 39.877822011871615
333.7549796310226 0.9117090515845412
312.8656585127241 20.37563453070625
0.5363137558429044 
197.02288240095743 188.3675032785235
227.8741797596164 181.6731847094016
216.600829572284 158.83101069547317
197.02288240095743 188.3675032785235
216.600829572284 158.83101069547317
194.52119289738212 169.04281365558603
0.3 
363.9887426496125 74.72004983596551
386.6934828474761 63.527522335833396
382.07876194016336 35.27894276198137
363.9887426496125 74.72004983596551
382.07876194016336 35.27894276198137
361.203792316188 47.0761502228455
0.3107 
24.51697718159368 60.41447596236343
44.066152145637034 57.027918536601106
25.60803052523138 27.484381042140495
24.51697718159368 60.41447596236343
25.60803052523138 27.484381042140495
0.9354913705919614 31.359209481566317
0.44349293987649613 
32.45061732440665 208.72422900412673
51.841785738807836 186.5281073197308
57.89285871413499 163.21210177454006
32.45061732440665 208.72422900412673
57.89285871413499 163.21210177454006
31.30561452143741 179.36980342879383
0.3 
236.73323568263262 209.5
274.46744050586483 209.5
272.36475332439755 176.19188422995077
236.73323568263262 209.5
272.36475332439755 176.19188422995077
249.51625769285616 176.9136248963104
0.6459795131763997 
366.242931864891 181.01007025005504
397.8802153767993 181.48237527899292
379.3550598027044 162.782573825986
366.242931864891 181.01007025005504
379.3550598027044 162.782573825986
360.43475657970106 157.88191393938848
0.3 
286.3183305116179 22.565822238947305
312.13671291514873 19.688024482785266
332.72992806471484 0.5
286.3183305116179 22.565822238947305
332.72992806471484 0.5
299.2861084361085 0.5
0.6885829639907184 
253.0123497651627 44.183804153780365
276.4589165862421 52.49007161531446
264.73964043353146 22.34904545247919
253.0123497651627 44.183804153780365
264.73964043353146 22.34904545247919
240.0189512204384 29.661914586355337
0.3 
49.76147642557872 22.779075557818622
62.614698534966536 37.81125061562817
73.2616988202382 20.218195992144427
49.76147642557872 22.779075557818622
73.2616988202382 20.218195992144427
64.89914374023861 1.0204779609898118
0.7363303564647444 
163.52414837349545 36.46771640392483
194.8617007108984 19.913292485118383
174.79770422630955 0.5
163.52414837349545 36.46771640392483
174.79770422630955 0.5
149.7273179207436 0.5
0.6804017380944114 
229.1342101392529 182.0681628081047
236.0927675221368 208.39435938967014
248.6243113454966 176.4490504220619
229.1342101392529 182.0681628081047
248.6243113454966 176.4490504220619
239.60984086211647 158.45309992023465
0.3 
249.47495569084202 175.91443076848324
272.39728861656056 175.19035772196335
275.2981984318389 154.75795260507044
249.47495569084202 175.91443076848324
275.2981984318389 154.75795260507044
240.35997356129135 157.71782481909784
0.3 
85.28186878558034 71.66530848134768
102.93025717219194 48.37039991750892
93.79319839626368 27.881524326313112
85.28186878558034 71.66530848134768
93.79319839626368 27.881524326313112
83.1615377149406 48.91830739454521
0.3 
354.4678611030087 95.92901752599646
381.0908949908343 90.63879655706582
386.5456755564461 64.7152887727824
354.4678611030087 95.92901752599646
386.5456755564461 64.7152887727824
363.94114254248444 75.85841814495718
0.3 
344.35827466533976 32.29660291271653
365.5527479496921 19.808466042507277
361.5921507422405 0.5
344.35827466533976 32.29660291271653
361.5921507422405 0.5
334.6749420297501 0.5
0.831108559168444 
330.29378730148545 174.40012295419183
358.7548867090496 157.20057252183364
338.32245079908023 145.62410523737512
330.29378730148545 174.40012295419183
338.32245079908023 145.62410523737512
317.3563966057641 151.52510993931415
0.3084 
218.58160623823514 36.589898489583305
251.3192817700306 43.791273821943165
238.7609019901713 29.755576873130035
218.58160623823514 36.589898489583305
238.7609019901713 29.755576873130035
208.95627977281325 1.591561621292989
0.3554554778252706 
23.37095847172292 80.82098468475415
53.34676762953847 81.41724147027585
65.0312114191535 62.79445272658651
23.37095847172292 80.82098468475415
65.0312114191535 62.79445272658651
45.04787693435269 57.94783804396594
0.3 
181.99337350408257 209.5
209.73206236903428 209.5
227.5064377564822 182.7762506313941
181.99337350408257 209.5
227.5064377564822 182.7762506313941
196.88656454136267 189.4203532590783
0.5870532351275306 
60.877516383032315 126.42186361483691
70.39877648192775 99.26871686562174
53.62152270415412 82.62865137394236
60.877516383032315 126.42186361483691
53.62152270415412 82.62865137394236
34.85871237282943 101.41508656320084
0.3 
74.19175375177389 19.84927835537693
93.11275938927199 25.96274880725561
86.61162005635302 0.5
74.19175375177389 19.84927835537693
86.61162005635302 0.5
65.76317876476269 0.5
0.8710212830573257 
73.46101883485304 187.86427538523506
81.2832128150998 165.82616753690098
83.28979610487384 140.4477683854793
73.46101883485304 187.86427538523506
83.28979610487384 140.4477683854793
59.31511087100934 162.24886794873484
0.4286 
134.2750315755824 50.013841832630334
161.65110513459388 62.59844492411783
162.7425161130227 37.54569165182977
134.2750315755824 50.013841832630334
162.7425161130227 37.54569165182977
135.56120383437445 29.791636628459962
0.3 
370.7004026735908 134.9510338108333
399.1466060522196 146.81449937737543
398.01872144649894 122.50006203054954
370.7004026735908 134.9510338108333
398.01872144649894 122.50006203054954
378.98598901948054 115.63462062215922
0.3 
57.40890778301974 209.5
84.15674312900505 209.5
73.24703343243274 189.54761699707066
57.40890778301974 209.5
73.24703343243274 189.54761699707066
52.921818828933596 187.3390199975317
0.5794784124710844 
387.7130201882257 63.565975542025605
419.5 93.8334875374428
419.5 61.259034121169854
387.7130201882257 63.565975542025605
419.5 61.259034121169854
383.1423913197622 35.58730123287438
0.743325418792793 
150.0350932362039 209.01211135575477
163.03153310303273 188.54854226132807
149.40942374707285 172.14613033694104
150.0350932362039 209.01211135575477
149.40942374707285 172.14613033694104
139.20220387624983 188.93583616004264
0.4476568934682135 
379.25495968150614 114.6685733744561
398.33403937683505 121.55073305786266
419.04171456951906 95.40462782449524
379.25495968150614 114.6685733744561
419.04171456951906 95.40462782449524
381.95156346056643 91.61238633282753
0.5186907701165706 
278.0494171494179 52.534240446593756
312.6884135818406 40.15979084500802
311.8792497493996 20.72291497274435
278.0494171494179 52.534240446593756
311.8792497493996 20.72291497274435
285.77616336865657 23.63244672579224
0.3 
44.96631360885556 56.581410421590945
62.011311008504656 38.64433602205946
48.93630050050997 23.352773706698787
44.96631360885556 56.581410421590945
48.93630050050997 23.352773706698787
26.673304766771995 27.302147681489977
0.3873 
277.232163682015 51.71931376140796
284.82920493946045 23.302679762945598
265.5023803472077 1.3282914699225863
277.232163682015 51.71931376140796
265.5023803472077 1.3282914699225863
265.5387761340343 21.64487098668613
0.31502595010198775 
0.5 94.10446945749796
21.757396513189555 81.00212411592304
23.757151974782623 61.4814960870277
0.5 94.10446945749796
23.757151974782623 61.4814960870277
0.5 62.479014286747024
0.7915149188144347 
217.38688321867664 158.1641791456711
228.58177456873534 180.84737908497615
239.03976609273673 157.27207998808362
217.38688321867664 158.1641791456711
239.03976609273673 157.27207998808362
229.10534970331096 132.49292934866233
0.3 
1.3625487255854267 94.74751805644861
33.97761855652378 100.88218560971721
52.43721398720135 82.39934710873916
1.3625487255854267 94.74751805644861
52.43721398720135 82.39934710873916
22.366791238574628 81.80120833914067
0.47004193299347224 
332.15537164299644 50.47101743512311
360.25364433537305 46.35761420233486
365.4004452559366 21.058884559400987
332.15537164299644 50.47101743512311
365.4004452559366 21.058884559400987
344.4094858204034 33.42710767827808
0.3 
104.23874484830743 47.981407064467895
133.28695530518934 49.79459874548103
134.57688566127948 29.5133057991985
104.23874484830743 47.981407064467895
134.57688566127948 29.5133057991985
114.29349327839915 23.855685128327462
0.3932 
391.6650890980841 209.5
419.5 209.5
419.5 206.18721420750882
391.6650890980841 209.5
419.5 206.18721420750882
399.3228757128993 183.0207575467985
0.657985562969503 
117.48316958421557 183.78752341568256
137.98033323029966 188.26805961249622
132.16680124433174 160.1776033605069
117.48316958421557 183.78752341568256
132.16680124433174 160.1776033605069
105.71189022842913 164.47063278049143
0.3 
344.4210927833322 189.86123192919138
354.91590035179377 208.81587862384552
365.3282423964537 181.4734221904988
344.4210927833322 189.86123192919138
365.3282423964537 181.4734221904988
359.59413877678764 158.6402192815995
0.6362076001346525 
162.6589656074259 62.43978391980785
196.24488033335325 41.60990477882571
195.24330327997905 20.842661985966327
162.6589656074259 62.43978391980785
195.24330327997905 20.842661985966327
163.74626828626654 37.48133445972755
0.3002 
