112.87820721190201 31.74725895540247
119.4647008569314 0.5
93.70424933241534 0.5
0.8469910074614109
113.75997493412521 32.41241740345149
146.7699565361879 24.675046782257116
120.39147966053253 0.9516195013075013
0.4385351165213134
468.15944180718947 27.80360313056007
486.38928407029175 0.5
453.8798037867767 0.5
0.6853599776388566
77.16784443361732 68.75467275536741
85.67053005772551 37.06959902150336
63.35446624025457 46.464277380142974
0.7634753511215266
286.58016114948447 47.40720441269137
277.4941652350533 27.50147345182279
266.72847275063583 44.9737273150646
0.3
467.69984625838447 29.82236100353692
451.5107876190416 44.40803981318219
471.219199252935 68.4249853974473
0.4165670443869029
207.1211145816184 0.5
177.74609927036414 0.5
197.39691386886602 22.282161049370412
0.6998988496473542
145.7843181038729 68.96320733976592
154.59905679525352 47.933167691897694
130.73548142774413 47.13906772645626
0.7199817339865706
286.9521277452542 49.235003263734214
268.1201784556767 69.5
287.7238400656097 69.5
0.9798357375981014
365.76448391364033 0.5
391.25442013275796 19.28540055999663
393.93703980881577 0.5
0.8486042817143098
238.77145418348115 34.333154450661375
218.31514356225998 31.37553708546587
226.97871548814467 48.74841591938111
0.42425076753934543
176.56728352736243 29.795561836968353
198.99749622680133 44.45299822969223
197.09797324029682 23.836548466816467
0.3
176.0821933221899 30.673150541462974
179.38851838446726 48.892849698468666
198.2877648230043 45.18379099764601
0.4880699374112689
370.2400027222869 45.045980533757735
354.69412505758436 69.5
385.16317714291625 69.5
0.6530141466696981
338.95085539692144 22.312935730765552
362.9497533580785 0.5
332.63819018431207 0.5
0.9532790304945318
302.50523002970897 0.49999999999999645
270.1092082606638 0.49999999999999645
277.7922516306881 25.495426956347917
0.9827469503118007
370.44729675893996 43.128021394292006
390.3999842106383 20.811031354964776
363.7995384915775 23.49741716807317
0.573353786304786
67.2319242149 23.786259886474657
91.56515304761399 0.5000000000000036
63.136159999461306 0.5000000000000036
0.954055286525181
23.715852639946814 69.5
55.302241977485494 69.5
41.99377112663138 40.43258378849728
0.8958613127749805
34.22355756994577 19.892292758598746
60.99782391836128 0.5000000000000036
28.925206083972405 0.5000000000000036
0.6894693374385803
469.05258735712346 29.231867316999644
489.5 57.328111125513615
489.5 28.12245874214915
0.7513327668365958
420.05575347709436 1.0208703125461938
415.4155356566016 20.60580956988218
441.7304091036325 24.130714647290457
0.5467614676448656
0.5 26.664536188846096
33.307147197288295 20.33238716225157
27.888553362120376 0.5
0.5 26.664536188846096
27.888553362120376 0.5
0.5 0.5
0.649873624904834 
199.99143719109338 69.5
230.54513880009722 69.5
264.0064389612106 46.08559976555077
199.99143719109338 69.5
264.0064389612106 46.08559976555077
227.06075517847006 50.14606203786103
0.8479696168039917 
443.3030087905514 24.345659404759765
467.20318500655355 28.132952846847687
452.7512988506758 0.5
443.3030087905514 24.345659404759765
452.7512988506758 0.5
420.9382343550594 0.5
0.7141074343663887 
23.192866973282293 68.45312567698467
41.49921415620492 39.340499243841904
33.77729699516585 21.618496910821342
23.192866973282293 68.45312567698467
33.77729699516585 21.618496910821342
20.66039532760047 35.652771884884416
0.3 
307.7214114778083 33.67247004281098
338.08223707102246 22.908706030650333
331.5971558895949 0.5
307.7214114778083 33.67247004281098
331.5971558895949 0.5
304.25763003180316 0.5
0.7512294138921715 
413.6710006689271 69.5
444.67011604916405 69.5
424.669472923244 38.92061177185336
413.6710006689271 69.5
424.669472923244 38.92061177185336
402.0712982584092 38.52255290349783
0.5285169536179528 
56.402071593399995 69.5
76.45327669285153 69.5
62.29163206210471 46.64761345385819
56.402071593399995 69.5
62.29163206210471 46.64761345385819
42.99670254056386 40.22094562219535
0.6362101379074298 
217.82537754484247 30.294327721374163
239.3166515418029 33.40158231632763
245.55838944232917 0.5
217.82537754484247 30.294327721374163
245.55838944232917 0.5
208.570765624062 0.5
0.814214767655169 
175.56913682386494 29.044002352568448
196.63440501641168 22.929828081738275
176.39929647454136 0.5
175.56913682386494 29.044002352568448
176.39929647454136 0.5
153.3735215424052 0.5
0.5297116226733568 
42.296221353406594 38.66622493764893
66.34899658105086 24.539142842903637
62.1865500114309 0.8737638109827621
42.296221353406594 38.66622493764893
62.1865500114309 0.8737638109827621
34.550713688401984 20.890081779546232
0.477307785512063 
386.33467639804763 69.5
412.60319096046294 69.5
401.0256740848359 38.58180021942605
386.33467639804763 69.5
401.0256740848359 38.58180021942605
371.04961788783623 44.45297529762443
0.8347720116984846 
339.9964124503509 22.71395606513281
363.0977380806876 22.563205591749703
390.2902096937172 19.817030932268302
339.9964124503509 22.71395606513281
390.2902096937172 19.817030932268302
364.276390527225 0.6455426657986116
0.6654228468484851 
0.5 69.5
22.270718585459598 69.5
19.735366842114832 36.662343431988546
0.5 69.5
19.735366842114832 36.662343431988546
0.5 57.73443284919097
0.8394102566379941 
108.20141887112499 69.5
144.93977043235583 69.5
129.38988344651602 46.949226684181546
108.20141887112499 69.5
129.38988344651602 46.949226684181546
113.47417049176381 34.019865810068566
0.5069058526477684 
322.6398672600474 69.5
353.50916165058806 69.5
369.22997515080687 44.770802482101544
322.6398672600474 69.5
369.22997515080687 44.770802482101544
340.8762954771623 49.33583813009458
0.7241855747081936 
371.6139776711921 43.3234380886986
401.06810192727204 37.554489727180524
413.7962592687243 21.491759310258498
371.6139776711921 43.3234380886986
413.7962592687243 21.491759310258498
391.84747549378505 20.692362928489075
0.3 
445.86501759834465 69.5
470.80776459847357 69.5
450.54323024416215 44.80535550409446
445.86501759834465 69.5
450.54323024416215 44.80535550409446
426.0404587277952 39.189830555066585
0.6356170681740769 
392.20468627374015 19.704709873509167
414.4097364464229 20.513439730573882
419.1514779686684 0.5000000000000036
392.20468627374015 19.704709873509167
419.1514779686684 0.5000000000000036
394.9471847589396 0.5000000000000036
0.6106884842638408 
287.61358204808954 47.26298787028
306.76187707549724 34.11207428427184
303.3151696770306 1.1031215820636682
287.61358204808954 47.26298787028
303.3151696770306 1.1031215820636682
278.15807940510405 26.54773623648764
0.5007325715726617 
469.0778057040189 28.229028241785134
489.5 27.120987930527583
489.5 0.5
469.0778057040189 28.229028241785134
489.5 0.5
487.5916922610303 0.5
0.9236580248127638 
288.7245648860487 69.5
320.7756549365182 69.5
307.05749473507217 35.12217621916125
288.7245648860487 69.5
307.05749473507217 35.12217621916125
287.91604291688844 48.268389937477444
0.491478032981993 
148.04261080765042 24.47467945707325
174.19883555369586 28.91083094960755
152.1067734176606 0.5
148.04261080765042 24.47467945707325
152.1067734176606 0.5
121.38476242132137 0.5
0.8224490513927815 
67.72605162988589 24.69751673344561
86.52624749333674 35.696200358833366
112.27319049181534 32.673302810017574
67.72605162988589 24.69751673344561
112.27319049181534 32.673302810017574
92.70876787716921 0.7897144765510191
0.33269606582760236 
198.98043353592396 68.99353879179667
226.23841977778133 49.50470737965108
217.27433440436732 31.52921524067506
198.98043353592396 68.99353879179667
217.27433440436732 31.52921524067506
200.07934145711624 45.68278272610098
0.3872477364547704 
265.97898967641686 44.283803583685156
277.0155158135597 26.371998401104175
269.27096527562 1.1764687186776364
265.97898967641686 44.283803583685156
269.27096527562 1.1764687186776364
256.3517721801283 21.287851068359043
0.6319422047937893 
341.08109161422885 48.28998717217964
369.5854441453666 43.700692698751666
362.76677235230153 23.565386639969727
341.08109161422885 48.28998717217964
362.76677235230153 23.565386639969727
339.2323275564053 23.718963484457422
0.3 
0.5 56.251162405473536
47.589960781958254 4.664734530470604
47.589960781958254 4.664734530470604
0.5 56.251162405473536
47.589960781958254 4.664734530470604
0.5 27.53664481911148
0.43005744847039523 
43.265710240514025 39.25653444978306
62.60077151667757 45.696569184713105
85.30319778694617 36.13923889051811
43.265710240514025 39.25653444978306
85.30319778694617 36.13923889051811
66.90207541670478 25.374025337834354
0.34954125640811756 
78.00321591697225 69.5
107.19043650650997 69.5
112.51794100831687 33.65143586857004
78.00321591697225 69.5
112.51794100831687 33.65143586857004
86.81331267512502 36.66936533639921
0.521761435026621 
472.3213542604948 69.5
489.5 69.5
489.5 59.02754557243944
472.3213542604948 69.5
489.5 59.02754557243944
468.769649986979 30.54252507745861
0.8943018084686098 
402.3653206432595 37.527576878139826
424.7799759932363 37.922403118556275
441.7795016071785 25.146222196269985
402.3653206432595 37.527576878139826
441.7795016071785 25.146222196269985
415.0170025767774 21.56135719943532
0.5255845032549924 
129.94552758950005 46.11222719039032
154.63835810351716 46.93392199327931
147.48634115854804 25.53423308395426
129.94552758950005 46.11222719039032
147.48634115854804 25.53423308395426
114.21458032933731 33.33296341524456
0.34422149472965236 
228.0382121902597 49.03261476122357
265.1743077217769 44.951225559352096
255.5825589188844 22.039994968032758
228.0382121902597 49.03261476122357
255.5825589188844 22.039994968032758
240.0714792932827 34.323335085450154
0.4594312698610281 
200.00160095402788 44.45157805343829
216.8643399133322 30.571495951526746
207.8078112345883 1.414878063894676
200.00160095402788 44.45157805343829
207.8078112345883 1.414878063894676
198.05018526885195 23.27191151307669
0.43724001652534067 
240.4599775922805 32.74009522452347
255.41343574619495 20.89833972654189
268.5169651392806 0.5
240.4599775922805 32.74009522452347
268.5169651392806 0.5
246.5762252044696 0.5
0.6671940984764355 
232.28935783754736 69.5
266.7550521395622 69.5
286.3729145720422 48.38928479715349
232.28935783754736 69.5
286.3729145720422 48.38928479715349
266.0233598626409 45.894777814306494
0.63003604970425 
170.92149054195193 69.5
197.95544755807325 69.5
199.0608658100718 46.0511425243445
170.92149054195193 69.5
199.0608658100718 46.0511425243445
179.342223563934 49.921011189706384
0.859979394896701 
426.10378394526066 38.17841789441943
450.6797933616825 43.81072744492383
466.99401248972873 29.112284160916296
426.10378394526066 38.17841789441943
466.99401248972873 29.112284160916296
443.18654372287114 25.339681418637632
0.3 
321.68065429764437 69.06977401690428
340.1086482273534 48.69379643443254
338.24404968929446 23.91232437321475
321.68065429764437 69.06977401690428
338.24404968929446 23.91232437321475
307.9471245001601 34.653433900315854
0.6374214038832183 
146.64361236230692 69.5
169.83292375043106 69.5
178.25398265280717 49.92025348742896
146.64361236230692 69.5
178.25398265280717 49.92025348742896
155.66086579465323 47.98680444917226
0.7215449532317924 
155.71060350859705 46.987405825021376
178.37842839186322 48.92724814492266
174.95333631693381 30.05307636361736
155.71060350859705 46.987405825021376
174.95333631693381 30.05307636361736
148.55460203731144 25.57579473706042
0.3 
