240.4106424495921 25.62691556586841
272.0006125837556 0.5000000000000036
237.71859250415392 0.5000000000000036
0.8292077459580828
377.02658477646713 39.227771310348466
386.27825419787 69.03559402506656
411.16928049164306 42.7305303923345
0.48332782662678236
0.5 0.5
0.5 1.4633774739388445
14.11747065008455 0.5
1.0
434.02317554023955 36.66311320882847
459.3688765290339 48.476825060689286
460.27734711744586 21.399993105324754
0.3
304.26150661614633 0.49999999999999645
275.05229838744657 0.49999999999999645
306.99576037439493 22.29648575756366
0.8540965303031167
337.5432209843087 30.059017047640005
351.64720668752517 47.331585625295865
364.99769248009466 21.402909313250316
0.3
336.92054460447275 30.877523082387246
332.0418018258548 49.16792154664508
350.7466516547349 47.80978515446241
0.3
177.46281337983675 24.737146674710257
190.7191237674061 44.072785760378835
196.1777829653054 24.340734077816723
0.3
461.1447406065426 19.579288672437887
483.94757511257677 0.5
457.65383851193036 0.5
0.655605080911158
66.4627090518794 48.27390721236648
96.90953459549732 41.54535476433537
73.51950311788168 29.59669831102108
0.5372711449123065
275.69946772262887 50.398441950035135
259.07114566945756 69.5
292.152655560644 69.5
0.8683460139288224
108.70582706546926 69.5
136.17975540638963 69.5
128.01289818566408 46.88216078378945
0.8934297198842105
134.7370842514918 26.058667406424167
129.01744567180364 44.902238752353234
155.6560407422328 30.853685286874477
0.43555291824534365
202.61934853866185 69.5
190.80195632281908 46.12754569848996
170.26702886219363 69.5
0.6997396121320711
235.60881585422953 69.5
210.5393993650863 40.52954935113761
204.05668233632056 69.5
0.9142539239366972
460.11238452418627 19.493179665156863
456.63723763507693 0.5
429.5362837173571 0.5
0.8822201452488795
336.96330795585504 28.744914720130232
362.1281056831464 0.5
330.598189190538 0.5
0.7382363234276411
444.621173048536 69.5
469.06812577133604 69.5
459.74205450171416 50.18977571095945
1.0
0.5 69.5
19.401339393646865 69.5
0.5 61.302393545142024
1.0
219.73373296426269 20.350635319425148
213.7143310043419 1.1071826552989634
197.9144442032108 23.182804696642215
0.8460384094902405
432.0591172457682 36.434209749015764
420.1571170328832 22.236499432430236
413.03387746703976 41.60042646395809
0.367677602532828
420.554907154073 21.15442681922031
433.0570676580786 36.06805898124684
459.83694975154737 20.499311913822652
420.554907154073 21.15442681922031
459.83694975154737 20.499311913822652
428.0416466000038 0.7487914311548494
0.4356218438636893 
302.9952590054901 44.10111216638661
331.0132665444361 49.143822764099085
336.0719769631064 30.178725920238982
302.9952590054901 44.10111216638661
336.0719769631064 30.178725920238982
307.9977026548239 23.92861720276437
0.3 
276.0655474782631 49.05536681761838
301.9731520722858 44.0681170914098
306.9722212248834 23.90922988095541
276.0655474782631 49.05536681761838
306.9722212248834 23.90922988095541
270.4726193283035 27.892352732224207
0.3 
134.77046561313313 25.040384709824178
156.5444930481232 30.031400916890007
154.87875899640443 0.5
134.77046561313313 25.040384709824178
154.87875899640443 0.5
125.79630913661887 0.5
0.5096154341426027 
376.5145448068591 37.97747852471968
399.48001458672053 25.313859369626172
390.29359157872244 0.8369933523046598
376.5145448068591 37.97747852471968
390.29359157872244 0.8369933523046598
366.632684653973 20.680049219440033
0.7141693903602292 
243.05457185556776 48.12010096775193
275.04672377005494 49.11404919441619
269.4527778856892 27.947184115947437
243.05457185556776 48.12010096775193
269.4527778856892 27.947184115947437
240.57477574556316 27.100952662581903
0.3 
129.9798150289065 45.52525039457044
166.2592928011881 48.02207602531705
175.6536516743613 25.07132183275564
129.9798150289065 45.52525039457044
175.6536516743613 25.07132183275564
157.27741451612488 31.12915387140515
0.4546203685216873 
74.44850161010423 28.94834613922241
98.24273039467353 41.10348434801299
111.9154264532989 24.200123696862647
74.44850161010423 28.94834613922241
111.9154264532989 24.200123696862647
92.68539146263171 21.51502869840559
0.5417197345580163 
27.349636973719342 21.882153273164633
44.42543636562617 36.79533952274839
59.78600230777667 0.5
27.349636973719342 21.882153273164633
59.78600230777667 0.5
28.738839084952872 0.5
0.7170991457361802 
0.49999999999999645 60.21239351057554
21.439968883869025 69.29416388207775
25.461557321129174 48.831947925114925
0.49999999999999645 60.21239351057554
25.461557321129174 48.831947925114925
0.5 31.23452002552126
0.7122846810446525 
167.09714271833687 48.6149559229368
169.5251429396713 68.82932423372603
190.28223087581597 45.20401120789709
167.09714271833687 48.6149559229368
190.28223087581597 45.20401120789709
176.63896091595063 25.303953335106872
0.6421870251767864 
45.254624135999876 37.40184441805653
65.40256279749494 48.25048160144949
72.70938063884356 28.91153505567654
45.254624135999876 37.40184441805653
72.70938063884356 28.91153505567654
60.5493619847164 1.2620494898445322
0.43960405054449775 
236.46937173917814 68.96625407635247
242.100457590381 48.56782092162332
239.592476788236 27.30977465962375
236.46937173917814 68.96625407635247
239.592476788236 27.30977465962375
211.09226807472243 39.64023726855935
0.47060760853299416 
349.01357074403415 69.5
384.3321355808039 69.5
351.61406690450656 48.74943574091764
349.01357074403415 69.5
351.61406690450656 48.74943574091764
332.40295140256535 50.14433146776418
0.9592308957607955 
177.19867322336108 23.74251727568545
196.57790210254637 23.332034618435667
212.91916586105742 0.5
177.19867322336108 23.74251727568545
212.91916586105742 0.5
183.99633415119413 0.5
0.7891577577100655 
107.8198500151441 68.99765585663987
127.56048996284852 45.871899620352835
112.8297141986553 24.659897881370203
107.8198500151441 68.99765585663987
112.8297141986553 24.659897881370203
98.93618700086036 41.83626894483293
0.6169020837671206 
293.47247725575824 69.5
325.35197796889105 69.5
302.20680514298385 45.04149840133538
293.47247725575824 69.5
302.20680514298385 45.04149840133538
276.6437261056115 49.96242648125508
0.6539924547281631 
80.6121255324123 69.5
106.93202293872967 69.5
98.0420144222455 42.31921201004108
80.6121255324123 69.5
98.0420144222455 42.31921201004108
66.5062901891568 49.28840405881482
0.6905979432260138 
22.418644876909298 69.5
49.48961366251552 69.5
44.24473412388535 38.426547929060504
22.418644876909298 69.5
44.24473412388535 38.426547929060504
26.46207360279 48.926658623495065
0.8255064636744049 
400.4165123681761 24.963185061146532
419.61126302159795 20.823167130655904
427.06774522025154 0.5
400.4165123681761 24.963185061146532
427.06774522025154 0.5
391.2352239656658 0.5
0.6434588275439156 
377.9662668545796 38.31892618472406
411.8950432574368 41.799738908979954
419.20278219534714 21.934265868077738
377.9662668545796 38.31892618472406
419.20278219534714 21.934265868077738
400.27721009522907 26.01622604844163
0.4880152303023747 
191.44792163290498 45.18890162388429
203.2491470028985 68.52938111581622
209.72544117856708 39.58763339318831
191.44792163290498 45.18890162388429
209.72544117856708 39.58763339318831
197.07070617602946 24.863566924927305
0.320979373524015 
460.3573645702582 48.83670836807925
489.5 54.263169170567544
489.5 29.962690934945392
460.3573645702582 48.83670836807925
489.5 29.962690934945392
461.28509817766064 21.18574497157588
0.6994131932924214 
326.72874623843626 69.5
347.695818717012 69.5
331.11413066379157 50.17804390280557
326.72874623843626 69.5
331.11413066379157 50.17804390280557
303.7906612120232 45.26033700379855
0.8456198977139506 
352.39623344535426 48.06134219566191
385.1734003658218 68.84938794319602
375.8634011397779 38.85363325679518
352.39623344535426 48.06134219566191
375.8634011397779 38.85363325679518
366.0141475960376 21.613279290354225
0.3 
338.27024401586755 28.78126794475933
365.7461869943858 20.11839047642024
389.13920237387543 0.5000000000000001
338.27024401586755 28.78126794475933
389.13920237387543 0.5000000000000001
363.46743063700364 0.5000000000000034
0.5817804013151094 
237.35943222009058 69.5
257.74532209686515 69.5
274.63201045524136 50.101647182574865
237.35943222009058 69.5
274.63201045524136 50.101647182574865
242.98585777219927 49.1184486336266
0.7529790847296508 
387.2155401527028 69.5
415.02325896506375 69.5
431.96340902682294 37.49641165233688
387.2155401527028 69.5
431.96340902682294 37.49641165233688
412.4968685419342 42.78246155261597
0.7088082493122474 
113.44199413090791 23.7884168999771
128.01260054824095 44.769778208440854
133.86712584723605 25.481817329245636
113.44199413090791 23.7884168999771
133.86712584723605 25.481817329245636
125.00417782222638 1.2455389931009897
0.6417416887637611 
220.7863654988202 20.366144539713115
239.43328930736806 25.891711828422263
236.71286959396963 0.5
220.7863654988202 20.366144539713115
236.71286959396963 0.5
214.57218390336539 0.5
0.5947329123135604 
50.50375860898388 69.5
79.39266842587227 69.5
65.32653845428398 49.3452960407006
50.50375860898388 69.5
65.32653845428398 49.3452960407006
45.27992168001707 38.551215524952035
0.7147170262445676 
26.038721894129864 48.01531920093388
43.766551341046814 37.54758455887264
26.714838476121756 22.655434329608664
26.038721894129864 48.01531920093388
26.714838476121756 22.655434329608664
1.1236677505444312 30.450675165880412
0.48430832431155607 
137.2429482471345 69.5
168.59851185969248 69.5
166.13813788895794 49.016103338996885
137.2429482471345 69.5
166.13813788895794 49.016103338996885
128.92177934357733 46.454799714881396
0.7612941235029194 
241.39154665302004 26.124457787542976
269.8208599253772 26.957541010264347
306.2296206241785 22.984331463029225
241.39154665302004 26.124457787542976
306.2296206241785 22.984331463029225
273.4551500531046 0.6208105238780277
0.7498760315104576 
210.40743776109545 38.846946898498075
238.54762263955516 26.672246672956977
220.3481534635489 21.279271800355616
210.40743776109545 38.846946898498075
220.3481534635489 21.279271800355616
197.82175546096667 24.20322478986825
0.37064808841957725 
461.8315808400601 20.30847527016772
489.5 28.915424228833835
489.5 0.5
461.8315808400601 20.30847527016772
489.5 0.5
485.5059112177444 0.5
0.7325651360239522 
0.49999999999999645 29.595284836615548
26.35814683770739 21.71872130065562
27.73418551709083 0.5391753480122112
0.49999999999999645 29.595284836615548
27.73418551709083 0.5391753480122112
0.5000000000000036 2.465876827488062
0.8390050447530102 
73.51111828093639 28.250543805195278
92.05688077609443 20.69133053345426
88.39336748885601 0.5000000000000001
73.51111828093639 28.250543805195278
88.39336748885601 0.5000000000000001
61.30665503586433 0.5000000000000034
0.7899542446143775 
93.04866262410678 20.556051099972855
112.57743260931926 23.28285854669674
124.26270174924053 0.5
93.04866262410678 20.556051099972855
124.26270174924053 0.5
89.40969442572361 0.5
0.57939155546427 
470.17864395176474 69.5
489.5 69.5
489.5 55.28035732647301
470.17864395176474 69.5
489.5 55.28035732647301
460.7232610425633 49.92202772884842
0.8336270627963648 
308.0821836122861 22.92294314984383
336.0282821166537 29.14451639385898
329.5731113141008 0.5000000000000034
308.0821836122861 22.92294314984383
329.5731113141008 0.5000000000000034
305.269344090338 0.5000000000000001
0.7911100381587349 
157.54365986164484 29.988449189222756
176.12117524166933 23.864264629644673
182.9544432090179 0.4999999999999965
157.54365986164484 29.988449189222756
182.9544432090179 0.4999999999999965
155.8803485244988 0.49999999999999994
0.8835461759703531 
416.154709368573 69.5
443.35106748608473 69.5
459.0615218717395 49.43685759595908
416.154709368573 69.5
459.0615218717395 49.43685759595908
433.163936299268 37.36591058418185
0.8889576866793265 
