368.16480139305605 139.5
356.18648713221955 117.14691916648943
340.9460586218609 139.5
0.8369208511892101
52.6225326727038 95.89991571488181
27.251555818254268 106.50432742127258
49.146776679799544 116.1375202024532
0.3118983095614826
124.38939644314009 139.5
120.34000161884023 119.37104172142689
101.16678342032361 139.5
0.6883074408673349
125.32810583680623 139.09574453283008
151.55764621117845 118.05241027231482
121.24823604438319 118.81529957822065
0.7521532455954678
465.2413875518748 139.5
489.5 139.5
489.5 116.17441110757198
1.0
462.7189318386386 139.5
437.7822383467776 116.53631241983273
426.79356010981047 139.5
0.8781593744273766
356.01395407838004 115.07569111847292
361.53085843449077 94.23244314811942
343.77250361383915 99.21445456679609
0.3
453.676836155984 0.5
461.6236649757286 26.34582145463173
481.0002411092035 0.5
0.9955727038954876
489.5 0.5
482.68497618993626 0.5
489.5 21.79694940644923
0.8261069727852586
0.49999999999999645 23.90882104416977
27.535711670746725 0.6021730521467303
0.49999999999999645 2.466704891508571
0.8955021500869638
129.78252012808224 51.28263632929012
155.151692684558 39.87141333307912
144.57718407331032 24.51764425230504
0.3
243.0572349410597 77.13952590359196
229.18123355421073 105.25541319211307
249.84556890155864 104.53508808787643
0.3
247.61718878228413 138.328519766272
249.94115259431553 105.53236356451237
229.20935431268853 106.25504031685914
0.5897280260545965
257.1390113526187 52.98250630123779
264.78855690766545 32.06342240256806
241.23605379425987 39.429812664479215
0.3
258.05535342750363 53.38838607876839
277.8424828801734 55.13007978837096
265.6927810627762 32.50244085201162
0.3
393.37773029490506 0.5
360.6689563169408 0.5
389.23169349906004 19.30163883119884
0.7658882940628655
203.57076607856868 107.36001902662208
193.97073688053575 90.44561216601795
185.24978946509015 110.89927986553408
0.3
173.521548412248 80.96937033959908
184.45144205557938 110.22204356164528
193.25259022359404 89.58027708522405
0.3
58.31945578508841 0.5
84.82159375077617 23.953557140974027
94.2598215789761 0.5
0.9173603061358998
127.8691713055135 52.177066635442394
110.23936876258944 28.11088429942228
109.8879339237724 61.405603761805686
0.3231
0.49999999999999645 0.5000000000000001
0.49999999999999645 1.4643295912500474
14.482779073125682 0.5000000000000001
0.8215976457767853
64.06448559483374 139.5
49.71798694856305 118.0322602598455
43.66060379440831 139.5
0.9979447161417535
111.30347959288648 90.83795304956664
76.53862323211477 86.74518192063489
98.75008782535652 105.97782230893534
0.3
340.55948956746676 22.211231645460106
351.3359184317349 40.363311772294416
370.73342016513305 32.00541442228867
0.42132887257111995
488.9353284357161 51.74380329484214
462.0854116832459 28.651106680079156
465.5606054894713 57.41493859686118
0.4414381829173812
180.28157909076262 40.92080019461717
184.14044874776482 22.14068831864431
165.58353855772117 22.417921549616437
0.37303278526515765
395.3494703278077 0.5
417.04771343266856 19.137700515280997
414.5622519238045 0.5
0.9509592820337072
0.5000000000000036 92.8513999868188
0.5000000000000036 124.02998641183865
25.04907821163447 106.54404035188442
0.9998351556311824
84.66623399530758 25.544364438167857
68.04657466969024 34.15165014639092
88.64070525499693 44.55108150003223
0.3
180.0003564175976 0.5
152.86249971332666 0.5
164.61590876928665 21.024790061110902
0.706680070992065
424.8138948000407 139.5
406.3808526875262 120.60073796090037
398.7414129473539 139.5
0.9510909854350027
186.8593430439895 139.5
221.15674928902231 139.5
204.34087304086106 108.74556916289369
0.6850112083063833
362.84605259963587 93.32787337971845
382.2021818697414 106.74801442366673
385.9823070339592 86.93001417914802
362.84605259963587 93.32787337971845
385.9823070339592 86.93001417914802
370.62245182693516 73.17086019017525
0.4215 
182.42100354388413 41.9555343558624
220.55837998395037 50.06792592072449
239.07654759588542 39.31037934163786
182.42100354388413 41.9555343558624
239.07654759588542 39.31037934163786
216.16029641185062 30.31731012439471
0.3 
0.5 91.35514564106221
33.90321390352342 82.76484377606654
20.16304763493885 55.577296469731266
0.5 91.35514564106221
20.16304763493885 55.577296469731266
0.5 55.50192036798071
0.8410021703296664 
205.19065428486124 107.14945718758311
228.03980902617826 105.30864109799589
242.46403598320862 76.08192599170636
205.19065428486124 107.14945718758311
242.46403598320862 76.08192599170636
222.19620795444254 72.93011354785828
0.3 
71.34532448793067 54.785318010859335
87.84257555236445 68.10010571001891
88.82901510269791 45.76643819444942
71.34532448793067 54.785318010859335
88.82901510269791 45.76643819444942
67.6274842381089 35.06028753151685
0.4061 
1.0986296847420363 24.713049917259518
34.72537365945628 31.546896737889945
56.04999236296349 0.5
1.0986296847420363 24.713049917259518
56.04999236296349 0.5
29.18576758876307 0.5
0.882050285775985 
301.9538781817508 107.63057648011666
323.1432712140672 87.30319285238451
304.3273548989831 61.39195418368026
301.9538781817508 107.63057648011666
304.3273548989831 61.39195418368026
291.39999080961206 75.87521837836891
0.3 
340.3467250432273 21.09080955878709
372.07155123621175 31.388398906369105
388.66387595400744 20.125074976557002
340.3467250432273 21.09080955878709
388.66387595400744 20.125074976557002
359.0808219054485 0.651804813463599
0.47975667006155287 
0.5 139.5
4.723163823499846 139.5
24.224252330310765 108.35929358908535
0.5 139.5
24.224252330310765 108.35929358908535
0.5 125.25772834839755
0.8056674134617288 
390.10730561704173 19.974667326754385
403.46440143342164 34.75568326604103
416.9935538429569 20.409434553681336
390.10730561704173 19.974667326754385
416.9935538429569 20.409434553681336
394.30827457911687 0.9239195752706166
0.5033158675620677 
404.2847256662819 35.343360573830076
432.4313465182492 49.209225925750644
438.8653927737028 29.37503351434722
404.2847256662819 35.343360573830076
438.8653927737028 29.37503351434722
417.8468853519801 20.962111103195355
0.34607644044398245 
445.8776282540365 65.13855400725124
464.28491736916516 57.831686699541876
439.690989203728 30.070805867855373
445.8776282540365 65.13855400725124
439.690989203728 30.070805867855373
433.2886764186158 49.80717371728896
0.3 
446.82787477435755 65.83725463255973
466.789640190988 78.27259644515209
488.6099464917705 52.85175790378669
446.82787477435755 65.83725463255973
488.6099464917705 52.85175790378669
465.28362702240975 58.51114963703151
0.687123688283174 
464.3392383496722 138.9801674023586
489.5 114.78712735396647
489.5 84.89483308742359
464.3392383496722 138.9801674023586
489.5 84.89483308742359
458.58280249029787 103.92286481620198
0.6922680759284101 
216.50628755289563 29.03932727416725
234.00266340294488 19.708710594875807
238.37344860331797 0.5
216.50628755289563 29.03932727416725
238.37344860331797 0.5
209.6346776298604 0.5
0.5951926542729836 
50.05777942498 116.74095672246895
64.87208042039666 138.90870413201455
76.53134943525217 107.52921565899919
50.05777942498 116.74095672246895
76.53134943525217 107.52921565899919
53.6471210289738 95.84199951698461
0.43554040730607496 
436.9443643247702 83.52958123468976
457.8188264456178 102.79295884506722
466.2829230480172 79.13509960378262
436.9443643247702 83.52958123468976
466.2829230480172 79.13509960378262
445.9152837092842 66.4469153772644
0.3822 
418.17366369213346 20.015777735072646
439.231392516482 28.444399006782366
452.2163214644698 0.5
418.17366369213346 20.015777735072646
452.2163214644698 0.5
415.5711047371648 0.5
0.6387347674543482 
282.42662571173025 139.5
313.268291784079 139.5
301.36486934161064 108.98168815260787
282.42662571173025 139.5
301.36486934161064 108.98168815260787
276.85978653572187 104.56928684853395
0.4929659375061171 
250.86636012866788 104.49694564892506
275.3400884068421 103.48961743432572
262.90999411146 85.05493266970466
250.86636012866788 104.49694564892506
262.90999411146 85.05493266970466
243.94583592836284 76.5679055957207
0.3 
194.43712121854875 89.24142474894363
204.3200562540914 106.65428680589855
221.15440061772253 72.77945826920781
194.43712121854875 89.24142474894363
221.15440061772253 72.77945826920781
198.82731025643827 69.67796786783812
0.4026 
5.903061164767472 139.5
42.62155833478988 139.5
48.931968082382 117.13551839673167
5.903061164767472 139.5
48.931968082382 117.13551839673167
26.177533896396223 107.12429939481392
0.6612347381689943 
181.22224962783375 41.31121729868573
215.57899845830718 29.460004283699853
208.7094662732334 0.9293063182878392
181.22224962783375 41.31121729868573
208.7094662732334 0.9293063182878392
185.21197085199594 21.894284983351326
0.31169921669272455 
49.96122053554603 45.217299192694945
70.22023974734607 54.215099167194055
66.52903339121855 34.63137501883979
49.96122053554603 45.217299192694945
66.52903339121855 34.63137501883979
36.3308387302807 32.692473886339684
0.3383 
126.42223348756491 139.5
158.77634083093153 139.5
183.0655850139095 112.33425750435654
126.42223348756491 139.5
183.0655850139095 112.33425750435654
153.24174994062705 117.98334201164273
0.7144871402642816 
356.77156204943094 116.12156764375126
368.94422086057403 138.83732049837909
381.9318702897732 107.77744145077983
356.77156204943094 116.12156764375126
381.9318702897732 107.77744145077983
362.5389909440446 94.33182056055882
0.3 
26.014563645803573 105.93752126345323
52.19863845298825 94.9932556563675
34.54297351543326 83.63285564485994
26.014563645803573 105.93752126345323
34.54297351543326 83.63285564485994
1.3360393343232815 92.17268026924101
0.30479170563277663 
406.88736618615815 119.687852697159
425.85802984060194 139.138334135464
436.9998598014092 115.85459638522283
406.88736618615815 119.687852697159
436.9998598014092 115.85459638522283
421.3262927958802 103.45642007242951
0.5390493033407608 
144.69236637153648 23.053573049188685
163.73501733431993 21.498842332735602
151.71014483119563 0.5
144.69236637153648 23.053573049188685
151.71014483119563 0.5
117.39035124573084 0.5
0.7688692033111199 
89.79668684207617 45.19358090647181
108.89038804686226 61.167824167495674
109.25031690517008 27.068386547386595
89.79668684207617 45.19358090647181
109.25031690517008 27.068386547386595
85.64609054479243 25.344598663067707
0.3 
222.29647173343045 139.5
247.13654017439146 139.5
228.08681082761902 106.3080944703321
222.29647173343045 139.5
228.08681082761902 106.3080944703321
205.1578697426666 108.15533845568858
0.6807541049608251 
276.5516408137557 103.49772031650618
300.9889470447285 107.89791772598757
290.5160373034542 76.3862114252928
276.5516408137557 103.49772031650618
290.5160373034542 76.3862114252928
264.03095354537504 84.9286799420698
0.3 
314.34166624695524 139.5
339.14455167874155 139.5
323.1759000371859 111.146766551065
314.34166624695524 139.5
323.1759000371859 111.146766551065
302.49078213764045 109.11638733201391
0.5738240386593514 
438.1144501721078 115.4828208652207
463.27154682301096 138.64947317636071
457.5695394562118 103.92364586068912
438.1144501721078 115.4828208652207
457.5695394562118 103.92364586068912
436.87179984893135 84.8233513751074
0.45426763184309615 
134.64259716762865 102.49705129975105
152.6784463627307 116.60839156515294
156.27615211738285 96.21891975411944
134.64259716762865 102.49705129975105
156.27615211738285 96.21891975411944
129.19744382559352 75.03684264302639
0.3 
302.85928161010406 108.14775215491234
323.3674280580966 110.16076047188089
341.95744935193784 98.93280439821757
302.85928161010406 108.14775215491234
341.95744935193784 98.93280439821757
323.87334563074137 87.98856494866507
0.438 
35.01481778673133 82.74733532892694
52.806514585330966 94.19526398131222
53.92014460802144 67.76406388065747
35.01481778673133 82.74733532892694
53.92014460802144 67.76406388065747
21.486748357742478 55.97946219154383
0.3 
160.1177721934731 139.5
185.70908009118295 139.5
203.37810006202747 108.41572689861627
160.1177721934731 139.5
203.37810006202747 108.41572689861627
184.681193789384 112.02761012818668
0.8484893055007301 
340.0405013456457 139.05301609887204
355.62023968054154 116.20227078497433
342.8005616456867 99.59182528130141
340.0405013456457 139.05301609887204
342.8005616456867 99.59182528130141
324.1574819297138 110.85182745236378
0.4173157479509547 
327.962118723822 45.625059579298444
350.34781207128776 40.657820372346634
339.2325426057444 21.934988856342358
327.962118723822 45.625059579298444
339.2325426057444 21.934988856342358
309.9434547994566 32.332915178472454
0.315 
310.1226669586179 31.208146345605073
339.16811657351195 20.89671407819339
357.86345042039767 0.5
310.1226669586179 31.208146345605073
357.86345042039767 0.5
330.26996304711986 0.5
0.5773096763010797 
77.26879143268641 106.78297029954115
97.50879098260755 106.22578398309022
74.88814699125867 86.63884006901102
77.26879143268641 106.78297029954115
74.88814699125867 86.63884006901102
54.459714308028396 95.13413470748671
0.3 
240.24122404794701 38.6931903557055
264.03883511606773 31.250138991488697
234.47880745654533 20.588100682525315
240.24122404794701 38.6931903557055
234.47880745654533 20.588100682525315
217.36377820279068 29.7153495934016
0.32082082344756546 
440.0767397341099 28.99821046866752
464.44305410195926 56.50216774312567
460.94341858823975 27.536034255461566
440.0767397341099 28.99821046866752
460.94341858823975 27.536034255461566
452.9047485647319 1.391513607921027
0.5395932531687011 
235.02517543091258 19.722110035775195
265.196493373101 30.604635297144473
269.4248642251388 0.5
235.02517543091258 19.722110035775195
269.4248642251388 0.5
239.39900956461656 0.5
0.5857352928593589 
287.7073483408835 32.60632198664502
308.6116291793421 31.688297310330878
329.07394733217313 0.5
287.7073483408835 32.60632198664502
329.07394733217313 0.5
297.3716558428303 0.5
0.7227073966233435 
0.5 54.501913020573795
20.195934755642014 54.57741519143646
34.14119993731603 32.44861871778132
0.5 54.501913020573795
34.14119993731603 32.44861871778132
0.5 25.611834061892765
0.6614510641448677 
35.8606947321484 31.66022880897788
66.84188765404102 33.64940302011584
84.14358281546507 24.688892424004337
35.8606947321484 31.66022880897788
84.14358281546507 24.688892424004337
57.092040532753046 0.7491297716293559
0.4898518534389603 
304.52640894455703 59.91155739507978
326.9549462655025 46.12473255671222
308.7346655015601 32.68385791947441
304.52640894455703 59.91155739507978
308.7346655015601 32.68385791947441
287.90847863847137 33.59845304961017
0.3 
383.1105974164505 107.3226817110265
406.0877088742831 119.08222301858166
420.4445701980927 102.94304359210724
383.1105974164505 107.3226817110265
420.4445701980927 102.94304359210724
386.8977101428308 87.46804788887988
0.3608 
110.29461247023302 26.494121269816624
128.5597731203559 51.42762154767339
143.8922436237778 23.689684879158634
110.29461247023302 26.494121269816624
143.8922436237778 23.689684879158634
116.30266918338393 0.8985656276967475
0.47383932147672103 
369.7510264855948 139.5
397.66280599645285 139.5
405.5692357461603 119.94022955666577
369.7510264855948 139.5
405.5692357461603 119.94022955666577
382.8021999440407 108.28820365006092
0.8385951778931785 
65.71917671953491 139.5
99.48180207212722 139.5
98.32698799059223 107.20363871347013
65.71917671953491 139.5
98.32698799059223 107.20363871347013
77.50614860741838 107.77681495157789
0.6622238589199001 
121.00984837781367 117.820983091707
151.6206917433471 117.05050669774843
133.91003822447334 103.19360118562342
121.00984837781367 117.820983091707
133.91003822447334 103.19360118562342
113.11064629002664 91.49243098725054
0.48110101051247905 
279.04878113511916 55.26279990700799
303.32972959861485 59.88946965977641
286.735254240617 33.61350426513206
279.04878113511916 55.26279990700799
286.735254240617 33.61350426513206
266.483759232283 31.861667672000305
0.3 
156.18051773992502 39.6022209247334
179.44787040360217 41.47898640453993
164.3344720155533 22.453227449869765
156.18051773992502 39.6022209247334
164.3344720155533 22.453227449869765
145.43246677342924 23.996475194625564
0.3 
100.45723366120986 138.79502946561124
120.0782958747197 118.19590319542759
112.06481375510334 91.48644834420271
100.45723366120986 138.79502946561124
112.06481375510334 91.48644834420271
99.31543563756014 106.86268461662812
0.3 
421.64423310162726 102.43288146811511
437.0795750285684 114.64261589493448
435.84155194088476 84.09731254051528
421.64423310162726 102.43288146811511
435.84155194088476 84.09731254051528
408.6935862660646 81.76761394246415
0.3416 
153.64432692042618 116.88930689780939
183.74477253749362 111.18782817852437
172.44543842894706 80.94638767688673
153.64432692042618 116.88930689780939
172.44543842894706 80.94638767688673
157.28595441510384 96.25091504127624
0.3609 
379.2820212061553 51.05781445736244
402.69770013383186 35.39874859517107
389.48432247668944 20.77677174878736
379.2820212061553 51.05781445736244
389.48432247668944 20.77677174878736
372.7475165326071 32.13817348753344
0.3 
462.11498521873426 27.357559959521705
489.5 50.910476118056565
489.5 25.078050593550774
462.11498521873426 27.357559959521705
489.5 25.078050593550774
481.81901178046894 1.0749624075161854
0.9441321267814466 
165.57091026301785 21.41799862163831
184.56171810674803 21.134283123564025
207.68857079582017 0.5
165.57091026301785 21.41799862163831
207.68857079582017 0.5
181.25008913616907 0.5
0.6172842049364161 
458.9854007321752 102.50087037501754
489.5 83.72061828790908
489.5 53.35017017205891
458.9854007321752 102.50087037501754
489.5 53.35017017205891
467.3291481449752 79.17939720316188
0.6147422261275901 
21.224852718363408 54.82033796658472
53.75322121650452 66.63944760867183
49.2285229081987 45.90210238743897
21.224852718363408 54.82033796658472
49.2285229081987 45.90210238743897
35.05341334627545 32.876732042130556
0.3 
370.33237667302024 71.22484722236555
378.48605613658805 51.81639286574046
371.8531446371696 32.61183025189112
370.33237667302024 71.22484722236555
371.8531446371696 32.61183025189112
351.85929999044913 41.22667681749452
0.3 
266.1744895841465 30.83118008780825
286.6638486529175 32.603592888528276
296.32733467044096 0.5
266.1744895841465 30.83118008780825
296.32733467044096 0.5
270.4346799676308 0.5
0.6871137161981973 
248.53668417315248 139.5
281.4140062515546 139.5
275.83138259954393 104.47024267174912
248.53668417315248 139.5
275.83138259954393 104.47024267174912
250.9463431061084 105.49450028048918
0.7342539801012768 
85.74046306998629 24.348827518053795
109.36600747889544 26.074172233476357
115.36904485456263 0.5000000000000001
85.74046306998629 24.348827518053795
115.36904485456263 0.5000000000000001
95.33775640156352 0.5000000000000034
0.7838196441882314 
