42.399149349109706 20.167917520092733
60.84555301994751 0.5
27.98628678135762 0.5
0.9071005891421948
423.8442507677742 0.9389510001575552
400.84740353881824 27.29260053341613
433.3627762486359 24.17950898456777
0.7543352820132754
88.37852082949834 30.83436769382315
76.3830292055441 48.29448962135733
106.38560392102966 39.22418045232673
0.54447884119648
76.45396663589874 69.5
74.74317611573613 50.10017715429758
47.5612682906371 69.5
0.9998155511021254
422.90008495397035 0.5000000000000036
390.70180217114165 0.5000000000000036
399.8357347390019 26.931005790753787
0.98529281578033
87.459257551385 30.406438887189502
68.56398095482027 21.61591809240846
75.37410382234461 47.997069120357224
0.3
352.02916393441035 68.39142476290444
358.92825326434166 48.51864702594635
342.41528189049757 37.07830791349667
0.6100169978739105
152.86231162176662 0.5
164.1698005930908 20.254756714641694
177.07608643949374 0.5
0.7750803091811307
533.1441704131815 29.788702411526426
540.3618259521692 0.5
508.0858075084889 0.5
0.8769806970605255
532.0528680840994 31.152842958787353
498.822180003788 26.05621340624359
510.7440166134728 45.4522575177036
0.3
360.5737175178403 27.216130751295836
360.06227511332713 46.90094759861345
378.68459746290625 24.60753664143935
0.356224178633224
360.67646515626694 26.191011791443938
379.05050041830515 23.5445141997073
364.3059838775341 1.3635096433974567
0.5661068883246523
41.695643913087636 20.89969891506884
27.41092572943059 1.4066483351967705
25.09422609537186 37.57559161911295
0.5318718652187246
189.2780514365281 38.66741433164577
194.30513132020414 20.70338757143975
165.6250473532757 21.662705665938145
0.48848923164983094
291.44080258789296 69.5
313.5465133237373 69.5
289.0229696576982 50.36320524385562
0.9185943231703972
289.8072953252631 49.706810326389196
314.7462079126482 69.16773563658916
321.2319304880951 49.3436580024203
0.8795585997528472
350.420650197108 69.5
322.18925550990286 49.63352147575071
315.68966089384514 69.5
0.8039822962553623
385.8511753575033 69.5
404.28396520324685 69.5
396.9677155333838 49.55872445944901
0.9526480318532073
417.0839111932472 38.58000440542898
397.68299323152297 48.60502613917066
405.02116610217865 68.60605587175492
0.6861934744025328
270.45145593279324 0.5
236.73282523031378 0.5
244.1575161142066 19.456023361414616
0.925385547418467
0.5 0.5
0.5 1.4615930973821893
13.481506814659557 0.5
1.0
455.79807643058575 19.821220313798733
483.41318807099015 0.5
449.682702478538 0.5
0.8878769977585804
45.047256604725106 69.5
24.734033132246843 40.0751837106104
17.634976332549332 69.5
0.8983084550757887
268.4334449413028 39.794520319328655
249.26224778916134 40.59343102089433
259.93943753189353 68.44520060778828
0.6889939424857949
489.1263337966487 49.55574072461283
475.93035693669714 69.5
494.35211179969207 69.5
0.7692267194615202
189.3232167085633 40.11692886964388
171.63927235718776 46.779686040464526
203.6821712034968 68.50253664186042
0.7143939396569201
0.5 33.53325792202592
25.920029621939968 0.581367671363002
0.5 2.46433282854374
0.9589140741290003
279.3243950260534 20.893466625193117
301.3192760551739 30.325779331389555
302.4801603208072 0.5
279.3243950260534 20.893466625193117
302.4801603208072 0.5
272.68850088152703 0.5
0.5558540395183071 
165.0863724906094 20.680164504171575
194.73175371235203 19.688558250259813
210.92384934052544 0.5
165.0863724906094 20.680164504171575
210.92384934052544 0.5
178.2705880838712 0.5
0.7021818423869747 
531.7697322355864 69.5
559.5 69.5
559.5 37.92742186979597
531.7697322355864 69.5
559.5 37.92742186979597
540.1554125004244 50.653401585300756
0.6698989896572 
226.6878386355456 45.806092416792325
248.4666035751348 39.625719542626854
267.6978541186716 38.82430626927757
226.6878386355456 45.806092416792325
267.6978541186716 38.82430626927757
244.03984882746096 20.950455525096483
0.42409235939532086 
438.35899417410883 49.04768987349852
457.176680976085 41.18437343792818
455.0859376467208 21.21187886551552
438.35899417410883 49.04768987349852
455.0859376467208 21.21187886551552
434.6487741379489 25.015906241954262
0.3758650977559117 
260.6697445568587 69.5
290.4328526944568 69.5
287.9118702621747 49.546791989659866
260.6697445568587 69.5
287.9118702621747 49.546791989659866
269.41921445587485 39.98763290546174
0.5581915619381516 
406.02829448172537 68.78167326731852
437.4174726004767 49.5032049225146
433.7188028393839 25.54623456581487
406.02829448172537 68.78167326731852
433.7188028393839 25.54623456581487
418.4645243200746 37.82596008974237
0.3 
0.5 65.19780734599912
0.5 69.5
16.60628453820273 69.5
0.5 65.19780734599912
16.60628453820273 69.5
23.580423974163537 40.59295256117994
0.9691790709313164 
68.23460454491433 20.35976450979059
87.81612689090267 29.469542739084922
92.4143770831875 0.5
68.23460454491433 20.35976450979059
92.4143770831875 0.5
62.65968378924274 0.5
0.811000139738167 
498.1611354368346 24.943135231737003
532.1412596357073 30.15470667956661
506.76975661151226 0.5
498.1611354368346 24.943135231737003
506.76975661151226 0.5
485.81277532252636 0.5
0.5293758469037306 
534.2291101306333 29.565423189926342
559.5 9.756627279296037
559.5 0.5
534.2291101306333 29.565423189926342
559.5 0.5
541.391742661504 0.5
0.8855890153434516 
434.3891498618135 24.04705562322352
454.8795524913851 20.23311869779415
448.63380827247704 0.5
434.3891498618135 24.04705562322352
448.63380827247704 0.5
424.7450935917674 0.5
0.6659276375659767 
380.20669214964755 23.477436560772308
398.8868850529892 27.246936564707102
389.6437742567919 0.5
380.20669214964755 23.477436560772308
389.6437742567919 0.5
364.9327584297048 0.5
0.5903051439706459 
205.30740528558238 69.5
224.5100747895489 69.5
224.96650821784038 47.07828313737505
205.30740528558238 69.5
224.96650821784038 47.07828313737505
190.47716665767373 40.182730625776024
0.6655125737311666 
147.95039504551616 39.81822985912509
170.53679968213794 46.126440472524436
188.5171658869854 39.35200081783224
147.95039504551616 39.81822985912509
188.5171658869854 39.35200081783224
164.21224995339705 21.878617177408216
0.3199390446083391 
441.87286914987124 69.5
474.7312859289387 69.5
488.50602965913265 48.68099862384785
441.87286914987124 69.5
488.50602965913265 48.68099862384785
457.9608061996131 42.067593726819254
0.5643960304500022 
167.26745532369588 69.5
203.371414557022 69.5
170.34687580736025 47.111666008128836
167.26745532369588 69.5
170.34687580736025 47.111666008128836
148.2008994237048 40.92646364790219
0.6824756945858805 
530.8650137951704 69.07342479570077
539.2231520032842 50.28872643755058
533.1268193050071 31.636452713565056
530.8650137951704 69.07342479570077
533.1268193050071 31.636452713565056
511.3359549574212 46.25932449681261
0.6048389023765841 
88.75898411547848 29.90841911472696
107.40850153035609 38.59755318224622
114.39989401824099 0.5
88.75898411547848 29.90841911472696
114.39989401824099 0.5
93.42689586220555 0.5
0.5573465769805008 
360.59335795992223 47.825019503791964
396.6209394401832 47.86279597012765
399.090768599474 28.308235199607214
360.59335795992223 47.825019503791964
399.090768599474 28.308235199607214
380.0977810482725 24.475615963850803
0.3 
108.47921818504699 38.30320007926173
128.73755736051925 25.719988006179904
150.89515181012013 0.5
108.47921818504699 38.30320007926173
150.89515181012013 0.5
115.41659308122075 0.5
0.8156614923994199 
325.9842666006568 21.321804092050044
359.6623648359421 26.214755868730094
363.4215906848346 0.5
325.9842666006568 21.321804092050044
363.4215906848346 0.5
325.5114819900846 0.5
0.7761827144958207 
495.38586904327195 69.5
529.9138260128324 69.5
510.3810939350644 46.68160857439126
495.38586904327195 69.5
510.3810939350644 46.68160857439126
489.95805555425875 48.78466929512168
0.8624693457295336 
352.7028549666289 69.5
384.70628848944443 69.5
396.2110229380874 48.86236670479292
352.7028549666289 69.5
396.2110229380874 48.86236670479292
359.88069848734585 48.824272799451805
0.8797641402013111 
45.85356637879907 68.90778191491168
56.37988872564813 38.92782025644877
42.31503322646154 21.694920219132356
45.85356637879907 68.90778191491168
42.31503322646154 21.694920219132356
25.157918411497903 38.92900280814981
0.4129617421355856 
289.3748350205431 48.711741193093445
321.48514162819725 48.34066504829494
324.88741982910943 22.531456292100078
289.3748350205431 48.711741193093445
324.88741982910943 22.531456292100078
302.10727721443334 31.48471791357011
0.3 
77.45784748045841 69.5
110.44483314033201 69.5
107.34934835980579 39.9775224507523
77.45784748045841 69.5
107.34934835980579 39.9775224507523
75.69820600475603 49.54622278516474
0.7175343494781269 
458.172288172592 41.09021181990378
488.15353229913126 47.58150847020442
474.15011767211536 28.27594808944252
458.172288172592 41.09021181990378
474.15011767211536 28.27594808944252
456.10889926569354 21.379029119949838
0.3 
456.58559742002075 20.490683751631046
474.5342201443414 27.352204617625937
497.05791840663386 24.97707585751441
456.58559742002075 20.490683751631046
497.05791840663386 24.97707585751441
484.81388368210395 0.7404489869563413
0.7699263577836015 
215.37311244690778 24.49453222173009
243.23661475937246 19.846825609886942
235.65885454040256 0.5
215.37311244690778 24.49453222173009
235.65885454040256 0.5
212.56199794567044 0.5
0.9552998687591945 
397.6769105369589 47.48255425125827
417.77496330972093 37.09730257139806
432.46747588423466 25.26979978629412
397.6769105369589 47.48255425125827
432.46747588423466 25.26979978629412
400.09096323510494 28.36959657499138
0.3320397150860259 
190.97924912296824 39.26332266976105
225.25218775205315 46.11560912560385
242.83636770151261 20.927404011153136
190.97924912296824 39.26332266976105
242.83636770151261 20.927404011153136
215.10742689181768 25.552665404907437
0.33661249351022066 
225.51028196685328 69.5
259.2728393424556 69.5
248.24311280429555 40.728627611831456
225.51028196685328 69.5
248.24311280429555 40.728627611831456
225.96729001937564 47.05005544630778
0.7309858020971745 
302.3199994141888 30.32664830279281
324.98619696325045 21.418170421274624
324.5112242369303 0.5
302.3199994141888 30.32664830279281
324.5112242369303 0.5
303.480917502081 0.5
0.7180384711210673 
129.79030199439526 26.03684165747693
146.97730821422763 39.402756364127484
163.5272998114041 21.145279537475307
129.79030199439526 26.03684165747693
163.5272998114041 21.145279537475307
151.91371549736598 0.8557587348797071
0.7123680198537888 
0.5000000000000001 35.170445781677785
0.5000000000000036 63.736144005485485
24.02273311222731 38.65976616180742
0.5000000000000001 35.170445781677785
24.02273311222731 38.65976616180742
26.396427681072606 1.6010024913984893
0.5716402100358933 
489.5620137073507 47.82016373635623
509.7480113749965 45.74151226383685
497.5699610888312 25.92862535091299
489.5620137073507 47.82016373635623
497.5699610888312 25.92862535091299
475.38012167050664 28.26854862510067
0.3 
46.99492429356657 68.67563639711634
74.59447586323138 48.97773974771607
67.62962394772543 21.997197128364522
46.99492429356657 68.67563639711634
67.62962394772543 21.997197128364522
57.399449875350214 39.04256344550356
0.6356846609930383 
135.35393888993156 69.5
166.06526444661736 69.5
146.83105450578896 40.67521382304826
135.35393888993156 69.5
146.83105450578896 40.67521382304826
127.43060909160938 47.01594555954052
0.5705169252638684 
108.898212069528 39.22015233145504
126.80341197310923 46.16887965765528
145.98664478618102 39.89914045788096
108.898212069528 39.22015233145504
145.98664478618102 39.89914045788096
129.0322688958581 26.71413667327427
0.3 
111.45031506410434 69.5
134.293663377742 69.5
126.39381797555114 47.082587294083645
111.45031506410434 69.5
126.39381797555114 47.082587294083645
108.366242945352 40.08636810010442
0.8394194038974361 
43.015894099797364 20.972120207856992
56.8819964428454 37.96149884731513
67.2756628229354 20.643724039830047
43.015894099797364 20.972120207856992
67.2756628229354 20.643724039830047
61.7582133280107 0.9886917145020178
0.37569624209194197 
322.459487476371 48.60090208304088
351.09337307812035 68.75061412085168
341.07726939001816 36.127431963139074
322.459487476371 48.60090208304088
341.07726939001816 36.127431963139074
325.86726271672137 22.74999355098327
0.5637836163465085 
190.37558165803952 38.45617848528724
214.4024242184756 24.803104197678266
211.63771086362792 1.204633325168217
190.37558165803952 38.45617848528724
211.63771086362792 1.204633325168217
195.42278282778432 20.420249282758434
0.6390634002273634 
540.030116480964 49.53884214062619
559.5 36.73043551360824
559.5 11.027230986599161
540.030116480964 49.53884214062619
559.5 11.027230986599161
533.9808645560953 31.030616242803013
0.6390731126985308 
341.822227619303 35.45088824270294
359.04933554558136 47.385987755778274
359.57347852215145 27.21234082204154
341.822227619303 35.45088824270294
359.57347852215145 27.21234082204154
327.08902814960857 22.492809212674164
0.3 
269.7952274882849 39.056299277983555
288.2261093706379 48.58352640105894
301.0131823027128 31.28258760838013
269.7952274882849 39.056299277983555
301.0131823027128 31.28258760838013
279.1403526643014 21.9026155755372
0.387419797480142 
244.76896003970836 20.247992538243373
268.9501856838562 38.51714129591298
278.37695407690893 21.213595296802758
244.76896003970836 20.247992538243373
278.37695407690893 21.213595296802758
271.73656253668827 0.8063072502615753
0.6850230193863177 
406.7694829616724 69.5
440.7135882279298 69.5
456.5239321907683 42.54093262135971
406.7694829616724 69.5
456.5239321907683 42.54093262135971
438.19092078465513 50.201718530924815
0.8744784883158099 
