0.5 25.5606551583372
25.11893972589795 28.753344106646853
0.5 1.306262416649151
0.9827361448150147
60.83143849013829 0.5
93.72095452868177 19.904602490125736
89.59513340364997 0.5
0.9067814107848162
535.0172909424175 36.4335951736838
559.5 66.59081605441959
559.5 38.460319354259376
0.6209092210172679
302.05341067009203 0.5
321.1233832486075 23.867592437424705
332.2093764529533 0.5
0.8244743397326807
480.89953459728827 1.1448009507075838
466.25913486288204 25.698440898009896
489.2844765260599 23.24691146506678
0.47561319061582685
481.72445832171877 0.49999999999999645
490.09488268370046 22.563843240916523
504.090722655553 0.49999999999999645
0.9114868339934534
498.78269111357054 42.685724499173325
475.8230525155025 44.887898603019565
496.6004063315502 68.77860142140534
0.48800160373998747
428.150331704816 36.58062173239398
442.97085900367875 24.18322513210553
414.1096306157276 21.092249967328943
0.4389135940583682
505.66874582195936 0.5
513.307992699619 26.403504676426355
539.7743066619798 0.5
0.8631606808826688
77.20374349191064 69.5
61.4959544679677 36.930641466445955
54.61664200465776 69.5
0.5920474390460427
322.4150690210463 25.12132574673467
336.5956484097338 36.82610520269182
347.07123898198944 21.334882327200177
0.3
349.6104261763902 69.5
383.29428582710057 69.5
353.4548545705314 50.36170698694335
0.8368836213353095
60.526590710905154 36.68113966437812
44.59188174275766 49.73479790600214
53.80993556798962 68.48041476091913
0.4334025166521385
46.912155418304756 21.213781658781073
27.21952949208588 29.612588923341477
43.60722592543851 48.42395046871697
0.3441691353511463
348.7964587583724 21.609324532578334
353.4153875155074 48.38198731769118
367.05867723044065 31.718495021996787
0.31700137948381213
358.8569911983314 1.3456554055619847
348.79690191907264 20.466580413996574
367.02212477477144 30.555271737983265
0.5957463745889869
348.5904500664136 69.5
352.36599687646304 50.70461256467807
326.53689171892705 69.5
0.9763329468905577
385.5744309083585 69.5
411.74831945671974 69.5
388.6335032253483 47.52667742348078
0.8175334101677197
384.6124759854033 69.15744740796286
387.69077707854296 47.04600449386724
354.6137533264297 49.916988723333475
0.7752745758940256
455.4487939667417 43.88558490417631
473.9810280505753 43.97877469082597
465.28910504793464 27.327825444411346
0.40300132171009734
559.5 0.5
543.223544224535 0.5
559.5 8.209900104167655
1.0
47.45051503134516 19.50537726052423
58.144923964790955 0.5
33.00794854460098 0.5
0.983433019567684
263.513347741573 0.5
245.3650950581184 0.5
239.55706965961087 18.669491412530668
0.6888036327676381
258.53494973818687 69.5
232.74318519708663 49.57446533651337
228.6142317234391 69.5
0.817960466689381
275.4273637206145 28.360364930429277
239.6375500195589 20.755181643237574
252.44741894194814 41.54468334321972
0.3
317.6492993588111 46.38389362314281
296.1479299868921 69.5
324.33489899853265 69.5
0.7336706687367343
320.6552740456901 25.252880737851047
302.0267081253847 23.804942881443264
317.5772818671562 44.17094864453459
0.3
215.1274691544608 35.91020116952825
204.29937933241266 20.888438025727098
193.07398846377197 35.64238683347558
0.4591069569376362
0.5 27.239865181229888
0.5 62.12060863985524
21.855546112934885 49.41184140958137
0.9365460991933222
278.14197179974576 27.36134794420309
300.9196500670818 22.715878683224634
320.1100294740811 24.20748447516244
278.14197179974576 27.36134794420309
320.1100294740811 24.20748447516244
300.9900656528069 0.7786347400979174
0.4763749329855996 
475.09566153132147 43.95307700667089
498.55366132888327 41.70310258039365
489.6917109804712 24.209204891980242
475.09566153132147 43.95307700667089
489.6917109804712 24.209204891980242
466.1003829934569 26.72099541254697
0.3 
413.4824699662984 20.019363795502738
443.79465408217595 23.26573318189475
448.38901458405127 0.5
413.4824699662984 20.019363795502738
448.38901458405127 0.5
418.38985423734766 0.5
0.6073584090496563 
429.1609896721567 37.03894350693786
454.33637521582017 43.800021787384594
464.4942259398749 26.707955537715943
429.1609896721567 37.03894350693786
464.4942259398749 26.707955537715943
444.350107315392 24.333220449022377
0.3 
490.5563713543043 23.703199789387075
499.4526595073601 41.26488188390358
512.5034720215292 27.210726792276624
490.5563713543043 23.703199789387075
512.5034720215292 27.210726792276624
504.83206644073687 1.1981769271916924
0.3437661496816483 
18.626336181713746 69.5
53.196944515894735 69.5
43.656241122955194 50.098250593752596
18.626336181713746 69.5
43.656241122955194 50.098250593752596
23.051853806565283 50.02059026331539
0.8005937903057213 
91.10679922433518 48.639898826693816
104.81898176853622 68.84295611428351
110.48297228838746 49.575880697470154
91.10679922433518 48.639898826693816
110.48297228838746 49.575880697470154
94.74237473663274 22.42056197587713
0.4858676657910247 
204.82774233929067 19.548043153780064
238.23417564107612 19.523672089106668
244.3152468256119 0.5
204.82774233929067 19.548043153780064
244.3152468256119 0.5
205.48309326248366 0.5
0.8695300969131068 
0.5 69.5
17.600853331966288 69.5
21.90729290756878 50.54472558681782
0.5 69.5
21.90729290756878 50.54472558681782
0.5 63.284287532639446
0.8174411417113782 
239.77214373785557 19.76145428324994
276.6247038846937 27.592466672976176
299.9109356738361 0.5
239.77214373785557 19.76145428324994
299.9109356738361 0.5
265.1681630647536 0.5
0.6905611377345029 
170.922693566118 69.5
204.63880764048758 69.5
215.42350029037408 36.91386986350557
170.922693566118 69.5
215.42350029037408 36.91386986350557
192.34330276484334 36.633587224091
0.8271470915406959 
288.26719596614134 44.69221658793503
316.8681293913578 44.88998946147697
300.74364886269393 23.772359409570573
288.26719596614134 44.69221658793503
300.74364886269393 23.772359409570573
277.6334392921745 28.485647871835518
0.3 
61.789118748864546 35.06260631151531
90.18208800779252 48.02792513955828
93.90557243580396 21.174599676623433
61.789118748864546 35.06260631151531
93.90557243580396 21.174599676623433
59.56052790849243 0.9112447589916641
0.41815512917845354 
368.1735575663786 30.9598619774627
392.44080304686895 24.4279574549853
389.5566483948701 0.5
368.1735575663786 30.9598619774627
389.5566483948701 0.5
359.65893556876426 0.5
0.6711223958975999 
232.97114549836803 48.48691570104214
259.1153326853151 68.68471594119485
251.81315436596213 42.42159558141338
232.97114549836803 48.48691570104214
251.81315436596213 42.42159558141338
238.82593862397076 21.344272668744132
0.3013080351378278 
22.86644211906107 49.01988432202333
42.86580490993983 49.095264244707934
26.138373581976637 29.893922572589776
22.86644211906107 49.01988432202333
26.138373581976637 29.893922572589776
1.3482386630509495 26.679032302579483
0.387713253889133 
260.2673426135016 69.0950050928324
287.34069388838924 45.103014729854436
276.6510132356549 28.811214064918644
260.2673426135016 69.0950050928324
276.6510132356549 28.811214064918644
252.86173095932753 42.45987490217301
0.46208451137381334 
142.01721387654868 69.5
169.72905414193812 69.5
190.8548042829616 37.08600010419354
142.01721387654868 69.5
190.8548042829616 37.08600010419354
158.23097582100726 48.48259495539343
0.8040460449620731 
393.4196314006145 24.192259921335932
412.4479345614452 20.03295052112077
417.3587346858128 0.5
393.4196314006145 24.192259921335932
417.3587346858128 0.5
390.5638865340901 0.5
0.7379220869154105 
443.32176659598895 69.5
465.2294868265638 69.5
454.2129850097695 44.80231842514065
443.32176659598895 69.5
454.2129850097695 44.80231842514065
428.9969560397868 38.03032498367468
0.6423891611186535 
111.27391521547098 48.94634716490634
136.9485402046163 43.48194793287053
118.86229433436716 30.40097909013477
111.27391521547098 48.94634716490634
118.86229433436716 30.40097909013477
95.5726217850241 21.85883501404085
0.3 
318.3959570788334 45.36623291261128
325.0523585197747 68.3813836975411
336.1118568035955 37.72342880939118
318.3959570788334 45.36623291261128
336.1118568035955 37.72342880939118
321.58970363229747 25.73671124048344
0.545327267821573 
94.87819289002337 20.538992216777164
118.70356145632981 29.27761791141663
123.41155347354767 0.5
94.87819289002337 20.538992216777164
123.41155347354767 0.5
90.61748734584135 0.5
0.5494681600275332 
444.79207756374336 23.37839838573055
465.0539734525162 25.767017914213877
480.11973328097446 0.5
444.79207756374336 23.37839838573055
480.11973328097446 0.5
449.40917506944385 0.5
0.7575638412502976 
216.474142442586 36.06829218428017
232.09194284927435 47.82027673630029
237.9799061342605 20.523857852976594
216.474142442586 36.06829218428017
237.9799061342605 20.523857852976594
205.28648957399133 20.547708749065574
0.3 
105.66814358166019 69.5
140.44288765295587 69.5
137.71640254617267 44.340919771883975
105.66814358166019 69.5
137.71640254617267 44.340919771883975
111.4188646199743 49.937895233418644
0.9267079375284071 
44.61463534797825 48.423454495484926
60.793961230648 35.16940692709774
58.610626052952775 1.7115519933660046
44.61463534797825 48.423454495484926
58.610626052952775 1.7115519933660046
47.997368425417264 20.57271266430523
0.5657011102843541 
142.3596859103068 21.81902000023151
161.76743600601776 25.174657083678042
183.8805006126858 0.5
142.3596859103068 21.81902000023151
183.8805006126858 0.5
147.39565086938046 0.5
0.670491015621913 
527.6109167969017 69.5
559.5 69.5
559.5 68.17740764134025
527.6109167969017 69.5
559.5 68.17740764134025
534.1706138230082 36.97726994757386
0.8055714870834686 
466.32445908599476 69.5
495.9025214559748 69.5
474.57944052168205 44.98179646533642
466.32445908599476 69.5
474.57944052168205 44.98179646533642
455.344871163762 44.8850749687994
0.5530725255400133 
513.4218450140107 27.69133109435483
500.7199797371413 41.36971198905105
533.4659678917875 35.40760627885585
513.4218450140107 27.69133109435483
533.4659678917875 35.40760627885585
540.1951964180157 1.487318163670487
0.30067874539679174 
354.24677519088567 48.94508151430959
387.8621852583421 46.027367003658
392.3260017403969 25.494449645007883
354.24677519088567 48.94508151430959
392.3260017403969 25.494449645007883
368.1104265594225 32.012446307058475
0.3 
497.54356330173533 69.5
526.590778971428 69.5
533.2542852761794 36.4625874656135
497.54356330173533 69.5
533.2542852761794 36.4625874656135
499.797185358181 42.554166242397656
0.7989468948643454 
78.31396917633978 69.5
104.05635239889921 69.5
90.250065594722 49.15829273825948
78.31396917633978 69.5
90.250065594722 49.15829273825948
62.36149705712726 36.423302626792136
0.7963156894556336 
408.8775371623965 43.85251609389496
427.23532693732386 37.06018120003342
412.68129570174784 21.00555223053333
408.8775371623965 43.85251609389496
412.68129570174784 21.00555223053333
393.8826878894447 25.114653579392517
0.33826659051506675 
119.72750484616725 29.212523269652557
141.32784737371728 21.83729730068427
146.36812978474813 0.5
119.72750484616725 29.212523269652557
146.36812978474813 0.5
124.42484743942192 0.5
0.7067616755160527 
388.82083399147075 46.32502109973658
412.2590916820689 68.60581242041836
408.24101231815536 44.65758625490265
388.82083399147075 46.32502109973658
408.24101231815536 44.65758625490265
393.25461109396974 25.930280590516873
0.6735501805298632 
261.3180998648295 69.5
294.78221668319964 69.5
316.7437670126976 45.88915341455431
261.3180998648295 69.5
316.7437670126976 45.88915341455431
288.1842065449834 45.69166663127977
0.8034543931026825 
158.56997096311915 47.304911609892486
191.5005673865716 35.801152445509686
184.70225333346667 1.0814208027655319
158.56997096311915 47.304911609892486
184.70225333346667 1.0814208027655319
162.42195263008074 25.94268672659874
0.6060169379387512 
534.4896441492554 35.386495023018334
559.5 37.45689878627365
559.5 9.316415685306023
534.4896441492554 35.386495023018334
559.5 9.316415685306023
541.365628279975 0.7264501337152307
0.8968532451565912 
192.3511268895912 34.9409616005543
203.81599600710308 19.8722576216264
204.48250158009924 0.5
192.3511268895912 34.9409616005543
204.48250158009924 0.5
185.60739754108323 0.5
0.8567006113097462 
413.4230978892047 69.5
442.22303929893144 69.5
427.84011830143965 37.90266418877143
413.4230978892047 69.5
427.84011830143965 37.90266418877143
409.2741883227975 44.7720104214619
0.5601428996976787 
26.523943292012195 28.822101655076544
46.7267355581002 20.205710977441594
31.75197146586588 0.5
26.523943292012195 28.822101655076544
31.75197146586588 0.5
1.1201454882121524 0.5
0.5526938608972243 
141.36319705397852 68.71061541705886
157.45541772039377 47.850760623839136
161.235661115739 26.88638007717677
141.36319705397852 68.71061541705886
161.235661115739 26.88638007717677
138.6814419770448 43.964288739949
0.3312930974536987 
205.69215196118074 69.5
227.59298748263888 69.5
231.86196966198304 48.89871375756009
205.69215196118074 69.5
231.86196966198304 48.89871375756009
216.36875175001995 37.240474260242834
0.6931027929525154 
326.0232010977758 68.63706529642293
352.5631987237259 49.324373862871
347.84493205830097 21.975919490516834
326.0232010977758 68.63706529642293
347.84493205830097 21.975919490516834
337.1508072230116 37.79030915562633
0.43161250610055574 
322.0918505964248 24.159239211957928
347.8013935500961 20.211029498512065
358.1719544122753 0.5
322.0918505964248 24.159239211957928
358.1719544122753 0.5
333.3162061146975 0.5
0.8076449890510535 
138.14702289981085 43.114618088432465
160.73517603618973 26.01101482238186
141.79160650136146 22.735635445049194
138.14702289981085 43.114618088432465
141.79160650136146 22.735635445049194
120.17514370494091 30.11636552236433
0.3 
