0.5 64.98994756534188
34.35623173594593 44.83184670236573
0.5 35.09877561905426
0.6224554876003862
559.5 72.81737883671882
559.5 51.16640382665543
539.1196787813739 49.93719413644847
0.905711991295526
452.37815541382355 0.5
463.9240382207945 20.9532061027539
490.4875837760673 0.5
0.7749913849803293
481.90651631483496 49.17882679001677
463.8005097998428 22.630245509671244
453.05830011965907 40.654802578292525
0.3
465.3635040093902 139.5
497.5321943274538 139.5
494.11609865695044 120.55838039688705
0.7220884314063364
505.9976103077503 103.24816777421967
474.12046793782235 85.9317094521796
475.6556936117019 107.28274835564852
0.3
559.5 50.16458661513217
559.5 21.748302764961434
538.9035871113841 48.92234366740807
1.0
116.84106433165906 0.5
90.96933813910248 0.5
99.19846043573013 28.970066654712838
0.6653280953234797
258.62755058439996 31.17850344203918
228.1005844842018 43.01429330487322
252.40889409159269 56.82373501553186
0.3
117.40174387613312 1.4936623346714448
99.82896068013684 29.851058547272284
121.05595932433444 34.43759328191726
0.477426327400993
206.08725181219472 34.05490762717996
185.3522242944006 41.85100738482699
203.23916290337814 62.502746088991586
0.3
450.7021829062674 0.49999999999999645
428.876320578728 0.49999999999999645
439.32649542681605 22.60962496024302
0.8790598217125499
167.9746746140896 21.68760474387578
176.85692751005115 0.5
156.02978180761357 0.5
0.6981456804008872
559.5 110.17341210423243
534.4543163616562 115.11098826415457
559.5 133.9967556764724
0.9891879740118316
104.42703310519929 119.12153126568188
126.66532811778302 113.85075327228537
113.83051308872602 99.14279636017498
0.3983505778438732
559.5 0.5
549.6728360085103 0.5
559.5 18.318904809823916
0.930991685775073
520.4910933253802 0.5
537.0027416282134 19.42510957969043
547.9588832180741 0.5
0.7243063601450683
301.0465984746238 83.97004155470842
284.11813311208505 105.11831907159475
309.1870797143822 101.42966350840258
0.3
0.5 139.5
6.406827593212307 139.5
0.5 126.11119034958493
1.0
406.69113320712125 96.09399179298396
408.1194906917978 118.94260367193039
426.2490252890625 104.84651236266635
0.4526793416255766
374.28082318711137 139.5
403.41290743436883 139.5
406.9840403859298 120.88912831446332
0.7073509165318812
309.7537605887231 41.54370522905366
280.72660143762823 29.59598152317835
286.1745293794111 50.30800982701811
0.3
371.6093151985714 139.5
360.89680401504575 116.32734856685859
344.90895302629934 139.5
0.7012667754775612
463.726533751082 138.42896533833724
474.5322530100217 108.21691217438237
452.7685975167097 103.52192902255425
0.49189861810909885
68.91275481309762 112.11201491767758
73.66458193343983 93.9301918466477
49.08199170332141 102.19616902353543
0.315
406.3503819804542 23.92272338682238
426.9802889975003 0.5
391.5592658141323 0.5
0.915080547236983
255.38547133850773 92.27940665946693
240.20606387062202 119.27950557171584
260.9686835212972 117.85830481850797
0.4903801217835052
221.18229387869678 139.5
203.2992297915808 116.9651556951389
190.63707980532016 139.5
0.9827225406795633
277.02109295824465 0.5
245.27961325317307 0.5
259.3876960328523 29.328506933350436
0.8434678076189255
137.02501912619317 139.5
103.88651773030239 120.62422699375244
100.08887577292857 139.5
1.0
498.54832701482405 139.5
524.8377571301153 139.5
495.16748198269437 120.75383867652691
0.925184561975192
559.5 74.96018954544627
537.0034929748203 86.84870770844171
559.5 108.3940379786321
0.658496378391573
278.4504160188325 0.5
280.3856389610986 27.3233942606892
299.38106435982843 0.5
0.8288900409950771
80.63405496080446 19.629854031006644
98.21816551369058 29.179863403302438
89.92840257570029 0.5
80.63405496080446 19.629854031006644
89.92840257570029 0.5
58.225358164800866 0.5
0.693762228030487 
326.0207639465211 118.44947665342671
347.6808089127754 97.51734795119921
346.1738027272825 75.38071687133396
326.0207639465211 118.44947665342671
346.1738027272825 75.38071687133396
324.3579115557876 84.9764074324791
0.3394 
224.52407030411283 101.15516760430013
239.23773635227172 118.96134013058168
254.92484992018223 91.05816809456134
224.52407030411283 101.15516760430013
254.92484992018223 91.05816809456134
226.66477017459724 73.24334981352814
0.3 
207.79086740254976 33.284579771150646
226.9578651608443 42.38481234173849
257.89497860911763 30.390001834380424
207.79086740254976 33.284579771150646
257.89497860911763 30.390001834380424
231.38258867557775 21.094991534465066
0.46111579206213593 
515.338408465903 28.399459162483737
537.4064850167899 48.213672363596956
536.5908468063035 20.474094134977648
515.338408465903 28.399459162483737
536.5908468063035 20.474094134977648
519.7158826711374 1.1325638677319176
0.3216225560957665 
23.818917104344244 20.675178018197798
56.807179547887834 23.437962292153784
56.37881527227197 0.4999999999999965
23.818917104344244 20.675178018197798
56.37881527227197 0.4999999999999965
34.73277550988834 0.4999999999999999
0.6428224626231165 
160.7611849650503 63.206083228851966
183.80976173584995 41.60132252918636
168.16911167478355 23.728889937393156
160.7611849650503 63.206083228851966
168.16911167478355 23.728889937393156
159.22615985824416 42.84741698409487
0.3563 
483.6720824161874 49.38793743871487
502.5019499367298 44.35645385192384
513.9359618412252 28.917960063565992
483.6720824161874 49.38793743871487
513.9359618412252 28.917960063565992
486.05015852382184 23.041838783060562
0.3556 
0.49999999999999645 33.5675454188944
22.64278598341663 20.747626499052014
33.59583573889709 0.5
0.49999999999999645 33.5675454188944
33.59583573889709 0.5
0.5 0.5
0.8339687218681442 
486.2297110833592 22.0577137435808
514.3910350028317 27.991892970440084
518.8046307213855 0.4999999999999965
486.2297110833592 22.0577137435808
518.8046307213855 0.4999999999999965
492.3345903671281 0.49999999999999994
0.799719964032031 
168.81448608026017 22.270846519131872
187.85273927282927 21.012673878685494
209.77721983833734 0.49999999999999645
168.81448608026017 22.270846519131872
209.77721983833734 0.49999999999999645
177.94124518680752 0.49999999999999645
0.8257668550116926 
261.92225295687774 117.53772085447574
282.4032542520462 105.52935020560348
279.70109106867807 79.33500121628362
261.92225295687774 117.53772085447574
279.70109106867807 79.33500121628362
256.1649567916717 91.16127527800339
0.3 
1.2035602051877987 65.734877632217
28.464312438403564 74.59199973001135
44.84813777071767 62.65370021915531
1.2035602051877987 65.734877632217
44.84813777071767 62.65370021915531
35.41435560381752 45.36566851211199
0.49328732490289345 
355.5528773336586 48.45973910475202
369.7469140009746 62.99907464373433
388.7242875072396 37.05324504226889
355.5528773336586 48.45973910475202
388.7242875072396 37.05324504226889
367.55644086226476 31.337653528407195
0.4043 
27.357875015266153 99.14355615699293
47.48471602314528 101.56605648390406
58.38255010394545 78.51295988190817
27.357875015266153 99.14355615699293
58.38255010394545 78.51295988190817
29.015127037457727 75.69310574291573
0.3 
223.29715732914653 139.5
260.17312778707753 139.5
261.05724934015643 118.85458245229107
223.29715732914653 139.5
261.05724934015643 118.85458245229107
239.56122333438395 120.32598485065783
0.7339673248372264 
203.69816995568002 115.12421303764164
223.5294969477251 101.04612021699465
225.6339523244518 73.60688138025155
203.69816995568002 115.12421303764164
225.6339523244518 73.60688138025155
203.03940463674635 94.42770278747267
0.3932 
414.8192016169353 53.73596875252264
438.7224749918937 23.671829697935852
427.95974282411134 0.9009215326292725
414.8192016169353 53.73596875252264
427.95974282411134 0.9009215326292725
406.8382240312252 24.881809657164368
0.323893591212935 
361.13895969983975 114.68607783871045
382.8668946474514 103.88109888555104
367.4018712667181 84.78922874397853
361.13895969983975 114.68607783871045
367.4018712667181 84.78922874397853
348.8980197449018 97.83184164890073
0.3 
128.42540654649594 113.86865945761207
146.88821215694588 119.2187296067148
161.3416936554502 106.07068675858136
128.42540654649594 113.86865945761207
161.3416936554502 106.07068675858136
144.35627955816327 92.89208306528528
0.3 
281.1370114119324 27.992706587732428
314.9574734240825 20.729780771603206
336.51894364271266 0.5
281.1370114119324 27.992706587732428
336.51894364271266 0.5
300.6064212830686 0.5
0.7523295320035591 
283.30577534803285 104.53296226563828
300.68973299985214 82.81565045449022
304.2298506304555 63.06213635042435
283.30577534803285 104.53296226563828
304.2298506304555 63.06213635042435
280.65237305529206 78.81129375467957
0.3 
57.81352178623884 23.768238530659016
75.46623116001565 41.031446241196605
79.79942381679088 20.232172945395536
57.81352178623884 23.768238530659016
79.79942381679088 20.232172945395536
57.39022995747901 1.1018945814337897
0.38726918411418776 
139.6520826630183 139.5
166.76493393793604 139.5
161.76572637268484 107.03680980381183
139.6520826630183 139.5
161.76572637268484 107.03680980381183
147.43913579472166 120.0694225211158
0.7327833874549695 
261.1740443190969 139.5
281.59918121512777 139.5
282.41154156472516 106.68370140441796
261.1740443190969 139.5
282.41154156472516 106.68370140441796
262.06859149750994 118.611130194545
0.5463794549944444 
390.06560270832324 36.51006459237276
413.7382034844592 53.57888080745094
405.821986519534 24.95885509176631
390.06560270832324 36.51006459237276
405.821986519534 24.95885509176631
391.10325736003904 1.6507613798543055
0.3 
106.53493085258133 49.16572774295509
129.9388115065335 58.80885789335392
121.25648929313569 35.50399897658627
106.53493085258133 49.16572774295509
121.25648929313569 35.50399897658627
99.81339192506528 30.87077161620703
0.3 
114.16355078990138 98.00352293401768
127.55986667511489 113.35492740495664
143.4776280766906 92.3956153954739
114.16355078990138 98.00352293401768
143.4776280766906 92.3956153954739
109.58921247574133 77.93729803634047
0.3 
438.62820819494357 139.5
463.014635830276 139.5
451.67609738613623 103.3805369211786
438.62820819494357 139.5
451.67609738613623 103.3805369211786
427.87843902985276 105.18129812078006
0.7671384020104928 
189.9213160977924 138.7324400328574
202.7238752228479 115.9477094065458
202.07122584232377 95.44334433819716
189.9213160977924 138.7324400328574
202.07122584232377 95.44334433819716
183.0097202129507 115.89977899492484
0.5816532469956704 
259.99869089009064 30.24606749135419
284.97197133567346 49.667237815329074
279.4919736876041 28.833286337871964
259.99869089009064 30.24606749135419
279.4919736876041 28.833286337871964
277.52647329273407 1.5902277425633038
0.3308098961404365 
533.3176816686567 114.3158201981936
558.9592318656154 109.26077323744221
536.0845661107566 87.35327319945735
533.3176816686567 114.3158201981936
536.0845661107566 87.35327319945735
508.68040760783606 103.47712791456625
0.38073868171177605 
311.1149781136163 41.022592531625925
342.90973771697077 26.5413898398513
315.20807549748224 21.698762885085657
311.1149781136163 41.022592531625925
315.20807549748224 21.698762885085657
281.6670526228193 28.90167929847631
0.3 
316.2702864278284 20.8692868806099
344.3856062705646 25.784226808528985
365.1594659566729 0.5
316.2702864278284 20.8692868806099
365.1594659566729 0.5
337.98044618732035 0.5
0.8701133195224702 
326.27048013365646 119.59880582187387
343.9045945533923 139.19481798515764
360.3703489832932 115.32949748296076
326.27048013365646 119.59880582187387
360.3703489832932 115.32949748296076
348.12907431293513 98.47480043207595
0.5172745806539367 
46.13820372421577 139.5
70.50919432695397 139.5
68.76067875222773 113.15401778686287
46.13820372421577 139.5
68.76067875222773 113.15401778686287
48.23842079729583 102.89240827872356
0.549934425351356 
0.5 91.92193711877133
26.369673350666964 98.94131615461433
28.026201192891023 75.50111303315867
0.5 91.92193711877133
28.026201192891023 75.50111303315867
0.5 66.55774555862409
0.6665363863737965 
21.058690368851384 119.74128021862168
45.164938626301804 139.00533839480696
47.25666030102282 102.54582473585296
21.058690368851384 119.74128021862168
47.25666030102282 102.54582473585296
27.1789156751957 100.12923373179707
0.6035018415057785 
222.23026155194992 139.21186970686614
238.66438710683667 119.83736813671044
223.9206471400788 101.99480077984337
222.23026155194992 139.21186970686614
223.9206471400788 101.99480077984337
203.94760799033145 116.17349387352039
0.7331224955193233 
71.5113942261776 139.5
99.06883756138748 139.5
102.94431862402357 120.23733604973208
71.5113942261776 139.5
102.94431862402357 120.23733604973208
69.78293482204138 113.45621670419935
0.6986726040389186 
131.71060643955786 58.57363917382138
158.3288944694892 42.40546590955428
167.18921971430535 23.46358057787836
131.71060643955786 58.57363917382138
167.18921971430535 23.46358057787836
142.05598802083733 27.428101893611366
0.3 
313.77128707671585 139.5
342.8339385922291 139.5
325.35551066627113 120.0769953579964
313.77128707671585 139.5
325.35551066627113 120.0769953579964
299.37139700482925 120.35790185648568
0.7208869493632971 
36.227301279320564 44.76779135300434
45.6709070881254 62.073825535589506
74.98483709741362 41.95937247973026
36.227301279320564 44.76779135300434
74.98483709741362 41.95937247973026
57.31291446611182 24.677375446351252
0.3499 
495.21627198703095 119.60179063545382
526.2569942801641 139.2138227050245
532.6669098661254 115.12201782778675
495.21627198703095 119.60179063545382
532.6669098661254 115.12201782778675
507.7331757439142 104.15290367314144
0.685499293793249 
439.8957777475324 23.688931126820563
452.2503365147002 40.05719205838798
463.19411966604986 21.694411044906275
439.8957777475324 23.688931126820563
463.19411966604986 21.694411044906275
451.54213170094147 1.0532426438827684
0.5252404810321558 
282.5994875678418 139.5
312.5199280331911 139.5
298.0062587926269 120.20665264537081
282.5994875678418 139.5
298.0062587926269 120.20665264537081
283.4063673341027 106.90509633012474
0.8400129409401546 
310.3465383559483 101.55000063990704
325.00574650495497 118.17200025873194
323.36402810596394 85.12435639270385
310.3465383559483 101.55000063990704
323.36402810596394 85.12435639270385
301.97207833959135 83.58854336907639
0.3 
508.0479417484303 102.68900251953586
535.4715005326062 86.55373321140591
521.4909931550098 62.934974165901
508.0479417484303 102.68900251953586
521.4909931550098 62.934974165901
507.2074747413037 83.62464056406982
0.3 
452.34277222389744 102.40706327320345
474.64852746487566 107.21899135566078
473.09139167329505 85.56323909090825
452.34277222389744 102.40706327320345
473.09139167329505 85.56323909090825
441.8323426678464 86.03367425871744
0.4216 
141.8698304976177 26.44510187457471
167.2516524702919 22.441367875299175
154.88181215723523 0.49999999999999645
141.8698304976177 26.44510187457471
154.88181215723523 0.49999999999999645
118.85115263866811 0.49999999999999645
0.87035105491139 
188.87713802628417 21.423677609835927
206.6904941374891 32.72753416030069
230.51119551987782 20.419634367828394
188.87713802628417 21.423677609835927
230.51119551987782 20.419634367828394
211.02973641793483 0.6975753418393964
0.6387763135010478 
69.98914389887423 111.94824575572952
93.15086899262542 101.48691242705661
85.48146874914468 76.96085027295068
69.98914389887423 111.94824575572952
85.48146874914468 76.96085027295068
74.84569196895949 93.36573096510676
0.3255 
231.6190780124745 20.11822616083746
258.3540197008988 29.491261145026822
244.16628833253688 0.5000000000000001
231.6190780124745 20.11822616083746
244.16628833253688 0.5000000000000001
212.24018506314377 0.5000000000000034
0.732977746575727 
372.6168550474772 139.2963477567813
406.7241477445309 119.88643942675793
383.61283158920907 104.62697803832008
372.6168550474772 139.2963477567813
383.61283158920907 104.62697803832008
361.6406978830571 115.55339340284473
0.6903169212037716 
29.91177481722494 74.77460236064837
58.833317154701376 77.55164312046372
74.55468144641333 43.46731374759268
29.91177481722494 74.77460236064837
74.55468144641333 43.46731374759268
45.78596518264849 63.2076553729387
0.3 
184.65243575539125 41.04577133418697
205.55039854280798 33.18841004144302
187.93392539936244 22.00948990446985
184.65243575539125 41.04577133418697
187.93392539936244 22.00948990446985
169.0834698925035 23.255251642103364
0.37362719863105437 
482.7371563332706 48.62196019627561
485.108973591825 22.345201733226904
491.06341782896675 1.3187082679590567
482.7371563332706 48.62196019627561
491.06341782896675 1.3187082679590567
464.4511417117991 21.809435575247413
0.443118004789059 
536.3447306884817 86.06578917212532
559.2022087722969 73.986512017874
537.8768186400623 50.045335635191805
536.3447306884817 86.06578917212532
537.8768186400623 50.045335635191805
522.1790342655612 62.134170562854685
0.3719721019628673 
538.3986647552613 47.93300939875111
559.4052507262736 20.217803382825778
548.8155281486157 1.0162047591394447
538.3986647552613 47.93300939875111
548.8155281486157 1.0162047591394447
537.5893296488242 20.40779759584828
0.5327184282802235 
122.11964658575593 34.95646290705214
130.7801113602459 58.2026526662476
141.11200400135533 27.097724839215854
122.11964658575593 34.95646290705214
141.11200400135533 27.097724839215854
118.4095885004126 1.509092573706468
0.5440825018595247 
464.6705184902739 138.75903125779317
494.1339574996308 119.34912196941127
506.405806769517 104.20269152052718
464.6705184902739 138.75903125779317
506.405806769517 104.20269152052718
475.56319566470506 108.30384970016989
0.6060501488280439 
367.8344170860024 30.37689846924949
389.07698908609973 36.11266679243769
390.1370690633698 0.5
367.8344170860024 30.37689846924949
390.1370690633698 0.5
366.7361092831678 0.5
0.6412487575266759 
7.499821950669421 139.5
44.182095457098626 139.5
20.346268514592964 120.45204396826881
7.499821950669421 139.5
20.346268514592964 120.45204396826881
0.7122686035553087 124.11487857526467
0.8684227993403578 
167.7767218733025 139.5
189.10884993542996 139.5
182.03314552414454 116.12520160042843
167.7767218733025 139.5
182.03314552414454 116.12520160042843
162.75645435005717 106.90005344533627
0.5948210091737395 
415.4102585281553 54.59940538040094
439.7564844172254 64.23645482922325
451.7108908359993 41.002402034691094
415.4102585281553 54.59940538040094
451.7108908359993 41.002402034691094
439.2972035646181 24.555803154865178
0.3 
384.3343092262102 103.90503224062233
407.1178820750187 118.94809806346595
405.6437158116592 95.36670954001377
384.3343092262102 103.90503224062233
405.6437158116592 95.36670954001377
401.74004968697005 76.62512348088428
0.3 
138.66224416891936 139.2817212554135
146.34820715662585 120.10338809052871
127.57401571608874 114.66308593283786
138.66224416891936 139.2817212554135
127.57401571608874 114.66308593283786
104.88322974274331 120.04111043037706
0.7640069948704844 
0.5 123.13722580620644
20.091968921099358 119.48223231998115
26.19362052233241 99.92970461716229
0.5 123.13722580620644
26.19362052233241 99.92970461716229
0.5 92.95809508794048
0.8311843422673298 
76.35722477316014 41.657736122111665
105.34722541433933 48.832709840056324
98.62632921938102 30.539503128742986
76.35722477316014 41.657736122111665
98.62632921938102 30.539503128742986
80.70165322630525 20.80453113716036
0.3 
521.5518225457125 61.35502384289505
537.1593385383101 49.335704430414715
514.8763083076996 29.32849126264908
521.5518225457125 61.35502384289505
514.8763083076996 29.32849126264908
503.46920540344706 44.73065183423481
0.3 
204.1566085412995 63.37726498672335
225.7468558760872 71.65733845703618
226.4302314259723 43.24128686785279
204.1566085412995 63.37726498672335
226.4302314259723 43.24128686785279
207.0917762890309 34.059648641496295
0.3 
527.2156427192118 139.5
559.5 139.5
559.5 135.2491915420174
527.2156427192118 139.5
559.5 135.2491915420174
533.5523624581366 115.68330327995663
0.8470240794034324 
162.38232861598829 105.61239627282819
181.65079410730678 114.83360790471029
173.97840132573077 88.80028139487547
162.38232861598829 105.61239627282819
173.97840132573077 88.80028139487547
145.51758178535192 92.52741561850151
0.3 
354.99337224744176 47.51579758290481
366.84245990759547 30.614058992087955
365.76619470198085 1.3367778955254686
354.99337224744176 47.51579758290481
365.76619470198085 1.3367778955254686
345.17281428946916 26.401340233570615
0.6048501355138096 
1.267249252847762 34.27884345472105
35.46723779552464 44.11073857318739
56.16711038053488 24.387857110669806
1.267249252847762 34.27884345472105
56.16711038053488 24.387857110669806
23.130111061871013 21.620991097871876
0.3 
253.30123088932748 57.38724143791239
279.795791756396 77.68158223849713
285.27868797454585 51.17256490868304
253.30123088932748 57.38724143791239
285.27868797454585 51.17256490868304
259.64260189432747 31.23594523675422
0.3 
70.85452897379028 112.65465166529398
103.2478245531796 119.27870585527104
112.84066305262105 98.89765780631217
70.85452897379028 112.65465166529398
112.84066305262105 98.89765780631217
93.90893329291511 102.24179134076533
0.32893289286237093 
182.67962780498112 114.78715476592126
201.87663541468925 94.18530203674554
183.74157342470934 70.79843449469149
182.67962780498112 114.78715476592126
183.74157342470934 70.79843449469149
174.8729063419014 88.29803532097765
0.3779 
298.56895849823115 119.36651834578593
324.47885023209915 119.086414238406
309.7282633123496 102.36080070831002
298.56895849823115 119.36651834578593
309.7282633123496 102.36080070831002
284.0503908354267 106.13905388605866
0.5588899313137177 
404.4311508046878 139.5
437.5802982450307 139.5
426.95138135786897 105.5671197355495
404.4311508046878 139.5
426.95138135786897 105.5671197355495
408.1350523553226 120.1972080206102
0.6543946129794271 
334.5739800480491 51.41498985348437
354.17513461143835 48.12777012804041
344.34262089459975 26.987607583366373
334.5739800480491 51.41498985348437
344.34262089459975 26.987607583366373
312.3448997817369 41.56125087838773
0.3 
