58.21583516891458 25.35531111590494
26.86219152962298 23.658443374990252
46.192711517284955 41.46080501232218
0.3
312.14854143353034 42.83317599246284
295.12964300683853 69.5
324.859937238675 69.5
0.9760083999461631
59.25139829933405 25.639768271610016
47.375035306525966 41.548669921006315
73.3354735459465 38.03013360594542
0.3
312.41862633495595 40.88820132906527
327.25329545018576 25.99004731626824
305.4003619823412 21.023948096752175
0.4865271661279594
311.5643294158852 41.47205638905103
304.57847790532696 21.69954334636896
293.7138897123961 46.666520575516884
0.3
302.9069907978064 0.5
305.03009208075036 19.444520284525296
332.1917185043554 0.5
0.9648677122533907
470.2339433624515 33.8773345318192
487.726583726509 47.036083280393626
493.11527805177474 26.81495145906001
0.3
301.90073061599026 0.5
277.4841722906119 0.5
304.005714071464 19.28285416299893
0.8420224702642933
146.14827344428306 0.5
121.39873487360988 0.5
127.93483890459646 23.794137316483507
0.7228990191679749
386.5236014786957 69.5
418.19796325439995 69.5
406.6956241157912 42.6871694147102
0.8616654958193585
430.67348599831445 47.79232094981097
446.0975280251576 68.75697082432576
449.76032522214314 47.436500856653154
0.7108270902199277
603.3743482859702 45.43830324651114
608.0935081961067 22.4393238024247
588.1019851514976 27.204065103357532
0.3
490.5363214111059 0.5
494.1655359765438 24.92011149207387
515.2974144042396 0.5
0.9493563464851866
563.8838154471337 69.5
540.144134230567 46.80599530882389
542.1533404371007 69.5
0.7775856807773135
552.0256795504412 27.079865007329985
544.650542607197 1.2080570316717036
528.1856429819463 27.105913956734696
0.7582297428875974
195.94491260758826 44.828574267394686
218.34204666212796 45.86198562089129
218.32173608237994 24.49893850953804
0.5083821314130287
247.86040360026544 0.5
242.64922993313496 19.654258777373972
274.12937595705057 0.5
0.8654695801616145
219.37836978185692 0.5000000000000036
241.56441997360736 19.83238381609651
246.8240549527644 0.5000000000000036
0.8697972584564534
239.84188710730697 69.5
260.74585174416785 69.5
239.52315013090805 42.82560639539308
0.9351543313956651
629.5 0.5
610.732455804364 0.5
629.5 10.305084425918803
0.7781493969577229
142.36294621569024 69.5
169.89087781373493 69.5
166.44357698319325 48.189668530680706
0.9437690609334336
0.5 69.5
13.05602770703867 69.5
0.5 66.50295808301345
0.8555782720215246
505.8584071155136 69.5
541.1494288933302 69.5
539.106726244854 46.427652653845314
0.8349832332417522
382.40342207618755 43.95565632899405
398.9662003375566 22.35636214904066
367.2419121668645 29.1548777130598
0.3
217.55982934541504 0.49999999999999645
181.42426167555556 0.49999999999999645
218.29052231174745 22.47209234603347
0.9800421975283324
468.253437778647 32.99972012490478
452.46885253191755 1.022470393039569
436.3391004554063 26.642316970650207
0.4776820893671818
395.2966454990177 0.5
400.47280481764886 20.67549460378533
423.7468288230452 0.5
0.8977750385443904
103.6775745995744 36.546738557284534
134.98902857900748 48.714864227231025
127.41981149501434 25.570051000885353
0.3600546698957209
102.25941806299657 37.7401434262247
82.08389578329363 69.5
112.91358244296234 69.5
0.8489295959016051
167.14188262803927 46.68798673375563
193.725281360105 44.8397289590613
179.84171824554699 27.52473524622175
167.14188262803927 46.68798673375563
179.84171824554699 27.52473524622175
160.18510297728943 26.179993595896534
0.4469309528657243 
574.4809439583028 46.7813346270689
602.6067981344002 46.07929376762038
586.9698395615443 27.40975167111977
574.4809439583028 46.7813346270689
586.9698395615443 27.40975167111977
553.9510593674054 28.054569498472624
0.32519794409436625 
86.8010229423446 19.634764353888407
101.52717676142797 34.95706697473785
93.90288884728673 0.5
86.8010229423446 19.634764353888407
93.90288884728673 0.5
58.501688378742756 0.5
0.7791866178823593 
446.9845275193198 69.5
476.20935566898027 69.5
468.8186303402141 34.53392089262466
446.9845275193198 69.5
468.8186303402141 34.53392089262466
450.81310060440575 47.21457902534334
0.6124812495605427 
219.34236716187783 46.19861787666814
238.83157372719907 68.64287037036395
238.50841740643608 41.59863159632041
219.34236716187783 46.19861787666814
238.50841740643608 41.59863159632041
219.32172514213124 24.486955984643682
0.3 
59.32716572165494 24.371270986834983
85.17737901330766 19.74406777055117
56.71639030545419 0.5000000000000034
59.32716572165494 24.371270986834983
56.71639030545419 0.5000000000000034
32.74007954927531 0.5000000000000001
0.7610106852282884 
0.5 65.47486539448711
16.87156275338133 69.38265064021047
19.840816928983553 43.367265763328575
0.5 65.47486539448711
19.840816928983553 43.367265763328575
0.49999999999999645 26.53286154323305
0.7222693945587596 
53.689878879138334 69.5
80.89918252752322 69.5
101.45048795287484 37.14859399106334
53.689878879138334 69.5
101.45048795287484 37.14859399106334
74.76273646602374 38.86186290995175
0.8206417333982952 
313.21864701685956 41.50199981551456
348.11955228327497 48.72282659521031
347.40123823995566 21.251624582716122
313.21864701685956 41.50199981551456
347.40123823995566 21.251624582716122
328.5028888267675 26.15234916378089
0.3156028563005971 
587.4636371224221 26.32819751505473
608.2402382393078 21.376342210497146
608.1966938252544 0.5
587.4636371224221 26.32819751505473
608.1966938252544 0.5
574.0830151228689 0.5
0.8256828228988292 
18.547274503716643 69.5
52.47617938760846 69.5
73.43642265429015 39.025594523781464
18.547274503716643 69.5
73.43642265429015 39.025594523781464
46.49042428141236 42.677708288046574
0.5253391222062217 
348.2179202905064 20.211412134896214
365.77606194597246 28.110894095128373
367.68169288723766 0.5
348.2179202905064 20.211412134896214
367.68169288723766 0.5
334.730572725594 0.5
0.545273359482011 
477.23144989860066 69.5
503.27337874357215 69.5
487.6593086885058 48.2368241819245
477.23144989860066 69.5
487.6593086885058 48.2368241819245
469.91586348847113 34.8894087853847
0.8081619623248707 
349.1211039410327 48.76909648150899
381.3762906796545 44.350453975075965
365.9395525285935 29.280995504748557
349.1211039410327 48.76909648150899
365.9395525285935 29.280995504748557
348.4052568859496 21.39224196622572
0.3 
17.95834715665916 68.67916398747926
45.53187178151087 42.211670991938675
25.77744650596486 24.018915550420143
17.95834715665916 68.67916398747926
25.77744650596486 24.018915550420143
20.860301725208622 43.25343061093932
0.44584561325416466 
469.4106738141775 33.08488903678054
493.2733704896415 25.71960605135134
489.5253383954441 0.4999999999999999
469.4106738141775 33.08488903678054
489.5253383954441 0.4999999999999999
453.3261461243635 0.499999999999993
0.7720187763135793 
564.942696835521 69.12882233045545
573.6987955813546 47.42141616845494
552.7620985980866 28.323568577626833
564.942696835521 69.12882233045545
552.7620985980866 28.323568577626833
540.1915501307599 45.46790480145943
0.4976877422035535 
494.883558669651 25.618569945744774
527.0081401991538 27.09414165290802
543.9157119029373 0.5000000000000001
494.883558669651 25.618569945744774
543.9157119029373 0.5000000000000001
516.6198462596292 0.5000000000000034
0.5996533307215028 
401.3341670685913 21.252234756273165
435.28044542243435 26.446906529393164
451.61610801915214 0.5
401.3341670685913 21.252234756273165
451.61610801915214 0.5
425.27350631990765 0.5
0.8513117431125018 
136.34746783556682 49.713723715839585
141.32431417351424 69.08379884999621
166.21188969588877 47.059355679460694
136.34746783556682 49.713723715839585
166.21188969588877 47.059355679460694
159.25694337365607 26.556767037724267
0.6155873854447541 
219.31326977335033 23.139490180685947
238.63798514846442 40.37426187721912
241.30537446704017 20.933042247769855
219.31326977335033 23.139490180685947
241.30537446704017 20.933042247769855
218.5813970314093 1.1319217320828159
0.7100425926548692 
261.87591617984634 69.31419627285263
291.7148080475854 47.636659747401225
258.6966702911254 37.893355529381836
261.87591617984634 69.31419627285263
258.6966702911254 37.893355529381836
239.90555633903978 41.70008584016542
0.37581587887393453 
510.5019897454035 40.925871862611245
539.3025180753408 44.989232006888514
551.7005217663245 28.080220889750873
510.5019897454035 40.925871862611245
551.7005217663245 28.080220889750873
527.4427328688001 28.106726298576323
0.36506098780978735 
159.79530722816145 25.150989676321718
179.58491139045773 26.504829317445658
179.11760035655882 0.4999999999999965
159.79530722816145 25.150989676321718
179.11760035655882 0.4999999999999965
147.96836908994993 0.49999999999999994
0.7597152553905319 
488.7354286249007 47.133851668763796
509.00892065862 40.80165026219929
525.8698363292312 28.042910533363347
488.7354286249007 47.133851668763796
525.8698363292312 28.042910533363347
494.21046846798214 26.588707388652207
0.3 
565.8712639844053 69.5
594.2228105650321 69.5
602.9186648704663 47.07182082686577
565.8712639844053 69.5
602.9186648704663 47.07182082686577
574.6333128185686 47.77784286409849
0.6939660554873086 
180.59147761398015 26.861240831332942
194.77038514647768 44.54457563194292
217.9847727528719 23.454001944781563
180.59147761398015 26.861240831332942
217.9847727528719 23.454001944781563
180.1247637178877 0.8896409170268846
0.34335646790133406 
305.840518646312 20.098477647732178
328.2372557223753 25.188156737123347
347.0699067309286 20.304469082379047
305.840518646312 20.098477647732178
347.0699067309286 20.304469082379047
333.6548521726516 0.6987113203239659
0.6047759922095077 
366.7699922922993 28.233305649328393
399.5757610230174 21.203028780533526
394.26425925065723 0.49999999999999994
366.7699922922993 28.233305649328393
394.26425925065723 0.49999999999999994
368.6840717555301 0.4999999999999965
0.7467053512685969 
0.5 25.20711258285121
20.08387478653595 42.253076337268965
24.941261137887526 23.252319781253316
0.5 25.20711258285121
24.941261137887526 23.252319781253316
0.5 1.1270585476467652
0.5592367718334456 
609.240473262024 21.487975396442245
629.5 33.680736631941095
629.5 11.43333658855017
609.240473262024 21.487975396442245
629.5 11.43333658855017
609.197376504479 0.8262515396968215
0.6218884808919801 
239.59685642295565 40.74230940535978
258.37095700028215 36.93902568797925
274.7749069652643 1.2777862975601515
239.59685642295565 40.74230940535978
274.7749069652643 1.2777862975601515
242.30047648742618 21.037022628541486
0.643706371324425 
136.01327890542024 48.62965009555025
158.86737344336362 25.528672674534786
147.0715878445023 0.9426145060081161
136.01327890542024 48.62965009555025
147.0715878445023 0.9426145060081161
128.2783875069623 24.97824536546783
0.42246152156306616 
207.22389879283284 69.5
238.25146127962097 69.5
218.6054823134989 46.87520453058975
207.22389879283284 69.5
218.6054823134989 46.87520453058975
195.53621504609347 45.81078072293065
0.6324749210010021 
102.75383450846114 35.87210723603188
127.12379679906515 24.605205005915217
120.36011521402396 0.5
102.75383450846114 35.87210723603188
120.36011521402396 0.5
94.92707636055766 0.5
0.514557255846712 
113.96834946592493 69.5
140.39877047036669 69.5
135.37226596039565 49.93665337265129
113.96834946592493 69.5
135.37226596039565 49.93665337265129
103.21320904395847 37.43913581108405
0.7634274420557249 
382.97824038774525 44.849406404492335
385.868748342823 68.70706766583044
406.25824098859727 41.605174024991406
382.97824038774525 44.849406404492335
406.25824098859727 41.605174024991406
400.0104925876721 22.637877637520354
0.6156974592830421 
553.0631944726091 27.07171778328355
586.3854729328937 26.420972992807563
572.9567874322805 0.5
553.0631944726091 27.07171778328355
572.9567874322805 0.5
545.4885380105122 0.5
0.720074870842369 
170.90387754103455 69.5
206.1088115661196 69.5
194.41301018467192 45.794327468993984
170.90387754103455 69.5
194.41301018467192 45.794327468993984
167.37321007979736 47.67431735567962
0.7862677401321799 
504.37575155843297 69.31168373373586
538.1953180079149 45.842924871570645
509.28276790351873 41.763759988977
504.37575155843297 69.31168373373586
509.28276790351873 41.763759988977
488.8362196145647 48.150013606230694
0.568280618931326 
430.36544503622093 46.797889751509096
450.19289306508364 46.428263103430865
467.9097527688018 33.950905070392984
430.36544503622093 46.797889751509096
467.9097527688018 33.950905070392984
435.8825640150843 27.571021673706646
0.3 
595.2953434651274 69.5
629.5 69.5
629.5 65.26027978016401
595.2953434651274 69.5
629.5 65.26027978016401
603.8916201967194 47.328649378646446
0.8669978347793418 
263.32154767748017 69.5
293.943343918573 69.5
311.075443416418 42.655801818986944
263.32154767748017 69.5
311.075443416418 42.655801818986944
293.05345430617905 47.90018675050858
0.5357642244794403 
407.2031125335196 41.27735418864108
429.35024216563073 46.71023447493783
434.8915591893205 27.399037489710828
407.2031125335196 41.27735418864108
434.8915591893205 27.399037489710828
400.91923682020547 22.200380298525797
0.4126267511509882 
356.4381530322272 69.5
384.9575044598678 69.5
382.0220465876345 45.27133131924268
356.4381530322272 69.5
382.0220465876345 45.27133131924268
349.3158109253652 49.75176308030502
0.6474951485690055 
74.66309303895896 37.86620120414668
101.2931020324152 36.15663917001704
86.30199313718043 20.558655478088355
74.66309303895896 37.86620120414668
86.30199313718043 20.558655478088355
60.283617778510404 25.215959802188202
0.32802791613692717 
259.4148181738868 37.062643170778784
291.8387472741063 46.63060268130937
282.70280123193083 29.207979190344926
259.4148181738868 37.062643170778784
282.70280123193083 29.207979190344926
275.77301914162126 1.50085945696188
0.3651316901818127 
25.70445821213719 22.594323101106102
57.78496447184694 24.33052884518412
31.243255641608688 0.4999999999999999
25.70445821213719 22.594323101106102
31.243255641608688 0.4999999999999999
1.2973737091638498 0.49999999999999656
0.5548597217163024 
325.96773623114655 69.5
355.3751038551493 69.5
348.26047952241277 49.77316228152762
325.96773623114655 69.5
348.26047952241277 49.77316228152762
313.0965289609619 42.4979127154839
0.5526521874839901 
419.28609436529155 69.5
445.402704384478 69.5
429.40293365039423 47.752808769010606
419.28609436529155 69.5
429.40293365039423 47.752808769010606
407.66977802004914 42.421479845377704
0.5369194032913661 
283.6439238701421 28.849414384696864
292.7881236006275 46.28777799750207
304.00616630461946 20.508557306154128
283.6439238701421 28.849414384696864
304.00616630461946 20.508557306154128
276.72561390950693 1.188163289943713
0.6541468947591245 
604.211793219838 46.332057902982044
629.5 64.0394951162072
629.5 34.847868836070354
604.211793219838 46.332057902982044
629.5 34.847868836070354
609.088796401245 22.563824138112146
0.8961674443986587 
