38.86 16.139999999999993
39.77 8.280000000000001
48.09 15.839999999999996
48.09 15.839999999999996
39.77 8.280000000000001
49.65 9.099999999999994
35 80 109
28.52 16.699999999999996
37.21 7.700000000000003
37.53 16.139999999999993
48 97 117
27.99 15.529999999999994
26.57 8.280000000000001
35.9 7.420000000000002
62 117 137
50.31 50.0
50.91 34.559999999999995
53.09 34.559999999999995
50.31 50.0
53.09 34.559999999999995
55.06 50.019999999999996
128 60 125
24.5 48.42
22.72 35.769999999999996
28.18 35.62
24.5 48.42
28.18 35.62
28.37 48.36
132 77 119
29.67 73.16
22.29 64.72999999999999
48.1 62.92999999999999
29.67 73.16
48.1 62.92999999999999
47.63 73.16
157 95 162
21.78 63.67999999999999
17.29 54.53999999999999
28.53 63.16
28.53 63.16
17.29 54.53999999999999
20.0 48.36
164 102 169
48.46 73.16
50.21 50.8
58.53 50.53999999999999
168 107 172
48.3 38.699999999999996
38.1 17.519999999999996
49.47 17.189999999999998
170 44 44
29.91 36.5
27.01 18.019999999999996
35.28 35.69
48.09 40.779999999999994
35.28 35.69
36.83 17.519999999999996
36.83 17.519999999999996
35.28 35.69
27.01 18.019999999999996
49.03 38.18
50.39 20.129999999999995
55.54 22.189999999999998
187 73 74
29.74 62.79
22.31 49.67
40.0 49.28999999999999
29.74 62.79
40.0 49.28999999999999
46.23 61.75
198 145 193
40.69 7.310000000000002
40.74 5.0
47.86 7.840000000000003
47.86 7.840000000000003
40.74 5.0
48.61 5.0
215 179 143
48.09 61.92
35.72 37.269999999999996
49.03 42.86
28.92 7.459999999999994
27.42 5.0
35.9 5.0
28.92 7.459999999999994
35.9 5.0
35.89 6.859999999999999
218 188 155
29.42 48.36
29.37 37.949999999999996
34.22 37.199999999999996
29.42 48.36
34.22 37.199999999999996
39.67 48.19
220 181 143
