10.32 0.42
12.97 -0.67
12.29 2.35
0.566 0.22
10.37 8.08
7.86 8.97
8.54 6.46
0.501 0.072
5.02 10.06
6.51 11.83
4.14 11.9
0.965 0.501
16.13 15.87
16.99 14.04
18.44 15.95
0.041 0.631
16.85 20.96
17.99 22.49
16.36 22.71
0.23 0.315
4.43 18.06
5.9 16.92
6.29 18.67
0.176 0.609
3.52 -1.09
3.95 -1.66
4.27 -0.89
0.742 0.124
-0.52 4.74
-2.19 6.63
-3.18 4.57
0.977 0.346
-1.57 1.43
-2.29 2.46
-2.84 1.5
0.004 0.298
0.31 19.93
-1.06 18.04
1.54 17.64
0.727 0.456
-3.55 0.68
-2.83 -0.06
-2.59 1.04
0.975 0.145
21.5 14.61
20.88 13.94
21.89 13.64
0.198 0.759
23.64 0.21
21.4 1.41
21.34 -0.78
0.7 0.994
22.72 6.56
23.85 4.92
24.82 6.47
0.583 0.656
15.49 16.16
14.63 15.09
16.01 15.06
0.522 0.295
20.19 5.26
18.28 3.38
20.71 2.24
0.367 0.395
12.53 11.17
14.59 9.06
15.03 12.03
0.131 0.474
1.58 6.72
0.74 9.49
-1.55 7.59
0.878 0.135
-3.83 -0.26
-4.38 -2.07
-2.46 -1.83
0.428 0.075
-0.15 21.2
-0.36 22.18
-1.05 21.54
0.876 0.699
15.08 19.95
14.52 22.75
12.53 21.16
0.992 0.789
-2.21 21.53
-4.77 20.66
-2.64 18.91
0.01 0.225
21.14 -1.06
20.35 1.12
19.01 -0.6
0.884 0.687
15.63 6.76
14.28 7.39
14.59 5.72
0.603 0.089
21.35 21.47
22.24 24.56
19.51 23.36
0.925 0.271
7.66 18.92
6.69 19.68
6.39 18.56
0.891 0.11
9.4 5.25
9.24 6.11
8.48 5.56
0.38 0.876
17.94 13.81
17.12 13.63
17.83 13.03
0.611 0.398
22.96 4.75
22.9 3.88
23.73 4.2
0.693 0.709
11.6 11.53
9.87 10.43
11.78 9.16
0.89 0.713
1.16 15.99
1.66 16.04
1.32 16.46
0.055 0.838
24.18 -2.86
24.46 -2.1
23.63 -2.15
0.219 0.044
19.73 -2.29
19.18 -4.24
20.88 -3.53
0.867 0.108
20.91 10.75
18.47 10.3
19.94 8.24
0.147 0.603
4.71 0.36
5.75 -1.74
7.47 0.24
0.837 0.576
-4.39 5.19
-3.12 4.95
-3.48 6.35
0.469 0.448
2.21 19.32
3.01 20.97
0.95 21.11
0.256 0.498
-4.59 11.68
-2.24 10.41
-2.37 12.73
0.848 0.248
7.73 5.06
6.88 5.8
6.6 4.78
0.195 0.285
13.8 1.68
13.18 0.15
14.53 0.36
0.231 0.164
19.21 -3.37
18.71 -1.57
17.49 -3.16
0.32 0.586
11.66 6.94
11.49 4.63
13.37 5.85
0.244 0.557
8.3 8.92
9.83 10.08
7.87 11.1
0.563 0.229
23.21 23.28
21.97 21.96
23.83 21.23
0.554 0.12
7.8 14.42
7.91 16.28
5.86 15.41
0.772 0.441
11.75 22.21
13.58 23.03
11.73 24.15
0.317 0.588
17.04 -2.93
18.27 -0.45
15.12 -0.43
0.417 0.767
22.94 14.74
22.64 17.49
20.27 15.45
0.126 0.634
14.07 14.37
15.06 12.94
15.74 14.42
0.61 0.727
11.11 2.81
11.83 2.88
11.4 3.57
0.686 0.217
9.64 19.66
9.24 17.29
11.55 17.94
0.2 0.233
3.36 1.97
3.15 -0.03
5.12 1.07
0.293 0.7
3.86 -1.61
2.95 -2.44
4.03 -2.76
0.94 0.69
14.16 -1.92
13.78 -1.29
13.51 -2.02
0.307 0.266
1.84 14.74
1.99 12.55
4.04 13.88
0.403 0.537
-0.17 -0.83
0.56 -2.09
1.44 -0.84
0.071 0.947
-2.17 22.03
-1.7 24.27
-3.83 23.72
0.027 0.124
9.86 5.03
9.43 5.35
9.36 4.82
0.813 0.215
6.18 21.66
4.88 20.21
7.14 19.65
0.92 0.601
-1.77 12.61
-0.25 12.02
-0.34 13.65
0.822 0.3
6.0 6.71
6.22 8.11
5.06 7.52
0.131 0.144
8.64 2.38
8.7 -0.13
11.2 1.52
0.681 0.131
1.2 13.36
1.03 12.52
1.73 12.86
0.441 0.709
0.48 23.89
-1.17 24.17
-0.45 22.6
0.562 0.955
6.39 -2.92
5.21 -3.7
6.61 -4.15
0.2 0.879
14.58 17.52
13.54 17.02
14.58 16.15
0.558 0.998
-4.08 13.26
-3.6 12.97
-3.53 13.59
0.382 0.476
12.54 2.48
12.76 1.35
13.56 2.02
0.332 0.595
-1.54 8.59
-2.91 10.09
-3.27 8.29
0.835 0.848
7.65 19.57
8.43 21.34
6.82 21.25
0.519 0.292
22.55 24.22
22.0 23.38
22.87 23.26
0.42 0.706
11.04 15.63
11.46 14.02
12.61 15.21
0.374 0.897
23.97 10.03
21.31 9.95
22.79 8.03
0.546 0.633
10.67 5.06
10.8 6.31
9.7 5.99
0.453 0.956
3.87 4.22
5.39 2.02
6.4 4.88
0.869 0.948
7.06 12.51
7.95 12.08
7.89 13.19
0.144 0.598
10.49 15.32
11.04 16.72
9.69 16.39
0.464 0.54
-3.2 3.64
-3.91 4.67
-4.61 3.37
0.627 0.381
22.4 6.54
21.43 8.57
19.8 6.85
0.176 0.753
1.66 2.7
-1.24 2.22
0.92 0.2
0.91 0.026
8.03 23.83
8.46 22.47
9.47 23.62
0.137 0.797
15.36 6.89
16.38 8.02
14.82 8.65
0.556 0.901
16.74 11.49
16.12 9.85
17.58 10.11
0.635 0.532
13.84 6.11
13.54 5.38
14.48 5.53
0.764 0.718
24.1 4.3
23.61 4.12
24.02 3.78
0.955 0.026
4.4 16.6
3.01 15.23
5.07 14.34
0.386 0.966
21.21 17.63
20.85 16.67
21.84 16.94
0.805 0.779
21.67 3.96
22.0 2.95
22.66 3.67
0.106 0.133
7.68 22.81
5.65 24.66
4.82 22.03
0.916 0.318
17.18 21.35
18.66 19.5
19.76 21.46
0.485 0.864
14.39 -0.44
16.07 0.05
15.09 1.19
0.726 0.227
23.13 19.87
23.35 17.96
24.69 19.07
0.232 0.94
-2.06 -1.62
-3.69 -4.12
-1.07 -4.6
0.908 0.702
1.98 11.4
2.76 8.58
4.38 10.9
0.141 0.686
12.1 3.99
14.07 1.84
15.12 4.46
0.811 0.729
17.32 6.81
14.7 5.4
17.18 4.3
0.297 0.756
-3.97 14.48
-3.62 15.33
-4.42 15.12
0.049 0.801
-4.76 17.6
-4.7 16.2
-3.43 16.92
0.798 0.376
15.97 16.57
18.34 16.65
16.79 18.46
0.878 0.246
0.56 -3.17
-0.36 -3.6
0.62 -4.23
0.547 0.235
